33 0.1 0.1 0.3 0 18 19 1
p
0
30
1000 0 0
1007.21 74.1361 0
1014.42 148.272 0
1020.99 222.488 0
1026.88 296.775 0
1031.98 371.135 0
1036.22 445.568 0
1039.58 520.068 0
1042.24 594.59 0
1044.4 669.132 0
1046.12 743.691 0
1047.53 818.259 0
1048.73 892.833 0
1049.82 967.41 0
1050.86 1041.99 0
1051.95 1116.56 0
1053.16 1191.14 0
1054.55 1265.7 0
1056.21 1340.26 0
1058.22 1414.8 0
1060.67 1489.33 0
1063.64 1563.83 0
1067.25 1638.3 0
1071.61 1712.72 0
1076.87 1787.08 0
1083.07 1861.37 0
1089.83 1935.61 0
1096.6 2009.84 0
1103.24 2084.09 0
1109.68 2158.36 0
1115.87 2232.61 0
p
1
30
1200 0 0
1200.33 75.9443 0
1200.66 151.889 0
1200.84 227.822 0
1200.79 303.749 0
1200.42 379.669 0
1199.67 455.578 0
1198.5 531.472 0
1196.94 607.37 0
1195.02 683.262 0
1192.77 759.146 0
1190.22 835.023 0
1187.42 910.893 0
1184.41 986.757 0
1181.24 1062.62 0
1177.98 1138.47 0
1174.67 1214.32 0
1171.38 1290.18 0
1168.16 1366.03 0
1165.07 1441.89 0
1162.17 1517.76 0
1159.52 1593.63 0
1157.18 1669.51 0
1155.2 1745.4 0
1153.63 1821.3 0
1152.52 1897.2 0
1151.9 1973.11 0
1151.74 2049.02 0
1151.59 2124.93 0
1150.98 2200.85 0
1149.99 2276.79 0
p
2
30
1400 0 0
1396.79 72.8437 0
1393.57 145.687 0
1390.22 218.525 0
1386.71 291.355 0
1382.99 364.176 0
1379.06 436.985 0
1374.92 509.784 0
1370.62 582.573 0
1366.14 655.353 0
1361.53 728.125 0
1356.8 800.889 0
1351.96 873.648 0
1347.04 946.401 0
1342.07 1019.15 0
1337.05 1091.9 0
1332.01 1164.64 0
1326.98 1237.39 0
1321.97 1310.14 0
1317 1382.89 0
1312.09 1455.64 0
1307.26 1528.4 0
1302.54 1601.16 0
1297.94 1673.94 0
1293.49 1746.72 0
1289.21 1819.51 0
1285.1 1892.31 0
1281.21 1965.12 0
1277.54 2037.94 0
1274.12 2110.78 0
1270.92 2183.62 0
p
3
30
1600 0 0
1593.22 72.0385 0
1586.44 144.077 0
1579.66 216.116 0
1572.88 288.154 0
1566.1 360.193 0
1559.32 432.231 0
1552.54 504.27 0
1545.76 576.308 0
1538.98 648.347 0
1532.19 720.385 0
1525.41 792.424 0
1518.63 864.463 0
1511.85 936.501 0
1505.07 1008.54 0
1498.29 1080.58 0
1491.51 1152.62 0
1484.73 1224.66 0
1477.95 1296.69 0
1471.17 1368.73 0
1464.39 1440.77 0
1457.61 1512.81 0
1450.83 1584.85 0
1444.05 1656.89 0
1437.27 1728.93 0
1430.49 1800.96 0
1423.71 1873 0
1416.93 1945.04 0
1410.15 2017.08 0
1403.37 2089.12 0
1396.58 2161.16 0
p
4
30
1800 0 0
1792.51 72.7157 0
1785.03 145.431 0
1777.54 218.147 0
1770.05 290.863 0
1762.57 363.578 0
1755.08 436.294 0
1747.59 509.01 0
1740.11 581.726 0
1732.62 654.441 0
1725.13 727.157 0
1717.65 799.873 0
1710.16 872.588 0
1702.67 945.304 0
1695.19 1018.02 0
1687.7 1090.74 0
1680.21 1163.45 0
1672.73 1236.17 0
1665.24 1308.88 0
1657.75 1381.6 0
1650.27 1454.31 0
1642.78 1527.03 0
1635.29 1599.75 0
1627.81 1672.46 0
1620.32 1745.18 0
1612.83 1817.89 0
1605.35 1890.61 0
1597.86 1963.32 0
1590.37 2036.04 0
1582.89 2108.75 0
1575.4 2181.47 0
p
5
30
2000 0 0
1998.13 78.6645 0
1996.27 157.329 0
1994.4 235.994 0
1992.54 314.658 0
1990.67 393.323 0
1988.81 471.987 0
1986.94 550.652 0
1985.08 629.316 0
1983.21 707.981 0
1981.35 786.645 0
1979.48 865.31 0
1977.62 943.975 0
1975.75 1022.64 0
1973.89 1101.3 0
1972.02 1179.97 0
1970.16 1258.63 0
1968.29 1337.3 0
1966.42 1415.96 0
1964.56 1494.63 0
1962.69 1573.29 0
1960.83 1651.96 0
1958.96 1730.62 0
1957.1 1809.28 0
1955.23 1887.95 0
1953.37 1966.61 0
1951.5 2045.28 0
1949.64 2123.94 0
1947.77 2202.61 0
1945.91 2281.27 0
1944.04 2359.94 0
p
6
30
2200 0 0
2202.75 77.9084 0
2205.5 155.817 0
2208.26 233.725 0
2211.01 311.634 0
2213.76 389.542 0
2216.51 467.451 0
2219.26 545.359 0
2222.01 623.268 0
2224.77 701.176 0
2227.52 779.084 0
2230.27 856.993 0
2233.02 934.901 0
2235.77 1012.81 0
2238.52 1090.72 0
2241.28 1168.63 0
2244.03 1246.54 0
2246.78 1324.44 0
2249.53 1402.35 0
2252.28 1480.26 0
2255.03 1558.17 0
2257.79 1636.08 0
2260.54 1713.99 0
2263.29 1791.89 0
2266.04 1869.8 0
2268.79 1947.71 0
2271.54 2025.62 0
2274.3 2103.53 0
2277.05 2181.44 0
2279.8 2259.34 0
2282.55 2337.25 0
p
7
30
2400 0 0
2399.3 63.5192 0
2398.61 127.038 0
2397.91 190.558 0
2397.21 254.077 0
2396.52 317.596 0
2395.82 381.115 0
2395.12 444.634 0
2394.43 508.153 0
2393.73 571.673 0
2393.03 635.192 0
2392.34 698.711 0
2391.64 762.23 0
2390.94 825.749 0
2390.25 889.268 0
2389.55 952.788 0
2388.86 1016.31 0
2388.16 1079.83 0
2387.46 1143.35 0
2386.77 1206.86 0
2386.07 1270.38 0
2385.37 1333.9 0
2384.68 1397.42 0
2383.98 1460.94 0
2383.28 1524.46 0
2382.59 1587.98 0
2381.89 1651.5 0
2381.19 1715.02 0
2380.5 1778.54 0
2379.8 1842.06 0
2379.1 1905.58 0
p
8
30
2600 0 0
2601.03 68.4605 0
2602.06 136.921 0
2603.1 205.381 0
2604.13 273.842 0
2605.16 342.302 0
2606.19 410.763 0
2607.22 479.223 0
2608.26 547.684 0
2609.29 616.144 0
2610.32 684.605 0
2611.35 753.065 0
2612.38 821.526 0
2613.42 889.986 0
2614.45 958.447 0
2615.48 1026.91 0
2616.51 1095.37 0
2617.54 1163.83 0
2618.58 1232.29 0
2619.61 1300.75 0
2620.64 1369.21 0
2621.67 1437.67 0
2622.7 1506.13 0
2623.74 1574.59 0
2624.77 1643.05 0
2625.8 1711.51 0
2626.83 1779.97 0
2627.86 1848.43 0
2628.9 1916.89 0
2629.93 1985.35 0
2630.96 2053.81 0
p
9
30
2800 0 0
2804.06 77.742 0
2808.12 155.484 0
2812.19 233.226 0
2816.25 310.968 0
2820.31 388.71 0
2824.37 466.452 0
2828.43 544.194 0
2832.5 621.936 0
2836.56 699.678 0
2840.62 777.42 0
2844.68 855.162 0
2848.74 932.904 0
2852.81 1010.65 0
2856.87 1088.39 0
2860.93 1166.13 0
2864.99 1243.87 0
2869.05 1321.61 0
2873.12 1399.36 0
2877.18 1477.1 0
2881.24 1554.84 0
2885.3 1632.58 0
2889.36 1710.32 0
2893.43 1788.07 0
2897.49 1865.81 0
2901.55 1943.55 0
2905.61 2021.29 0
2909.67 2099.03 0
2913.74 2176.78 0
2917.8 2254.52 0
2921.86 2332.26 0
p
10
30
3000 0 0
3004.04 89.1601 0
3008.08 178.32 0
3012.12 267.48 0
3016.16 356.64 0
3020.2 445.8 0
3024.24 534.961 0
3028.29 624.121 0
3032.33 713.281 0
3036.37 802.441 0
3040.41 891.601 0
3044.45 980.761 0
3048.49 1069.92 0
3052.53 1159.08 0
3056.57 1248.24 0
3060.61 1337.4 0
3064.65 1426.56 0
3068.69 1515.72 0
3072.73 1604.88 0
3076.77 1694.04 0
3080.82 1783.2 0
3084.86 1872.36 0
3088.9 1961.52 0
3092.94 2050.68 0
3096.98 2139.84 0
3101.02 2229 0
3105.06 2318.16 0
3109.1 2407.32 0
3113.14 2496.48 0
3117.18 2585.64 0
3121.22 2674.8 0
p
11
30
3200 0 0
3199.08 82.3188 0
3198.17 164.638 0
3197.25 246.956 0
3196.33 329.275 0
3195.42 411.594 0
3194.5 493.913 0
3193.58 576.232 0
3192.67 658.55 0
3191.75 740.869 0
3190.84 823.188 0
3189.92 905.507 0
3189 987.826 0
3188.09 1070.14 0
3187.17 1152.46 0
3186.25 1234.78 0
3185.34 1317.1 0
3184.42 1399.42 0
3183.5 1481.74 0
3182.59 1564.06 0
3181.67 1646.38 0
3180.75 1728.69 0
3179.84 1811.01 0
3178.92 1893.33 0
3178 1975.65 0
3177.09 2057.97 0
3176.17 2140.29 0
3175.25 2222.61 0
3174.34 2304.93 0
3173.42 2387.25 0
3172.51 2469.56 0
p
12
30
3400 0 0
3400.46 69.9809 0
3400.91 139.962 0
3401.37 209.943 0
3401.82 279.924 0
3402.28 349.904 0
3402.73 419.885 0
3403.19 489.866 0
3403.64 559.847 0
3404.1 629.828 0
3404.55 699.809 0
3405.01 769.79 0
3405.46 839.771 0
3405.92 909.751 0
3406.37 979.732 0
3406.83 1049.71 0
3407.28 1119.69 0
3407.74 1189.67 0
3408.19 1259.66 0
3408.65 1329.64 0
3409.1 1399.62 0
3409.56 1469.6 0
3410.01 1539.58 0
3410.47 1609.56 0
3410.93 1679.54 0
3411.38 1749.52 0
3411.84 1819.5 0
3412.29 1889.48 0
3412.75 1959.46 0
3413.2 2029.45 0
3413.66 2099.43 0
p
13
30
3600 0 0
3607.2 84.7414 0
3614.41 169.483 0
3621.61 254.224 0
3628.82 338.966 0
3636.02 423.707 0
3643.22 508.449 0
3650.43 593.19 0
3657.63 677.931 0
3664.84 762.673 0
3672.04 847.414 0
3679.25 932.156 0
3686.45 1016.9 0
3693.65 1101.64 0
3700.86 1186.38 0
3708.06 1271.12 0
3715.27 1355.86 0
3722.47 1440.6 0
3729.67 1525.35 0
3736.88 1610.09 0
3744.08 1694.83 0
3751.29 1779.57 0
3758.49 1864.31 0
3765.69 1949.05 0
3772.9 2033.79 0
3780.1 2118.54 0
3787.31 2203.28 0
3794.51 2288.02 0
3801.72 2372.76 0
3808.92 2457.5 0
3816.12 2542.24 0
p
14
30
3800 0 0
3807.44 76.7322 0
3814.88 153.464 0
3821.34 230.281 0
3826.97 307.164 0
3832 384.092 0
3837.02 461.026 0
3842.36 537.943 0
3848.47 614.803 0
3855.83 691.556 0
3864.89 768.13 0
3875.51 844.51 0
3887.95 920.628 0
3902.27 996.431 0
3918.51 1071.87 0
3936.69 1146.89 0
3956.78 1221.46 0
3978.72 1295.55 0
4002.42 1369.13 0
4027.76 1442.23 0
4054.59 1514.83 0
4082.74 1586.99 0
4112.01 1658.74 0
4142.2 1730.16 0
4173.07 1801.32 0
4204.36 1872.32 0
4235.83 1943.28 0
4267.18 2014.29 0
4298.26 2085.44 0
4329.29 2156.63 0
4360.34 2227.82 0
p
15
30
4000 0 0
3999.15 70.4754 0
3998.29 140.951 0
3999.36 211.476 0
4002.53 281.98 0
4007.27 352.419 0
4013.56 422.765 0
4021.32 492.99 0
4030.4 563.073 0
4040.7 632.998 0
4052.15 702.75 0
4064.11 772.413 0
4076.52 842.003 0
4089.17 911.554 0
4101.94 981.094 0
4114.72 1050.65 0
4127.45 1120.22 0
4140.11 1189.84 0
4152.7 1259.49 0
4165.25 1329.18 0
4177.83 1398.89 0
4190.5 1468.61 0
4203.38 1538.32 0
4216.6 1607.99 0
4230.29 1677.58 0
4244.65 1747.06 0
4259.88 1816.37 0
4276.2 1885.45 0
4293.87 1954.2 0
4313.2 2022.53 0
4334.1 2090.41 0
p
16
30
4200 0 0
4203.65 72.0016 0
4207.3 144.003 0
4210.88 215.996 0
4214.55 287.981 0
4218.87 359.934 0
4223.36 431.879 0
4228.18 503.806 0
4233.3 575.715 0
4238.7 647.607 0
4244.36 719.483 0
4250.24 791.345 0
4256.31 863.193 0
4262.55 935.029 0
4268.92 1006.86 0
4275.37 1078.68 0
4281.88 1150.49 0
4288.4 1222.31 0
4294.9 1294.12 0
4301.34 1365.94 0
4307.69 1437.77 0
4313.91 1509.6 0
4319.98 1581.44 0
4325.86 1653.29 0
4331.53 1725.16 0
4336.97 1797.05 0
4342.15 1868.95 0
4347.07 1940.86 0
4351.71 2012.8 0
4356.07 2084.76 0
4360.2 2156.73 0
p
17
30
4400 0 0
4399.49 66.9647 0
4398.97 133.929 0
4398.46 200.894 0
4397.95 267.859 0
4397.43 334.823 0
4396.92 401.788 0
4396.41 468.753 0
4395.89 535.717 0
4395.38 602.682 0
4394.87 669.647 0
4394.36 736.611 0
4393.84 803.576 0
4393.33 870.541 0
4392.82 937.505 0
4392.3 1004.47 0
4391.79 1071.43 0
4391.28 1138.4 0
4390.76 1205.36 0
4390.25 1272.33 0
4389.74 1339.29 0
4389.22 1406.26 0
4388.71 1473.22 0
4388.2 1540.19 0
4387.68 1607.15 0
4387.17 1674.12 0
4386.66 1741.08 0
4386.15 1808.05 0
4385.63 1875.01 0
4385.12 1941.98 0
4384.61 2008.94 0
p
18
30
4600 0 0
4609.09 75.0605 0
4618.19 150.121 0
4627.23 225.178 0
4636.17 300.243 0
4644.93 375.326 0
4653.43 450.435 0
4661.78 525.566 0
4669.94 600.718 0
4677.93 675.888 0
4685.78 751.074 0
4693.5 826.274 0
4701.11 901.486 0
4708.64 976.706 0
4716.11 1051.93 0
4723.54 1127.16 0
4730.96 1202.4 0
4738.4 1277.63 0
4745.87 1352.85 0
4753.41 1428.07 0
4761.03 1503.28 0
4768.77 1578.48 0
4776.64 1653.66 0
4784.65 1728.83 0
4792.84 1803.98 0
4801.22 1879.11 0
4809.8 1954.21 0
4818.59 2029.29 0
4827.51 2104.35 0
4836.11 2179.43 0
4844.29 2254.58 0
p
19
30
4800 0 0
4810.98 74.1162 0
4821.95 148.232 0
4832 222.502 0
4841.04 296.917 0
4848.81 371.492 0
4855.15 446.225 0
4860.56 521.034 0
4865.04 595.914 0
4868.74 670.843 0
4871.81 745.805 0
4874.33 820.786 0
4876.41 895.779 0
4878.09 970.78 0
4879.41 1045.79 0
4880.35 1120.81 0
4880.86 1195.83 0
4880.84 1270.87 0
4880.13 1345.93 0
4879.21 1420.99 0
4877.99 1496.07 0
4876.52 1571.15 0
4874.83 1646.24 0
4872.9 1721.34 0
4870.73 1796.42 0
4868.28 1871.5 0
4865.53 1946.55 0
4862.47 2021.58 0
4859.23 2096.6 0
4856.45 2171.62 0
4854.14 2246.62 0
p
20
30
5000 0 0
4998.57 76.3473 0
4997.14 152.695 0
4996.01 229.038 0
4995.21 305.383 0
4994.83 381.727 0
4994.92 458.069 0
4995.23 534.416 0
4995.74 610.762 0
4996.33 687.108 0
4996.9 763.454 0
4997.34 839.801 0
4997.56 916.147 0
4997.47 992.493 0
4996.99 1068.84 0
4996.04 1145.17 0
4994.57 1221.5 0
4992.53 1297.82 0
4989.87 1374.11 0
4986.37 1450.37 0
4981.93 1526.59 0
4976.44 1602.74 0
4969.81 1678.81 0
4961.98 1754.76 0
4952.89 1830.59 0
4942.55 1906.26 0
4930.96 1981.76 0
4918.17 2057.08 0
4904.28 2132.22 0
4889.53 2207.21 0
4874.58 2282.18 0
p
21
30
5200 0 0
5202 74.2377 0
5204 148.475 0
5206.01 222.713 0
5208.01 296.951 0
5210.01 371.188 0
5212.01 445.426 0
5214.01 519.664 0
5216.02 593.901 0
5218.02 668.139 0
5220.02 742.377 0
5222.02 816.614 0
5224.02 890.852 0
5226.03 965.089 0
5228.03 1039.33 0
5230.03 1113.56 0
5232.03 1187.8 0
5234.03 1262.04 0
5236.04 1336.28 0
5238.04 1410.52 0
5240.04 1484.75 0
5242.04 1558.99 0
5244.04 1633.23 0
5246.05 1707.47 0
5248.05 1781.7 0
5250.05 1855.94 0
5252.05 1930.18 0
5254.05 2004.42 0
5256.06 2078.65 0
5258.06 2152.89 0
5260.06 2227.13 0
p
22
30
5400 0 0
5405.35 76.0952 0
5410.69 152.19 0
5414.92 228.355 0
5417.67 304.593 0
5418.39 380.891 0
5418.21 457.222 0
5417.1 533.571 0
5415.41 609.934 0
5413.52 686.307 0
5411.78 762.69 0
5410.56 839.081 0
5410.2 915.469 0
5411.02 991.836 0
5413.32 1068.15 0
5417.35 1144.37 0
5423.33 1220.44 0
5431.45 1296.3 0
5441.81 1371.88 0
5454.51 1447.1 0
5469.57 1521.91 0
5487.28 1596.17 0
5507.69 1669.78 0
5530.84 1742.63 0
5556.72 1814.63 0
5585.23 1885.7 0
5616.25 1955.78 0
5649.55 2024.88 0
5684.88 2093.02 0
5721.7 2160.41 0
5758.9 2227.62 0
p
23
30
5600 0 0
5590.38 73.8596 0
5580.77 147.719 0
5569.88 221.394 0
5557.49 294.831 0
5543.37 367.959 0
5529.5 441.165 0
5516.15 514.481 0
5504.07 588.02 0
5493.9 661.844 0
5486.14 735.958 0
5481.17 810.314 0
5479.23 884.82 0
5480.4 959.364 0
5484.6 1033.83 0
5491.63 1108.11 0
5501.15 1182.15 0
5512.69 1255.93 0
5525.69 1329.48 0
5539.89 1402.86 0
5556.3 1475.8 0
5574.26 1548.4 0
5593.63 1620.64 0
5614.02 1692.62 0
5635.17 1764.4 0
5656.81 1836.07 0
5678.42 1907.77 0
5699.7 1979.56 0
5721.48 2051.25 0
5743.74 2122.84 0
5766.18 2194.41 0
p
24
30
5800 0 0
5799.59 73.9945 0
5799.18 147.989 0
5797.73 221.981 0
5795.03 295.953 0
5790.77 369.872 0
5784.54 443.66 0
5775.61 517.199 0
5763 590.257 0
5745.59 662.432 0
5725.77 734.095 0
5703.65 805.214 0
5680.19 876 0
5656.41 946.721 0
5633.25 1017.62 0
5611.36 1088.84 0
5591.25 1160.47 0
5574.79 1232.92 0
5563.06 1306.16 0
5557.13 1379.97 0
5557.18 1453.94 0
5563.67 1527.6 0
5576.86 1600.42 0
5596.5 1671.87 0
5621.9 1741.64 0
5652 1809.64 0
5685.34 1876.22 0
5719.93 1942.2 0
5753.14 2008.81 0
5783.15 2076.75 0
5813.28 2144.92 0
p
25
30
6000 0 0
6005.3 65.6948 0
6010.6 131.39 0
6014.97 197.177 0
6018.15 263.055 0
6019.67 329.03 0
6019.64 395.044 0
6017.85 461.071 0
6014.12 527.063 0
6008.02 592.952 0
6001.23 658.792 0
5993.75 724.598 0
5985.94 790.406 0
5977.99 856.239 0
5969.68 922.103 0
5960.08 987.956 0
5948.3 1053.7 0
5937.69 1119.6 0
5927.66 1185.63 0
5918.29 1251.78 0
5909.55 1318.02 0
5900.88 1384.34 0
5893.32 1450.9 0
5886.35 1517.68 0
5879.81 1584.68 0
5873.43 1651.82 0
5866.79 1719.03 0
5859.26 1786.14 0
5849.8 1852.93 0
5836.83 1918.99 0
5819.47 1984.08 0
p
26
30
6200 0 0
6188.2 75.2457 0
6176.39 150.491 0
6166.89 226.115 0
6160.26 302.112 0
6157.62 378.463 0
6156.64 454.894 0
6157.48 531.395 0
6159.63 607.906 0
6162.62 684.392 0
6166.06 760.804 0
6170.15 837.133 0
6175.57 913.364 0
6183.56 989.452 0
6195.82 1065.22 0
6213.33 1140.34 0
6234.77 1214.84 0
6253.99 1290.2 0
6267.85 1366.66 0
6272.38 1443.86 0
6265.67 1520.38 0
6245.01 1593.96 0
6209.18 1661.39 0
6159.83 1719.97 0
6099.64 1768.19 0
6033.85 1809.17 0
5967.85 1849.94 0
5907.79 1898.61 0
5860.01 1958.85 0
5824.67 2027.66 0
5808.66 2104.17 0
p
27
30
6400 0 0
6392.72 79.4485 0
6385.45 158.897 0
6379.38 238.424 0
6375.12 318.064 0
6373.55 397.812 0
6373.32 477.616 0
6374.46 557.439 0
6376.43 637.255 0
6378.62 717.047 0
6380.23 796.862 0
6380.59 876.665 0
6379.07 956.418 0
6375.09 1036.05 0
6368.19 1115.46 0
6358.05 1194.51 0
6344.5 1273.06 0
6327.52 1351 0
6307.29 1428.22 0
6284.24 1504.83 0
6259.14 1580.91 0
6231.99 1656.38 0
6203.18 1731.3 0
6174.06 1806.06 0
6144.94 1880.83 0
6115.83 1955.59 0
6086.71 2030.35 0
6057.6 2105.11 0
6028.48 2179.87 0
5999.36 2254.63 0
5970.25 2329.39 0
p
28
30
6600 0 0
6610.84 68.5987 0
6621.68 137.197 0
6625.4 206.873 0
6621.11 276.941 0
6613.31 347.109 0
6601.85 417.248 0
6588.73 487.386 0
6576.33 557.698 0
6567.18 628.313 0
6563.44 699.013 0
6567.26 769.238 0
6580.98 837.751 0
6603.79 903.411 0
6633.96 966.148 0
6669.62 1025.99 0
6708.48 1083.87 0
6748.21 1141.15 0
6786.69 1199.19 0
6822.08 1259.02 0
6853.04 1321.12 0
6878.94 1385.39 0
6900.01 1451.36 0
6916.88 1518.61 0
6927.07 1587.4 0
6922.62 1657.9 0
6902.21 1726.95 0
6877.41 1794.96 0
6852.8 1862.86 0
6828.66 1930.88 0
6804.61 1998.91 0
p
29
30
6800 0 0
6802.01 60.9939 0
6804.01 121.988 0
6799.8 183.143 0
6797.07 244.564 0
6794.55 306.204 0
6793.18 368.071 0
6793.5 430.083 0
6795.79 492.119 0
6800.16 554.066 0
6806.81 615.867 0
6814.28 677.701 0
6824.77 739.531 0
6832.43 802.65 0
6841.67 865.264 0
6851.7 927.704 0
6861.64 990.097 0
6871.58 1052.4 0
6881.74 1114.64 0
6892.38 1176.89 0
6903.78 1239.15 0
6916.03 1301.38 0
6928.73 1363.51 0
6940.42 1425.68 0
6947.56 1488.29 0
6945.25 1551.27 0
6932.61 1613.21 0
6906.95 1671.22 0
6871.85 1724.6 0
6833.71 1776.3 0
6795.8 1828.18 0
p
30
30
7000 0 0
6989.89 82.8447 0
6979.78 165.689 0
6962.25 247.605 0
6939.29 328.361 0
6914.33 408.719 0
6888.5 488.94 0
6864.81 569.801 0
6847.26 652.089 0
6841 735.883 0
6852.25 819.498 0
6885.63 897.919 0
6942.55 963.374 0
7014.97 1013.68 0
7086.37 1066.18 0
7148.78 1128.01 0
7190.96 1203.58 0
7210.99 1286.48 0
7208.16 1370.77 0
7183.68 1450.96 0
7141.22 1523.72 0
7086.03 1588.68 0
7022.98 1647.73 0
6958.42 1706.1 0
6897.24 1768.55 0
6836.35 1831.67 0
6774.9 1894.37 0
6713.34 1956.99 0
6651.78 2019.62 0
6590.22 2082.24 0
6528.66 2144.86 0
p
31
30
7200 0 0
7192.67 60.1216 0
7185.34 120.243 0
7185.87 181.793 0
7192.26 243.285 0
7197.54 304.613 0
7202.27 365.973 0
7205.61 427.372 0
7207.55 488.86 0
7208.83 550.554 0
7207.86 612.484 0
7205.6 674.773 0
7202.35 737.479 0
7198.53 800.608 0
7194.54 864.09 0
7190.92 927.779 0
7188.42 991.46 0
7188.19 1054.85 0
7191.96 1117.55 0
7200.06 1179.25 0
7206.27 1240.81 0
7207.11 1302.21 0
7202.95 1363.04 0
7194.66 1423.25 0
7183.05 1482.82 0
7170.5 1542.18 0
7157.67 1601.45 0
7144.79 1660.7 0
7131.91 1719.95 0
7119.02 1779.2 0
7106.14 1838.45 0
p
32
30
7400 0 0
7398.57 90.9524 0
7397.13 181.905 0
7400.83 272.148 0
7399.59 362.436 0
7395.76 452.796 0
7388.04 542.978 0
7376.26 632.918 0
7360.74 722.594 0
7342.19 812.031 0
7321.61 901.293 0
7300.2 990.478 0
7279.26 1079.7 0
7260.07 1169.07 0
7243.83 1258.67 0
7231.18 1348.67 0
7221.08 1438.93 0
7211.95 1529.54 0
7202.96 1620.22 0
7193.97 1710.9 0
7184.97 1801.57 0
7175.98 1892.25 0
7166.99 1982.93 0
7158 2073.6 0
7149.01 2164.28 0
7140.01 2254.96 0
7131.02 2345.64 0
7122.03 2436.31 0
7113.04 2526.99 0
7104.05 2617.67 0
7095.05 2708.34 0
p
33
30
7600 0 0
7593.48 75.8554 0
7586.97 151.711 0
7580.45 227.566 0
7573.94 303.422 0
7567.42 379.277 0
7560.91 455.133 0
7554.39 530.988 0
7547.88 606.843 0
7541.36 682.699 0
7534.85 758.554 0
7528.33 834.41 0
7521.82 910.265 0
7515.3 986.121 0
7508.79 1061.98 0
7502.27 1137.83 0
7495.76 1213.69 0
7489.24 1289.54 0
7482.73 1365.4 0
7476.21 1441.25 0
7469.7 1517.11 0
7463.18 1592.96 0
7456.67 1668.82 0
7450.15 1744.68 0
7443.64 1820.53 0
7437.12 1896.39 0
7430.61 1972.24 0
7424.09 2048.1 0
7417.58 2123.95 0
7411.06 2199.81 0
7404.55 2275.66 0
p
34
30
7800 0 0
7794.65 75.2677 0
7789.3 150.535 0
7783.95 225.803 0
7778.6 301.071 0
7773.25 376.339 0
7767.9 451.606 0
7762.55 526.874 0
7757.2 602.142 0
7751.85 677.409 0
7746.5 752.677 0
7741.15 827.945 0
7735.8 903.213 0
7730.45 978.48 0
7725.1 1053.75 0
7719.75 1129.02 0
7714.4 1204.28 0
7709.05 1279.55 0
7703.7 1354.82 0
7698.35 1430.09 0
7693 1505.35 0
7687.65 1580.62 0
7682.3 1655.89 0
7676.95 1731.16 0
7671.6 1806.43 0
7666.25 1881.69 0
7660.9 1956.96 0
7655.55 2032.23 0
7650.2 2107.5 0
7644.85 2182.76 0
7639.5 2258.03 0
p
35
30
8000 0 0
7992.14 75.9819 0
7984.28 151.964 0
7975.78 227.841 0
7966.82 303.638 0
7957.64 379.409 0
7947.36 454.996 0
7935.76 530.38 0
7923.35 605.676 0
7910.13 680.847 0
7896.33 755.925 0
7882.24 830.953 0
7868.16 905.983 0
7854.43 981.073 0
7841.4 1056.28 0
7829.39 1131.64 0
7818.73 1207.2 0
7809.7 1282.96 0
7802.51 1358.94 0
7797.35 1435.09 0
7794.28 1511.4 0
7793.3 1587.81 0
7794.33 1664.26 0
7797.16 1740.73 0
7801.48 1817.16 0
7806.9 1893.56 0
7812.92 1969.92 0
7818.95 2046.26 0
7824.35 2122.61 0
7827.42 2199.08 0
7824.92 2275.42 0
p
36
30
8200 0 0
8195.03 64.6091 0
8190.07 129.218 0
8184.13 193.825 0
8178.11 258.471 0
8170.31 322.974 0
8162.21 387.553 0
8151.62 451.936 0
8141.13 516.325 0
8130.23 580.733 0
8119.59 645.25 0
8109.2 709.859 0
8099.12 774.539 0
8089.34 839.257 0
8079.81 903.98 0
8070.45 968.676 0
8061.18 1033.33 0
8051.92 1097.92 0
8042.61 1162.46 0
8033.2 1226.97 0
8023.65 1291.48 0
8013.96 1356.01 0
8004.13 1420.6 0
7994.23 1485.31 0
7984.32 1550.16 0
7974.56 1615.2 0
7965.11 1680.47 0
7956.25 1745.98 0
7948.31 1811.77 0
7941.75 1877.85 0
7936.69 1944.19 0
p
37
30
8400 0 0
8407.26 83.2826 0
8414.51 166.565 0
8423.41 249.697 0
8433.91 332.657 0
8445.65 415.469 0
8459.77 497.928 0
8476.01 580.01 0
8491.29 662.297 0
8504.9 744.875 0
8514.54 828.025 0
8518.81 911.648 0
8516.42 995.405 0
8506.45 1078.71 0
8488.45 1160.82 0
8462.43 1240.98 0
8428.84 1318.53 0
8388.48 1393.06 0
8342.41 1464.47 0
8291.92 1533.04 0
8238.2 1599.22 0
8182.41 1663.7 0
8125.58 1727.21 0
8068.55 1790.45 0
8014.49 1856.15 0
7965.05 1925.46 0
7924.01 2000.28 0
7893.19 2080.77 0
7863.27 2161.47 0
7825.06 2237.94 0
7781.91 2311.33 0
p
38
30
8600 0 0
8587.37 86.9568 0
8574.74 173.914 0
8564.21 261.164 0
8556.39 348.734 0
8551.78 436.589 0
8551.45 524.652 0
8555.14 612.733 0
8560.51 700.825 0
8566.77 788.93 0
8573.12 877.056 0
8578.25 965.248 0
8580.98 1053.49 0
8580.14 1141.7 0
8574.6 1229.64 0
8563.35 1316.96 0
8545.54 1403.14 0
8520.59 1487.53 0
8488.21 1569.42 0
8448.62 1648.22 0
8402.21 1723.4 0
8349.68 1794.68 0
8291.91 1862.04 0
8229.91 1925.78 0
8164.82 1986.55 0
8097.84 2045.34 0
8030.25 2103.44 0
7963.39 2162.35 0
7898.75 2223.71 0
7836.71 2287.81 0
7773.73 2351.11 0
p
39
30
8800 0 0
8798 76.0029 0
8796.01 152.006 0
8790.51 227.899 0
8778.62 303.286 0
8754.16 376.423 0
8726.9 448.935 0
8697.47 521.109 0
8669.34 594.01 0
8643.82 667.769 0
8623.3 742.751 0
8609.44 818.82 0
8603.42 895.511 0
8605.9 972.136 0
8617 1047.93 0
8636.32 1122.2 0
8662.94 1194.51 0
8695.54 1264.77 0
8732.48 1333.28 0
8771.84 1400.73 0
8811.51 1468.1 0
8849.21 1536.5 0
8882.56 1606.93 0
8910.73 1679.6 0
8938.25 1752.57 0
8966.02 1825.48 0
8993.83 1898.38 0
9021.65 1971.28 0
9049.46 2044.18 0
9077.27 2117.08 0
9105.09 2189.98 0
p
40
30
9000 0 0
8991.43 57.2752 0
8982.87 114.55 0
8974.28 171.844 0
8965.73 229.172 0
8958.5 286.77 0
8951.95 344.423 0
8946.38 402.202 0
8941.9 460.108 0
8937.62 518.062 0
8933.59 576.088 0
8929.6 634.191 0
8925.53 692.382 0
8921.33 750.674 0
8916.97 809.081 0
8912.49 867.614 0
8907.99 926.282 0
8903.58 985.089 0
8899.46 1044.03 0
8895.87 1103.1 0
8893.08 1162.28 0
8891.45 1221.54 0
8891.46 1280.83 0
8893.9 1340.02 0
8899.18 1398.93 0
8907.12 1457.48 0
8917.14 1515.73 0
8928.75 1573.74 0
8941.61 1631.55 0
8955.38 1689.24 0
8969.56 1746.9 0
p
41
30
9200 0 0
9201.18 80.5006 0
9202.36 161.001 0
9206.25 241.423 0
9213.34 321.644 0
9224.07 401.46 0
9232 481.601 0
9235.22 562.004 0
9230.71 642.324 0
9216 721.561 0
9189.67 798.137 0
9154.22 871.533 0
9111.42 941.548 0
9064.39 1009.22 0
9016.75 1076.48 0
8972.33 1145.47 0
8934.88 1217.79 0
8908.28 1294.13 0
8892.66 1373.22 0
8889.6 1453.77 0
8898.59 1534 0
8919.24 1612.08 0
8950.31 1686.86 0
8989.95 1757.78 0
9036.65 1824.68 0
9087.85 1888.57 0
9140.46 1951.48 0
9191.13 2015.91 0
9236.09 2084.24 0
9273.43 2157.12 0
9308.84 2230.84 0
p
42
30
9400 0 0
9416.07 62.9794 0
9432.14 125.959 0
9446.99 189.255 0
9460.54 252.863 0
9472.59 316.794 0
9482.51 381.14 0
9490.1 445.856 0
9495.15 510.881 0
9497.48 576.134 0
9496.83 641.514 0
9494.63 706.901 0
9490.92 772.277 0
9486 837.632 0
9479.89 902.987 0
9472.14 968.383 0
9462.11 1033.86 0
9450.09 1099.35 0
9440.15 1165.13 0
9431.35 1231.14 0
9423.71 1297.33 0
9416.71 1363.68 0
9409.08 1430.23 0
9402.76 1497.22 0
9396.49 1564.59 0
9389.89 1632.27 0
9382.37 1700.08 0
9373.12 1767.76 0
9360.92 1834.88 0
9344.09 1900.8 0
9321.93 1965.18 0
p
43
30
9600 0 0
9598.49 82.1242 0
9596.98 164.248 0
9593.94 246.332 0
9588.35 328.307 0
9579.74 410.062 0
9570.35 491.771 0
9560.44 573.453 0
9550.99 655.205 0
9543.02 737.106 0
9537.56 819.188 0
9536.6 901.421 0
9542.04 983.501 0
9556.1 1064.68 0
9580.76 1143.61 0
9616.68 1218.63 0
9661.61 1289.27 0
9710.73 1357.52 0
9753.2 1430.01 0
9781.65 1508.54 0
9790.25 1590.99 0
9772.04 1671.54 0
9727.19 1741.19 0
9663.66 1795.46 0
9587.88 1833.17 0
9507.55 1862.06 0
9428.96 1895.7 0
9359.83 1945.64 0
9307.03 2013.25 0
9278.91 2095.64 0
9259.33 2180.82 0
p
44
30
9800 0 0
9804.34 81.0785 0
9808.69 162.157 0
9812.21 243.291 0
9814.51 324.493 0
9815.43 405.747 0
9815.95 487.001 0
9816.04 568.273 0
9816 649.561 0
9816.1 730.861 0
9816.54 812.166 0
9816.86 893.495 0
9817.07 974.828 0
9817.03 1056.15 0
9816.57 1137.46 0
9815.51 1218.74 0
9813.62 1299.99 0
9810.64 1381.19 0
9806.25 1462.33 0
9799.37 1543.52 0
9786.92 1624.13 0
9768.47 1703.78 0
9745.38 1782.4 0
9721.42 1860.64 0
9697.46 1938.87 0
9673.5 2017.11 0
9649.55 2095.34 0
9625.59 2173.58 0
9601.63 2251.82 0
9577.67 2330.05 0
9553.71 2408.29 0
p
45
30
10000 0 0
10000.1 72.3021 0
10000.2 144.604 0
10000.4 216.906 0
10000.5 289.208 0
10000.6 361.511 0
10000.7 433.813 0
10000.8 506.115 0
10000.9 578.417 0
10001.1 650.719 0
10001.2 723.021 0
10001.3 795.323 0
10001.4 867.625 0
10001.5 939.928 0
10001.6 1012.23 0
10001.8 1084.53 0
10001.9 1156.83 0
10002 1229.14 0
10002.1 1301.44 0
10002.2 1373.74 0
10002.3 1446.04 0
10002.5 1518.34 0
10002.6 1590.65 0
10002.7 1662.95 0
10002.8 1735.25 0
10002.9 1807.55 0
10003.1 1879.86 0
10003.2 1952.16 0
10003.3 2024.46 0
10003.4 2096.76 0
10003.5 2169.06 0
p
46
30
10200 0 0
10204.1 72.9234 0
10208.2 145.847 0
10212.3 218.77 0
10216.4 291.694 0
10220.5 364.617 0
10224.6 437.54 0
10228.8 510.464 0
10232.9 583.387 0
10237 656.311 0
10241.1 729.234 0
10245.2 802.158 0
10249.3 875.081 0
10253.4 948.004 0
10257.5 1020.93 0
10261.6 1093.85 0
10265.7 1166.77 0
10269.8 1239.7 0
10273.9 1312.62 0
10278.1 1385.54 0
10282.2 1458.47 0
10286.3 1531.39 0
10290.4 1604.32 0
10294.5 1677.24 0
10298.6 1750.16 0
10302.7 1823.09 0
10306.8 1896.01 0
10310.9 1968.93 0
10315 2041.86 0
10319.1 2114.78 0
10323.2 2187.7 0
p
47
30
10400 0 0
10403.5 82.7271 0
10407.1 165.454 0
10409.3 248.228 0
10409.9 331.036 0
10408.7 413.849 0
10407.1 496.674 0
10405.3 579.51 0
10404.1 662.362 0
10404.2 745.223 0
10406.4 828.05 0
10410.7 910.796 0
10417.5 993.379 0
10426.9 1075.71 0
10439.1 1157.7 0
10454.1 1239.25 0
10471.9 1320.29 0
10492.3 1400.74 0
10515.4 1480.58 0
10540.7 1559.79 0
10568 1638.4 0
10597 1716.48 0
10627.3 1794.13 0
10658.5 1871.47 0
10690.2 1948.67 0
10721.7 2025.9 0
10752.8 2103.34 0
10782.8 2181.19 0
10811.6 2259.49 0
10840.2 2337.88 0
10868.8 2416.27 0
p
48
30
10600 0 0
10595.4 75.3357 0
10590.7 150.671 0
10587.3 226.095 0
10585.3 301.602 0
10585.6 377.175 0
10587.2 452.741 0
10590.4 528.282 0
10595.2 603.766 0
10601.3 679.166 0
10608.8 754.457 0
10617 829.682 0
10625.8 904.847 0
10635.1 979.976 0
10644.6 1055.09 0
10654.3 1130.2 0
10664.1 1205.32 0
10674 1280.47 0
10683.9 1355.63 0
10693.8 1430.83 0
10703.9 1506.04 0
10714.2 1581.25 0
10724.8 1656.46 0
10735.8 1731.63 0
10747.3 1806.74 0
10759.6 1881.76 0
10772.8 1956.65 0
10787.1 2031.33 0
10802.9 2105.75 0
10820.1 2179.86 0
10838.4 2253.72 0
p
49
30
10800 0 0
10800.9 76.0267 0
10801.8 152.053 0
10802.6 228.072 0
10803.4 304.085 0
10804.5 380.092 0
10805.5 456.102 0
10806.7 532.112 0
10808 608.12 0
10809.3 684.127 0
10810.8 760.133 0
10812.4 836.137 0
10814 912.139 0
10815.8 988.14 0
10817.6 1064.14 0
10819.6 1140.14 0
10821.6 1216.13 0
10823.7 1292.13 0
10825.8 1368.12 0
10828 1444.11 0
10830.3 1520.1 0
10832.7 1596.09 0
10835.1 1672.07 0
10837.5 1748.06 0
10840 1824.04 0
10842.5 1900.02 0
10845 1976.01 0
10847.6 2051.99 0
10850.1 2127.97 0
10852.8 2203.93 0
10855.6 2279.91 0
p
50
30
11000 0 0
11007 79.5817 0
11014 159.163 0
11021.1 238.745 0
11028.1 318.327 0
11035.1 397.908 0
11042.1 477.49 0
11049.1 557.072 0
11056.1 636.653 0
11063.2 716.235 0
11070.2 795.817 0
11077.2 875.398 0
11084.2 954.98 0
11091.2 1034.56 0
11098.2 1114.14 0
11105.3 1193.73 0
11112.3 1273.31 0
11119.3 1352.89 0
11126.3 1432.47 0
11133.3 1512.05 0
11140.3 1591.63 0
11147.4 1671.22 0
11154.4 1750.8 0
11161.4 1830.38 0
11168.4 1909.96 0
11175.4 1989.54 0
11182.4 2069.12 0
11189.5 2148.71 0
11196.5 2228.29 0
11203.5 2307.87 0
11210.5 2387.45 0
p
51
30
11200 0 0
11202.1 78.875 0
11204.2 157.75 0
11205.9 236.635 0
11206.8 315.534 0
11206.8 394.436 0
11205.5 473.331 0
11202.6 552.187 0
11197.7 630.945 0
11190.2 709.51 0
11180.6 787.827 0
11171.2 866.15 0
11163.8 944.632 0
11160.7 1023.32 0
11163.9 1101.93 0
11174 1179.88 0
11190 1256.86 0
11210.1 1332.92 0
11234.3 1407.93 0
11261.5 1482 0
11291.1 1555.27 0
11322.6 1627.86 0
11355.4 1699.88 0
11389.4 1771.45 0
11423.9 1842.74 0
11458.5 1914 0
11492.2 1985.58 0
11524.1 2057.91 0
11552.7 2131.43 0
11576.7 2206.48 0
11595.8 2283.19 0
p
52
30
11400 0 0
11412 69.7512 0
11424 139.502 0
11435.8 209.285 0
11447.2 279.128 0
11458.5 349.012 0
11469.6 418.946 0
11480.4 488.937 0
11490.9 559.004 0
11500.8 629.206 0
11509.4 699.641 0
11517.7 770.156 0
11525.6 840.807 0
11533 911.618 0
11540 982.666 0
11546.1 1054.22 0
11550.9 1126.45 0
11554.8 1199.22 0
11561.8 1271.68 0
11570.1 1344.03 0
11579.4 1416.21 0
11588.3 1488.38 0
11598.4 1560.39 0
11608.4 1632.55 0
11618.5 1704.95 0
11628.3 1777.66 0
11637.5 1850.68 0
11645.3 1923.99 0
11649.3 1997.57 0
11645.3 2070.96 0
11629.9 2142.39 0
p
53
30
11600 0 0
11595.9 86.2558 0
11591.7 172.512 0
11585 258.617 0
11574.6 344.418 0
11563.7 430.175 0
11552.5 515.917 0
11542.3 601.785 0
11534.9 687.901 0
11532.2 774.256 0
11536.2 860.567 0
11549.2 946.073 0
11573.3 1029.4 0
11609.7 1108.57 0
11658.8 1181.25 0
11719 1245.88 0
11785.8 1304.35 0
11853.3 1361.98 0
11913.3 1426.69 13.4384
11960.6 1500.36 13.4384
11988.2 1582.86 13.4384
11991.7 1669.46 13.4384
11972.2 1753.89 13.4384
11932.3 1831.24 13.4384
11877.3 1899.61 0
11814.4 1961.46 0
11750.4 2022.64 0
11692.9 2089.91 0
11648.8 2166.58 0
11615.6 2248.75 0
11585.3 2332.45 0
p
54
30
11800 0 0
11799.1 75.8755 0
11798.1 151.751 0
11794 227.536 0
11783.3 302.828 0
11772.6 378.233 0
11761.8 453.708 0
11752.6 529.381 0
11746.7 605.282 0
11745.4 681.28 0
11750 757.06 0
11759.6 832.363 0
11774.3 906.929 0
11793.3 980.631 0
11815.9 1053.48 0
11841.1 1125.64 0
11867.7 1197.37 0
11894.4 1269.05 0
11919.9 1341.07 0
11942.9 1413.93 42.0625
11962.1 1487.79 42.0625
11976 1562.54 42.0625
11984.6 1637.88 42.0625
11988.2 1713.63 42.0625
11988 1789.53 42.0625
11985.7 1865.35 42.0625
11983.1 1941.18 42.0625
11980.5 2017.03 42.0625
11977.9 2092.87 0
11975.3 2168.72 0
11972.7 2244.56 0
p
55
30
12000 0 0
12000 65.4646 0
12000 130.929 0
12000 196.439 0
11999.5 262.108 0
11999.1 327.686 0
11998.5 393.264 0
11997.8 458.841 0
11997.1 524.419 0
11996.3 589.996 0
11995.6 655.574 0
11994.8 721.151 0
11994.1 786.729 0
11993.5 852.307 0
11992.9 917.885 0
11992.5 983.464 0
11992.3 1049.04 0
11992.2 1114.62 0
11992.3 1180.2 0
11992.8 1245.78 0
11993.5 1311.35 0
11994.7 1376.93 0
11996.3 1442.49 -13.4675
11998.2 1508.05 -13.4675
11999.8 1573.59 -13.4675
12001 1639.09 -13.4675
12002 1704.56 -13.4675
12002.7 1770.02 -13.4675
12003.2 1835.47 -13.4675
12003.6 1900.92 -13.4675
12004.1 1966.38 -13.4675
p
56
30
12200 0 0
12204.4 63.1178 0
12208.8 126.236 0
12210 189.686 0
12207.6 253.272 0
12203.6 316.755 0
12197.7 380.129 0
12189.7 443.321 0
12181.5 506.485 0
12173.1 569.661 0
12164.9 632.914 0
12157.1 696.287 0
12149.6 759.8 0
12142.4 823.449 0
12135.3 887.213 0
12128.3 951.049 0
12120.9 1014.9 0
12112.9 1078.69 0
12103.8 1142.32 0
12093.4 1205.7 0
12081 1268.68 -13.4675
12066.8 1331.28 -13.4675
12054.1 1394.01 -13.4675
12044.7 1457.03 -13.4675
12038.6 1520.22 -13.4675
12034.7 1583.5 -13.4675
12031.7 1646.79 -13.4675
12029.4 1710.08 42.0625
12027.9 1773.36 42.0625
12027.7 1836.64 42.0625
12028.7 1899.96 42.0625
p
57
30
12400 0 0
12409.3 85.9594 0
12418.6 171.919 0
12431.8 257.426 0
12449.1 342.263 0
12466.1 427.162 0
12481 512.436 0
12490.2 598.483 0
12489.2 685.114 0
12475.1 770.895 0
12445.8 853.367 0
12401.8 929.945 -41.0994
12349.3 1001.98 -41.0994
12291.3 1070.4 -41.0994
12231.2 1137.5 -41.0994
12172.9 1206.09 -41.0994
12120.2 1278.44 -41.0994
12076.1 1355.52 -41.0994
12041.8 1436.75 -41.0994
12020.4 1521.75 -41.0994
12009 1608.32 -41.0994
12006.4 1695.28 -41.0994
12013.8 1781.77 -41.0994
12032.4 1866.43 -41.0994
12063 1947.56 -41.0994
12104.9 2023.83 0
12156.7 2094.29 0
12216.7 2158.71 0
12282.4 2217.84 0
12351.2 2273.63 0
12420.6 2328.9 0
p
58
30
12600 0 0
12594.5 83.5208 0
12589 167.042 0
12588.5 250.859 0
12594.8 334.656 0
12599.7 418.613 0
12601.9 502.74 0
12597.6 586.769 0
12584 669.815 0
12559.1 750.327 0
12522.3 826.504 0
12475.1 897.356 0
12420.9 963.59 -13.4675
12362.2 1026.34 -13.4675
12301.6 1087.47 -13.4675
12243.1 1150.25 -13.4675
12189.4 1216.8 -13.4675
12143.9 1288.61 -13.4675
12109.1 1365.75 -13.4675
12086.9 1447.16 0
12079.3 1531.08 0
12084.2 1615.08 0
12099.4 1697.83 0
12122.6 1778.76 0
12151.9 1857.84 0
12185.3 1935.42 0
12221.2 2012.02 0
12259.8 2087.33 0
12306.7 2158.37 0
12358.7 2226.4 0
12414.5 2291.66 0
p
59
30
12800 0 0
12794.4 69.5107 0
12788.7 139.021 0
12784.3 208.618 0
12780.7 278.264 0
12775.6 347.876 0
12768.8 417.394 0
12759.7 486.726 0
12748.3 555.794 0
12734.7 624.563 0
12719 692.979 0
12702.7 761.399 0
12685.1 829.59 0
12666.8 897.693 0
12648.3 965.846 0
12628.6 1033.74 0
12608.1 1101.47 0
12586.8 1169.03 0
12565.1 1236.46 0
12543 1303.79 0
12520.8 1371.04 0
12498.5 1438.26 0
12476.4 1505.46 0
12454.5 1572.67 0
12432.9 1639.87 0
12411.4 1707.04 0
12389.6 1774.08 0
12367.2 1840.86 0
12343.3 1907.11 0
12316.5 1972.37 0
12286.4 2036.19 0
p
60
30
13000 0 0
13023.2 68.9404 0
13046.3 137.881 0
13066.3 207.919 0
13081.2 279.444 0
13089.6 352.36 0
13090.3 426.214 0
13083.6 500.242 0
13070 573.823 0
13051 646.591 0
13027.4 718.321 0
12998.9 788.544 0
12971.1 858.985 0
12942.7 929.189 0
12914.7 999.353 0
12889.7 1070.15 0
12869.2 1141.84 0
12852.9 1214.07 0
12837.3 1286.24 0
12824.2 1358.73 0
12811.1 1431.34 0
12794.9 1503.56 0
12773.1 1574.61 0
12743.8 1643.34 0
12705.8 1708.24 0
12658.1 1767.36 0
12600.6 1818.27 0
12539.9 1866.1 0
12477.1 1911.87 0
12414.8 1958.45 0
12354.2 2007.85 0
p
61
30
13200 0 0
13192 83.4256 0
13184.1 166.851 0
13182.5 250.823 0
13189.1 334.855 0
13198.3 418.62 0
13206.1 502.303 0
13204.2 585.91 0
13185.3 667.255 0
13146.3 741.79 0
13091.3 806.784 0
13030.7 867.177 0
12979.5 935.051 0
12944.8 1011.83 0
12919.1 1092.04 0
12895.6 1173.46 0
12880.2 1256.93 0
12878.8 1342.08 0
12886.6 1426.66 0
12897.2 1510.67 0
12903.4 1594.79 0
12898.2 1678.67 0
12876 1759.63 0
12834.5 1832.87 0
12775.2 1893.49 0
12702.6 1939.19 0
12621.9 1971.89 0
12536 1990.4 0
12448.5 2004.61 0
12362.6 2030.19 0
12286.8 2078.5 0
p
62
30
13400 0 0
13406.2 74.7523 0
13412.5 149.505 0
13418.7 224.257 0
13424.9 299.009 0
13431.1 373.761 0
13437.4 448.514 0
13443.6 523.266 0
13449.8 598.018 0
13456 672.77 0
13462.3 747.523 0
13468.5 822.275 0
13474.7 897.027 0
13481 971.779 0
13487.2 1046.53 0
13493.4 1121.28 0
13499.6 1196.04 0
13505.9 1270.79 0
13512.1 1345.54 0
13518.3 1420.29 0
13524.6 1495.05 0
13530.8 1569.8 0
13537 1644.55 0
13543.2 1719.3 0
13549.5 1794.05 0
13555.7 1868.81 0
13561.9 1943.56 0
13568.1 2018.31 0
13574.4 2093.06 0
13580.6 2167.82 0
13586.8 2242.57 0
p
63
30
13600 0 0
13602 76.8597 0
13603.9 153.719 0
13605.9 230.579 0
13607.9 307.439 0
13609.8 384.299 0
13611.8 461.158 0
13613.8 538.018 0
13615.7 614.878 0
13617.7 691.738 0
13619.7 768.597 0
13621.6 845.457 0
13623.6 922.317 0
13625.6 999.176 0
13627.5 1076.04 0
13629.5 1152.9 0
13631.5 1229.76 0
13633.4 1306.62 0
13635.4 1383.48 0
13637.4 1460.33 0
13639.3 1537.19 0
13641.3 1614.05 0
13643.3 1690.91 0
13645.2 1767.77 0
13647.2 1844.63 0
13649.2 1921.49 0
13651.1 1998.35 0
13653.1 2075.21 0
13655.1 2152.07 0
13657 2228.93 0
13659 2305.79 0
p
64
30
13800 0 0
13799.9 70.314 0
13799.8 140.628 0
13798.8 210.935 0
13796.9 281.229 0
13793.7 351.485 0
13789.8 421.721 0
13785.2 491.925 0
13780 562.102 0
13774.3 632.256 0
13768.4 702.396 0
13762.4 772.53 0
13756.5 842.668 0
13750.8 912.819 0
13745.5 982.992 0
13740.8 1053.19 0
13736.8 1123.42 0
13733.7 1193.68 0
13731.6 1263.99 0
13730.6 1334.33 0
13729.7 1404.64 0
13728.8 1474.95 0
13728 1545.26 0
13727.1 1615.57 0
13726.2 1685.88 0
13725.3 1756.19 0
13724.5 1826.5 0
13723.6 1896.82 0
13722.7 1967.13 0
13721.9 2037.44 0
13721 2107.75 0
p
65
30
14000 0 0
14009 78.1132 0
14017.9 156.226 0
14025.8 234.463 0
14032.7 312.788 0
14038 391.249 0
14041 469.858 0
14040.7 548.567 0
14036.1 627.218 0
14025.8 705.458 0
14008.3 782.616 0
13981.8 857.498 0
13943.9 927.997 0
13896.2 992.945 0
13845 1055.23 0
13800 1121.85 0
13768.5 1194.99 0
13757.3 1273 0
13770.3 1350.39 0
13809.3 1418.99 0
13869.2 1472.28 0
13941.4 1510.22 0
14018.6 1539.63 0
14094.6 1571.78 0
14161.7 1618.27 0
14210.6 1682.16 0
14242.2 1756.41 0
14239.7 1838.93 0
14204.5 1916.4 0
14147.3 1982.19 0
14086.8 2045.36 0
p
66
30
14200 0 0
14196 55.8427 0
14192 111.685 0
14188.3 167.563 0
14184.9 223.467 0
14181.8 279.406 0
14179.1 335.373 0
14176.8 391.372 0
14175 447.404 0
14173.6 503.47 0
14172.6 559.574 0
14172.1 615.724 0
14172 671.947 0
14173.2 728.3 0
14177.3 784.873 0
14181.4 841.415 0
14186.1 898.035 0
14190.1 954.792 0
14193.4 1011.65 0
14196 1068.59 0
14198 1125.58 0
14199.5 1182.6 0
14200.7 1239.64 0
14202 1296.7 0
14203.6 1353.76 0
14205.8 1410.81 0
14209.1 1467.8 0
14213.9 1524.66 0
14221 1581.28 0
14231.1 1637.44 0
14244.4 1693.09 0
p
67
30
14400 0 0
14401 79.3718 0
14402 158.744 0
14401.9 238.111 0
14400.7 317.468 0
14398.2 396.793 0
14393.6 476.031 0
14386.8 555.122 0
14378.1 634.018 0
14368.1 712.736 0
14358 791.4 0
14350.1 870.22 0
14347.2 949.296 0
14355.8 1027.99 0
14379.6 1103.79 0
14412.1 1176.61 0
14450.7 1246.79 0
14490.4 1316.58 0
14525.4 1388.68 0
14550.1 1464.67 0
14559.5 1543.82 0
14552.4 1623.04 0
14533.9 1700.26 0
14502.8 1773.56 0
14456.3 1839.19 0
14396.2 1894.24 0
14326.8 1939.06 0
14251.6 1976.02 0
14172.7 2007.83 0
14092.7 2038.03 0
14012.6 2068.03 0
p
68
30
14600 0 0
14595.6 77.0141 0
14591.3 154.028 0
14587.3 231.064 0
14584 308.135 0
14581.5 385.247 0
14580.1 462.397 0
14580 539.574 0
14581.4 616.758 0
14584.5 693.917 0
14589.5 771.01 0
14596.5 847.987 0
14605.4 924.793 0
14614.3 1001.61 0
14622.6 1078.49 0
14629.5 1155.51 0
14634 1232.68 0
14635.1 1309.94 0
14631.7 1387.1 0
14622.9 1463.82 0
14607.5 1539.53 0
14584.8 1613.66 0
14555.7 1685.86 0
14519 1754.83 0
14474.1 1819.26 0
14421.8 1878.56 0
14364 1933.26 0
14303.1 1984.95 0
14241.3 2035.62 0
14179.4 2086.19 0
14117.5 2136.76 0
p
69
30
14800 0 0
14802 79.6772 0
14804.1 159.354 0
14806.2 239.031 0
14807.8 318.722 0
14808.8 398.429 0
14808.8 478.147 0
14807.5 557.866 0
14804.6 637.557 0
14799.8 717.179 0
14792.9 796.669 0
14783.6 875.949 0
14772.2 954.976 0
14758.7 1033.73 0
14743.4 1112.16 0
14726.1 1190.26 0
14707.1 1267.99 0
14686.4 1345.34 0
14664.1 1422.3 0
14640.5 1498.91 0
14615.5 1575.16 0
14589.2 1651.04 0
14561.7 1726.51 0
14532.9 1801.58 0
14503.2 1876.29 0
14472.5 1950.68 0
14440.9 2024.76 0
14408.6 2098.53 0
14375.4 2171.99 0
14341.5 2245.14 0
14306.9 2318.03 0
p
70
30
15000 0 0
14993.2 87.1103 0
14986.3 174.221 0
14980.2 261.387 0
14974.6 348.584 0
14969.6 435.815 0
14965 523.068 0
14960.5 610.324 0
14955.7 697.555 0
14949.9 784.722 0
14942.5 871.759 0
14932.7 958.563 0
14920.8 1045.11 0
14906 1131.25 0
14888.2 1216.85 0
14867.1 1301.76 0
14842.7 1385.83 0
14814.8 1468.92 0
14783.6 1550.9 0
14749 1631.66 0
14711.3 1711.16 0
14670.7 1789.38 0
14627.7 1866.37 0
14582.5 1942.24 0
14535.6 2017.19 0
14487.5 2091.44 0
14438.7 2165.29 0
14389.9 2239.08 0
14341.2 2312.97 0
14292.2 2386.67 0
14243 2460.31 0
p
71
30
15200 0 0
15205.3 84.9238 0
15210.6 169.848 0
15215.5 254.796 0
15219.8 339.775 0
15223.3 424.793 0
15225.7 509.851 0
15226.8 594.941 0
15226.3 680.046 0
15224.1 765.133 0
15219.9 850.157 0
15213.5 935.065 0
15205.1 1019.8 0
15194.8 1104.35 0
15185.2 1188.97 0
15177.7 1273.78 0
15174.3 1358.81 0
15176.9 1443.84 0
15187.6 1528.23 0
15207.7 1610.94 0
15238.1 1690.59 0
15278 1766.14 0
15326.9 1836.61 0
15383.2 1901.73 0
15445.2 1961.92 0
15510.9 2018.43 0
15578.4 2073.15 0
15645.5 2128.47 0
15710.4 2186.23 0
15774 2245.72 0
15837.3 2305.47 0
p
72
30
15400 0 0
15389.9 75.2913 0
15379.8 150.583 0
15370.2 225.944 0
15361.2 301.386 0
15353.1 376.931 0
15346 452.594 0
15340.3 528.377 0
15336 604.275 0
15333.4 680.271 0
15332.7 756.334 0
15334.2 832.419 0
15338 908.464 0
15344.7 984.377 0
15353.4 1060.11 0
15364.3 1135.61 0
15377.3 1210.82 0
15392.3 1285.72 0
15409.3 1360.25 0
15428.4 1434.32 0
15450.2 1507.79 0
15473.1 1581.02 0
15497.4 1653.93 0
15523 1726.51 0
15550.2 1798.67 0
15579.2 1870.26 0
15610.4 1941.04 0
15644.2 2010.69 0
15681.4 2078.75 0
15722.2 2144.79 0
15766 2209.06 0
p
73
30
15600 0 0
15601.8 73.3645 0
15603.7 146.729 0
15605.4 220.094 0
15607.1 293.46 0
15608.7 366.828 0
15610.1 440.197 0
15611.5 513.567 0
15612.7 586.938 0
15613.8 660.307 0
15614.9 733.674 0
15616 807.035 0
15617.4 880.387 0
15619.3 953.722 0
15621.7 1027.05 0
15624.6 1100.36 0
15628.1 1173.64 0
15632.4 1246.88 0
15637.4 1320.08 0
15643.3 1393.22 0
15650.1 1466.29 0
15657.7 1539.27 0
15666.3 1612.16 0
15675.8 1684.95 0
15686.3 1757.61 0
15697.7 1830.14 0
15710.1 1902.53 0
15723.3 1974.78 0
15737.4 2046.87 0
15752.3 2118.82 0
15767.8 2190.59 0
p
74
30
15800 0 0
15803.3 71.967 0
15806.7 143.934 0
15807.3 215.95 0
15806.2 288.013 0
15801.9 359.998 0
15796.1 431.996 0
15789 503.962 0
15781.2 575.92 0
15773.2 647.903 0
15765.5 719.917 0
15758.5 791.98 0
15752.6 864.091 0
15748.2 936.239 0
15745.4 1008.4 0
15744.4 1080.54 0
15745.4 1152.63 0
15748.3 1224.63 0
15753.2 1296.51 0
15759.8 1368.24 0
15768 1439.82 0
15777.5 1511.26 0
15787.9 1582.58 0
15798.9 1653.83 0
15810 1725.06 0
15820.7 1796.33 0
15830.6 1867.72 0
15839.3 1939.28 0
15846.1 2011.07 0
15851.2 2083.06 0
15856.2 2155.12 0
p
75
30
16000 0 0
15995.6 68.2219 0
15991.3 136.444 0
15990 205.072 0
15986.3 273.62 0
15987.5 342.657 0
15987.9 411.739 0
15988.5 481.021 0
15989 550.44 0
15989.3 619.908 0
15989 689.336 0
15988.2 758.646 0
15986.7 827.786 0
15984.6 896.735 0
15981.7 965.508 0
15978 1034.15 0
15973.5 1102.72 0
15968.2 1171.3 0
15962.1 1239.96 0
15955.3 1308.75 0
15947.8 1377.7 0
15939.8 1446.8 0
15931.4 1516.02 0
15922.8 1585.31 0
15914.2 1654.6 0
15905.8 1723.82 0
15897.9 1792.92 0
15890.7 1861.89 0
15884.5 1930.72 0
15879.9 1999.47 0
15876.8 2068.05 0
p
76
30
16200 0 0
16193.4 79.6538 0
16186.7 159.308 0
16180 238.92 0
16172.7 318.494 0
16165.1 398.012 0
16157 477.501 0
16148.4 556.943 0
16139.3 636.334 0
16129.7 715.67 0
16119.5 794.95 0
16108.9 874.172 0
16097.8 953.334 0
16086.2 1032.44 0
16074.1 1111.48 0
16061.6 1190.48 0
16048.7 1269.41 0
16035.4 1348.3 0
16021.8 1427.15 0
16007.9 1505.95 0
15993.9 1584.73 0
15979.6 1663.48 0
15965.3 1742.22 0
15950.9 1820.94 0
15936.5 1899.68 0
15922.3 1978.42 0
15908.2 2057.19 0
15894.4 2136.04 0
15880.7 2214.91 0
15867.1 2293.79 0
15853.5 2372.67 0
p
77
30
16400 0 0
16398.7 48.7491 0
16397.5 97.4981 0
16396.2 146.247 0
16394.9 194.996 0
16393.7 243.745 0
16392.4 292.494 0
16391.2 341.243 0
16389.9 389.992 0
16388.6 438.742 0
16387.4 487.491 0
16386.1 536.24 0
16384.8 584.989 0
16383.6 633.738 0
16382.3 682.487 0
16381 731.236 0
16379.8 779.985 0
16378.5 828.734 0
16377.2 877.483 0
16376 926.232 0
16374.7 974.981 0
16373.5 1023.73 0
16372.2 1072.48 0
16370.9 1121.23 0
16369.7 1169.98 0
16368.4 1218.73 0
16367.1 1267.48 0
16365.9 1316.22 0
16364.6 1364.97 0
16363.3 1413.72 0
16362.1 1462.47 0
p
78
30
16600 0 0
16593.2 90.5604 0
16586.3 181.121 0
16577.3 271.505 0
16565.2 361.578 0
16548.7 451.038 0
16526.3 539.367 0
16496.7 625.803 0
16465.8 711.877 0
16436.3 798.452 0
16413.1 886.859 0
16401.5 977.472 0
16401.1 1068.86 0
16414.6 1159.51 0
16442.2 1247.39 0
16483.3 1330.63 0
16536.3 1407.96 0
16599 1479.02 0
16668.7 1544.61 0
16742.6 1606.62 0
16817.8 1667.79 0
16891.3 1731.31 0
16959.4 1800.31 0
17020.2 1875.6 0
17078.6 1952.97 0
17136.8 2030.48 0
17195.1 2108.01 0
17253.3 2185.59 0
17311.4 2263.18 0
17369.6 2340.78 0
17427.7 2418.37 0
p
79
30
16800 0 0
16787.3 62.0463 0
16774.6 124.093 0
16762.4 186.239 0
16750.8 248.513 0
16740.2 310.97 0
16731 373.674 0
16724 436.702 0
16719.3 499.985 0
16717.6 563.488 0
16719.2 627.092 0
16724.4 690.632 0
16731.5 754.098 0
16740.6 817.468 0
16751.4 880.765 0
16763.3 944.024 0
16776.3 1007.28 0
16790.2 1070.57 0
16804.7 1133.91 0
16819.9 1197.31 0
16835.8 1260.77 0
16852.5 1324.28 0
16869.9 1387.78 0
16888.4 1451.23 0
16908 1514.55 0
16929.1 1577.62 0
16952 1640.3 0
16976.9 1702.4 0
17004.3 1763.66 0
17034.7 1823.78 0
17067.8 1882.68 0
s	0
524 526 556 559 
524 525 526 556 557 558 559 
b
2 0
0.63764 0.673936 0.695984
525 0 0 2
557 0 0 1
558 0 0 1
s	1
622 625 655 658 
622 623 624 625 655 656 657 658 
b
2 0
0.609106 0.184622 0.347116
623 0 0 2
624 0 0 2
656 0 0 2
657 0 0 2
s	2
755 757 788 790 
755 756 757 788 789 790 
b
2 0
0.328374 0.730729 0.627158
756 0 0 1
789 0 0 1
s	3
777 787 810 820 
777 778 779 780 781 782 783 784 785 786 787 810 811 812 813 814 815 816 817 818 819 820 
b
2 0
0.920914 0.202213 0.740438
778 0 0 2
779 0 0 2
780 0 0 3
781 0 0 2
782 0 0 2
783 0 0 2
784 0 0 2
785 0 0 2
786 0 0 1
811 0 0 1
812 0 0 3
813 0 0 2
814 0 0 2
815 0 0 2
816 0 0 2
817 0 0 2
818 0 0 2
819 0 0 2
s	4
821 822 823 854 855 856 886 887 888 889 
821 822 823 854 855 856 886 887 888 889 
b
2 0
0.257265 0.65313 0.684757
822 0 0 1
888 0 0 1
b
2 0
0.260497 0.0876436 0.532441
855 0 0 1
887 0 0 1
s	5
877 882 909 914 
877 878 879 880 881 882 909 910 911 912 913 914 
b
2 0
0.0937402 0.686125 0.877384
878 0 0 2
879 0 0 3
880 0 0 3
881 0 0 2
910 0 0 2
911 0 0 3
912 0 0 3
913 0 0 2
s	6
947 953 981 986 1013 1016 
947 948 949 950 951 952 953 981 982 983 984 985 986 1013 1014 1015 1016 
b
3 0
0.57669 0.361601 0.111276
948 0 0 2
949 0 0 3
950 0 0 3
951 0 0 2
952 0 0 1
982 0 0 1
983 0 0 2
984 0 0 2
985 0 0 2
1014 0 0 2
1015 0 0 2
s	7
968 972 998 1002 
968 969 970 971 972 998 999 1000 1001 1002 
b
2 0
0.288778 0.666557 0.593211
969 0 0 2
970 0 0 2
971 0 0 2
999 0 0 2
1000 0 0 3
1001 0 0 1
s	8
1005 1011 1041 1049 1070 1073 
1005 1006 1007 1008 1009 1010 1011 1041 1042 1043 1044 1045 1046 1047 1048 1049 1070 1071 1072 1073 
b
3 0
0.329642 0.288379 0.775767
1006 0 0 2
1007 0 0 3
1008 0 0 5
1009 0 0 4
1010 0 0 2
1042 0 0 1
1043 0 0 2
1044 0 0 2
1045 0 0 3
1046 0 0 2
1047 0 0 2
1048 0 0 1
1071 0 0 1
1072 0 0 2
s	9
1183 1186 1249 1252 1282 1285 
1183 1184 1185 1186 1249 1250 1251 1252 1282 1283 1284 1285 
b
3 0
0.00357857 0.984363 0.189751
1184 0 0 1
1185 0 0 4
1250 0 0 2
1251 0 0 2
1283 0 0 1
1284 0 0 2
s	10
1217 1219 1246 1248 
1217 1218 1219 1246 1247 1248 
b
2 0
0.188201 0.331479 0.827391
1218 0 0 1
1247 0 0 1
s	11
1341 1351 1369 1378 
1341 1342 1343 1344 1345 1346 1347 1348 1349 1350 1351 1369 1370 1371 1372 1373 1374 1375 1376 1377 1378 
b
2 0
0.91893 0.958637 0.436497
1342 0 0 2
1343 0 0 2
1344 0 0 2
1345 0 0 3
1346 0 0 3
1347 0 0 2
1348 0 0 2
1349 0 0 2
1350 0 0 3
1370 0 0 2
1371 0 0 4
1372 0 0 3
1373 0 0 3
1374 0 0 3
1375 0 0 3
1376 0 0 2
1377 0 0 1
s	12
1381 1384 1448 1450 
1381 1382 1383 1384 1448 1449 1450 
b
2 0
0.121143 0.699075 0.764871
1382 0 0 1
1383 0 0 1
1449 0 0 2
s	13
1415 1417 1446 1448 
1415 1416 1417 1446 1447 1448 
b
2 0
0.774274 0.383832 0.685786
1416 0 0 1
1447 0 0 1
s	14
1437 1442 1470 1475 
1437 1438 1439 1440 1441 1442 1470 1471 1472 1473 1474 1475 
b
2 0
0.861917 0.916273 0.943051
1438 0 0 1
1439 0 0 2
1440 0 0 2
1441 0 0 2
1471 0 0 2
1472 0 0 2
1473 0 0 2
1474 0 0 1
s	15
1613 1615 1645 1648 
1613 1614 1615 1645 1646 1647 1648 
b
2 0
0.548042 0.793657 0.203548
1614 0 0 2
1646 0 0 1
1647 0 0 1
s	16
1712 1713 1714 1745 1746 1747 1776 1777 1778 1779 1780 
1712 1713 1714 1745 1746 1747 1776 1777 1778 1779 1780 
b
2 0
0.909643 0.904932 0.297288
1713 0 0 2
1778 0 0 1
1779 0 0 1
b
2 0
0.5762 0.498144 0.873979
1746 0 0 1
1777 0 0 1
s	17
1725 1732 1756 1762 
1725 1726 1727 1728 1729 1730 1731 1732 1756 1757 1758 1759 1760 1761 1762 
b
2 0
0.864579 0.273911 0.162757
1726 0 0 2
1727 0 0 3
1728 0 0 3
1729 0 0 2
1730 0 0 2
1731 0 0 1
1757 0 0 2
1758 0 0 3
1759 0 0 3
1760 0 0 3
1761 0 0 2
s	18
1767 1773 1801 1810 1837 1846 1868 1879 1892 1906 1926 1933 
1767 1768 1769 1770 1771 1772 1773 1801 1802 1803 1804 1805 1806 1807 1808 1809 1810 1837 1838 1839 1840 1841 1842 1843 1844 1845 1846 1868 1869 1870 1871 1872 1873 1874 1875 1876 1877 1878 1879 1892 1893 1894 1895 1896 1897 1898 1899 1900 1901 1902 1903 1904 1905 1906 1926 1927 1928 1929 1930 1931 1932 1933 
b
6 0
0.848942 0.463662 0.492399
1768 0 0 2
1769 0 0 6
1770 0 0 9
1771 0 0 6
1772 0 0 1
1802 0 0 2
1803 0 0 4
1804 0 0 6
1805 0 0 7
1806 0 0 8
1807 0 0 5
1808 0 0 2
1809 0 0 1
1838 0 0 2
1839 0 0 6
1840 0 0 6
1841 0 0 7
1842 0 0 7
1843 0 0 6
1844 0 0 5
1845 0 0 2
1869 0 0 2
1870 0 0 2
1871 0 0 2
1872 0 0 3
1873 0 0 2
1874 0 0 2
1875 0 0 2
1876 0 0 2
1877 0 0 4
1878 0 0 4
1893 0 0 2
1894 0 0 3
1895 0 0 3
1896 0 0 3
1897 0 0 3
1898 0 0 4
1899 0 0 4
1900 0 0 5
1901 0 0 8
1902 0 0 10
1903 0 0 11
1904 0 0 8
1905 0 0 1
1927 0 0 2
1928 0 0 3
1929 0 0 3
1930 0 0 3
1931 0 0 3
1932 0 0 2
g
0
0.1 2 0 0 1 2 0 2 5
t
2
0
12047.1 1573.24 100
12080.9 1497.8 -100
a
12
0
1773 1766 1810 1800 1846 1836 1879 1867 1906 1891 1933 1925 
1 1901 1 1769 0 1770 0 1804 0 1805 0 1841 0 1803 0 1838 0 1839 0 1840 0 1872 0 1873 0 1874 0 2640 0.294503 2641 0.705497 
1 1902 1 1769 0 1770 0 1842 0 1804 0 1805 0 1806 0 1841 0 1771 0 1840 0 1876 0 1874 0 1875 0 2640 0.294503 2641 0.705497 
1 1903 1 1770 0 1842 0 1805 0 1806 0 1841 0 1771 0 1843 0 1807 0 1876 0 1877 0 1878 0 1875 0 2640 0.294503 2641 0.705497 
1 1900 1 1769 0 1838 0 1839 0 1768 0 1871 0 1872 0 1837 0 1873 0 2640 0.294503 2641 0.705497 
1 1904 1 1842 0 1806 0 1843 0 1807 0 1844 0 1876 0 1877 0 1878 0 2640 0.294503 2641 0.705497 
1 1898 1 1869 0 1871 0 1931 0 1868 0 1870 0 1932 0 2640 0.294503 2641 0.705497 
1 1899 1 1838 0 1869 0 1871 0 1872 0 1837 0 1870 0 2640 0.294503 2641 0.705497 
1 1897 1 1869 0 1930 0 1931 0 1868 0 1932 0 2640 0.294503 2641 0.705497 
1 1893 1 1927 0 1928 0 1926 0 2640 0.294503 2641 0.705497 
1 1894 1 1927 0 1928 0 1929 0 2640 0.294503 2641 0.705497 
1 1895 1 1928 0 1929 0 1930 0 2640 0.294503 2641 0.705497 
1 1896 1 1929 0 1930 0 1931 0 2640 0.294503 2641 0.705497 
1 1892 1 1927 0 1926 0 2640 0.294503 2641 0.705497 
1 1905 1 1878 0 2640 0.294503 2641 0.705497 
2 1842 1 1902 0 1903 0 1805 0 1806 0 1904 0 1771 0 1807 0 1876 0 1877 0 2640 0.432662 2641 0.567338 
2 1841 1 1901 0 1902 0 1903 0 1770 0 1804 0 1805 0 1806 0 1771 0 2640 0.432662 2641 0.567338 
2 1838 1 1901 0 1769 0 1900 0 1803 0 1768 0 1899 0 1802 0 2640 0.432662 2641 0.567338 
2 1839 1 1901 0 1769 0 1770 0 1804 0 1900 0 1803 0 1768 0 2640 0.432662 2641 0.567338 
2 1840 1 1901 0 1902 0 1769 0 1770 0 1804 0 1805 0 1803 0 2640 0.432662 2641 0.567338 
2 1843 1 1903 0 1806 0 1904 0 1807 0 1876 0 1877 0 1878 0 2640 0.432662 2641 0.567338 
2 1844 1 1904 0 1807 0 1877 0 1878 0 1808 0 2640 0.432662 2641 0.567338 
2 1837 1 1900 0 1899 0 2640 0.432662 2641 0.567338 
2 1845 1 1808 0 1809 0 2640 0.432662 2641 0.567338 
3 1804 1 1901 0 1902 0 1769 0 1770 0 1841 0 1771 0 1839 0 1840 0 2640 0.710313 2641 0.289687 
3 1805 1 1901 0 1902 0 1903 0 1770 0 1842 0 1841 0 1771 0 1840 0 2640 0.710313 2641 0.289687 
3 1806 1 1902 0 1903 0 1842 0 1841 0 1904 0 1771 0 1843 0 1772 0 2640 0.710313 2641 0.289687 
3 1803 1 1901 0 1769 0 1770 0 1838 0 1839 0 1840 0 1768 0 2640 0.710313 2641 0.289687 
3 1807 1 1903 0 1842 0 1904 0 1843 0 1844 0 2640 0.710313 2641 0.289687 
3 1802 1 1769 0 1838 0 1768 0 1767 0 2640 0.710313 2641 0.289687 
3 1801 1 1768 0 1767 0 2640 0.710313 2641 0.289687 
3 1808 1 1844 0 1845 0 2640 0.710313 2641 0.289687 
3 1809 1 1845 0 2640 0.710313 2641 0.289687 
4 1769 1 1901 0 1902 0 1804 0 1900 0 1803 0 1838 0 1839 0 1840 0 1802 0 2640 0.567192 2641 0.432808 
4 1770 1 1901 0 1902 0 1903 0 1804 0 1805 0 1841 0 1803 0 1839 0 1840 0 2640 0.567192 2641 0.432808 
4 1771 1 1902 0 1903 0 1842 0 1804 0 1805 0 1806 0 1841 0 2640 0.567192 2641 0.432808 
4 1768 1 1900 0 1803 0 1838 0 1839 0 1802 0 1801 0 2640 0.567192 2641 0.432808 
4 1767 1 1802 0 1801 0 2640 0.567192 2641 0.432808 
4 1772 1 1806 0 2640 0.567192 2641 0.432808 
3 1876 1 1902 0 1903 0 1842 0 1904 0 1843 0 2640 0.710313 2641 0.289687 
3 1877 1 1903 0 1842 0 1904 0 1843 0 1844 0 2640 0.710313 2641 0.289687 
3 1878 1 1903 0 1904 0 1843 0 1844 0 1905 0 2640 0.710313 2641 0.289687 
2 1869 1 1898 0 1899 0 1897 0 2640 0.432662 2641 0.567338 
2 1871 1 1900 0 1898 0 1899 0 2640 0.432662 2641 0.567338 
2 1872 1 1901 0 1900 0 1899 0 2640 0.432662 2641 0.567338 
2 1868 1 1898 0 1897 0 2640 0.432662 2641 0.567338 
2 1870 1 1898 0 1899 0 2640 0.432662 2641 0.567338 
2 1873 1 1901 0 1900 0 2640 0.432662 2641 0.567338 
2 1874 1 1901 0 1902 0 2640 0.432662 2641 0.567338 
3 1875 1 1902 0 1903 0 2640 0.710313 2641 0.289687 
2 1927 1 1893 0 1894 0 1892 0 2640 0.432662 2641 0.567338 
2 1928 1 1893 0 1894 0 1895 0 2640 0.432662 2641 0.567338 
2 1929 1 1894 0 1895 0 1896 0 2640 0.432662 2641 0.567338 
2 1930 1 1897 0 1895 0 1896 0 2640 0.432662 2641 0.567338 
2 1931 1 1898 0 1897 0 1896 0 2640 0.432662 2641 0.567338 
2 1926 1 1893 0 1892 0 2640 0.432662 2641 0.567338 
2 1932 1 1898 0 1897 0 2640 0.432662 2641 0.567338 
0 2640 26.7115 1901 0.294503 1902 0.294503 1903 0.294503 1900 0.294503 1904 0.294503 1898 0.294503 1899 0.294503 1897 0.294503 1893 0.294503 1894 0.294503 1895 0.294503 1896 0.294503 1892 0.294503 1905 0.294503 1842 0.432662 1841 0.432662 1838 0.432662 1839 0.432662 1840 0.432662 1843 0.432662 1844 0.432662 1837 0.432662 1845 0.432662 1804 0.710313 1805 0.710313 1806 0.710313 1803 0.710313 1807 0.710313 1802 0.710313 1801 0.710313 1808 0.710313 1809 0.710313 1769 0.567192 1770 0.567192 1771 0.567192 1768 0.567192 1767 0.567192 1772 0.567192 1876 0.710313 1877 0.710313 1878 0.710313 1869 0.432662 1871 0.432662 1872 0.432662 1868 0.432662 1870 0.432662 1873 0.432662 1874 0.432662 1875 0.710313 1927 0.432662 1928 0.432662 1929 0.432662 1930 0.432662 1931 0.432662 1926 0.432662 1932 0.432662 
0 2641 29.2885 1901 0.705497 1902 0.705497 1903 0.705497 1900 0.705497 1904 0.705497 1898 0.705497 1899 0.705497 1897 0.705497 1893 0.705497 1894 0.705497 1895 0.705497 1896 0.705497 1892 0.705497 1905 0.705497 1842 0.567338 1841 0.567338 1838 0.567338 1839 0.567338 1840 0.567338 1843 0.567338 1844 0.567338 1837 0.567338 1845 0.567338 1804 0.289687 1805 0.289687 1806 0.289687 1803 0.289687 1807 0.289687 1802 0.289687 1801 0.289687 1808 0.289687 1809 0.289687 1769 0.432808 1770 0.432808 1771 0.432808 1768 0.432808 1767 0.432808 1772 0.432808 1876 0.289687 1877 0.289687 1878 0.289687 1869 0.567338 1871 0.567338 1872 0.567338 1868 0.567338 1870 0.567338 1873 0.567338 1874 0.567338 1875 0.289687 1927 0.567338 1928 0.567338 1929 0.567338 1930 0.567338 1931 0.567338 1926 0.567338 1932 0.567338 
NanList HYP 0
d
174
0 0 -41.0994 0 0 -41.0994 0 0 -41.0994 0 0 -41.0994 0 0 -41.0994 0 0 -41.0994 0 0 -41.0994 0 0 -41.0994 0 0 -41.0994 0 0 -41.0994 0 0 -41.0994 0 0 -41.0994 0 0 -41.0994 0 0 -41.0994 0 0 -13.4675 0 0 -13.4675 0 0 -13.4675 0 0 -13.4675 0 0 -13.4675 0 0 -13.4675 0 0 -13.4675 0 0 -13.4675 0 0 -13.4675 0 0 42.0625 0 0 42.0625 0 0 42.0625 0 0 42.0625 0 0 42.0625 0 0 42.0625 0 0 42.0625 0 0 42.0625 0 0 42.0625 0 0 13.4384 0 0 13.4384 0 0 13.4384 0 0 13.4384 0 0 13.4384 0 0 13.4384 0 0 42.0625 0 0 42.0625 0 0 42.0625 0 0 -13.4675 0 0 -13.4675 0 0 -13.4675 0 0 -13.4675 0 0 -13.4675 0 0 -13.4675 0 0 -13.4675 0 0 42.0625 0 0 -13.4675 0 0 -13.4675 0 0 -13.4675 0 0 -13.4675 0 0 -13.4675 0 0 -13.4675 0 0 -13.4675 -17.6865 39.453 0 16.1304 -35.9813 0 
s	19
1910 1912 1943 1945 
1910 1911 1912 1943 1944 1945 
b
2 0
0.180421 0.291053 0.495977
1911 0 0 1
1944 0 0 1
s	20
2174 2176 2239 2242 
2174 2175 2176 2239 2240 2241 2242 
b
2 0
0.139058 0.72755 0.684178
2175 0 0 2
2240 0 0 1
2241 0 0 1
s	21
2231 2239 2262 2272 2295 2301 
2231 2232 2233 2234 2235 2236 2237 2238 2239 2262 2263 2264 2265 2266 2267 2268 2269 2270 2271 2272 2295 2296 2297 2298 2299 2300 2301 
b
3 0
0.838134 0.492422 0.603109
2232 0 0 1
2233 0 0 2
2234 0 0 3
2235 0 0 3
2236 0 0 3
2237 0 0 2
2238 0 0 1
2263 0 0 1
2264 0 0 2
2265 0 0 2
2266 0 0 5
2267 0 0 5
2268 0 0 3
2269 0 0 2
2270 0 0 2
2271 0 0 2
2296 0 0 2
2297 0 0 2
2298 0 0 2
2299 0 0 2
2300 0 0 1
s	22
2306 2308 2338 2340 
2306 2307 2308 2338 2339 2340 
b
2 0
0.221966 0.178208 0.724252
2307 0 0 1
2339 0 0 1
s	23
2371 2373 2405 2407 2438 2440 
2371 2372 2373 2405 2406 2407 2438 2439 2440 
b
3 0
0.138238 0.121259 0.498525
2372 0 0 1
2406 0 0 2
2439 0 0 1
