33 0.5 0.1 0.3 1 0 25 1
p
0
30
1000 0 0
1003.35 55.6313 0
1006.71 111.263 0
1010.25 166.883 0
1014.12 222.483 0
1018.59 278.04 0
1024.04 333.517 0
1030.95 388.845 0
1039.8 443.923 0
1049.74 498.837 0
1060.91 553.55 0
1073.12 608.075 0
1086.19 662.433 0
1099.96 716.649 0
1114.24 770.755 0
1128.88 824.786 0
1143.69 878.78 -12.1854
1158.51 932.773 -12.1854
1173.17 986.804 -12.1854
1187.5 1040.91 -12.1854
1201.32 1095.13 -12.1854
1214.46 1149.48 -12.1854
1226.76 1204.01 -12.1854
1238.03 1258.72 -12.1854
1248.1 1313.63 -12.1854
1256.78 1368.74 0
1263.91 1424.04 0
1269.29 1479.52 0
1273.1 1535.12 0
1276.69 1590.74 0
1280.46 1646.35 0
p
1
30
1200 0 0
1201.16 76.4966 0
1202.33 152.993 0
1201.67 229.502 0
1200.24 306.011 0
1197.63 382.505 0
1193.87 458.967 0
1189.1 535.382 0
1184.17 611.791 0
1179.71 688.22 0
1176.76 764.713 0
1176.28 841.249 13.7085
1179.32 917.722 13.7085
1186.86 993.899 13.7085
1199.75 1069.4 13.7085
1217.5 1143.99 13.7085
1240.35 1217.29 13.7085
1268.11 1289.02 13.7085
1300.44 1359 13.7085
1336.89 1427.11 0
1376.92 1493.39 0
1419.89 1558 0
1465.13 1621.23 0
1511.9 1683.49 0
1559.45 1745.28 0
1606.97 1807.18 0
1653.63 1869.79 0
1698.82 1933.5 0
1742.87 1998.15 0
1785.85 2063.65 -9.97732
1828.23 2129.59 -9.97732
p
2
30
1400 0 0
1391.42 65.2386 0
1382.85 130.477 0
1375.21 195.846 0
1369.28 261.426 0
1365.52 327.209 0
1364.46 393.152 0
1366.48 459.15 0
1370.88 525.083 0
1378.05 590.848 0
1387.36 656.39 0
1398.62 721.668 0
1411.57 786.67 0
1425.97 851.395 0
1441.73 915.84 0
1457.76 980.238 0
1474.01 1044.62 0
1490.24 1109.05 0
1506.32 1173.57 0
1522.2 1238.19 0
1537.91 1302.91 0
1553.55 1367.71 0
1569.28 1432.54 0
1585.31 1497.36 0
1601.93 1562.09 0
1619.48 1626.63 0
1638.37 1690.86 0
1659.06 1754.59 0
1682.13 1817.58 0
1708.2 1879.5 -7.92978
1737.24 1940.21 -7.92978
p
3
30
1600 0 0
1599.14 65.1166 0
1598.28 130.233 0
1599.29 195.423 0
1600.45 260.588 0
1602.11 325.759 0
1604.18 390.931 0
1606.6 456.097 0
1609.77 521.235 0
1613.65 586.331 0
1617.9 651.398 0
1622.56 716.429 0
1627.53 781.432 0
1632.75 846.413 0
1638.17 911.384 0
1643.73 976.355 0
1649.43 1041.34 0
1655.25 1106.34 0
1661.19 1171.36 0
1667.27 1236.42 0
1673.53 1301.5 0
1680.02 1366.61 0
1686.78 1431.73 0
1693.89 1496.86 0
1701.44 1561.97 0
1709.5 1627.03 0
1718.17 1692.03 0
1727.57 1756.92 0
1737.81 1821.68 0
1748.9 1886.27 7.92978
1760.51 1950.78 7.92978
p
4
30
1800 0 0
1806.99 83.8949 0
1813.98 167.79 0
1822.87 251.45 0
1831.7 335.159 0
1840.7 418.86 0
1849.58 502.583 0
1858.04 586.348 0
1865.83 670.173 0
1872.72 754.071 0
1878.51 838.043 0
1883.24 922.074 0
1886.84 1006.16 0
1889.29 1090.29 0
1890.6 1174.46 0
1890.82 1258.65 0
1889.97 1342.86 0
1888.15 1427.09 0
1885.42 1511.32 0
1881.88 1595.55 0
1877.63 1679.79 0
1872.79 1764.02 0
1867.48 1848.26 0
1861.82 1932.49 0
1855.93 2016.72 0
1850.01 2100.96 9.97732
1844.47 2185.21 9.97732
1839.85 2269.46 0
1836.22 2353.72 0
1833.57 2437.97 0
1831.73 2522.21 0
p
5
30
2000 0 0
1999.15 85.3996 0
1998.31 170.799 0
1996.82 256.21 0
1995.18 341.61 0
1993.24 427.005 0
1991.01 512.396 0
1988.51 597.782 0
1985.74 683.162 0
1982.72 768.535 0
1979.44 853.9 0
1975.92 939.259 0
1972.17 1024.61 0
1968.19 1109.95 0
1963.98 1195.28 0
1959.55 1280.6 0
1954.88 1365.91 0
1949.98 1451.2 0
1944.84 1536.49 0
1939.43 1621.75 0
1933.75 1707 0
1927.77 1792.23 0
1921.47 1877.44 0
1914.82 1962.63 0
1907.79 2047.79 0
1900.35 2132.92 0
1892.45 2218.01 0
1884.05 2303.07 0
1875.1 2388.07 0
1865.62 2473.04 0
1855.93 2557.97 0
p
6
30
2200 0 0
2210.1 69.14 0
2220.2 138.28 0
2228.7 207.57 0
2233 277.228 0
2229.94 346.951 0
2224.46 416.881 0
2216.82 486.787 0
2208.92 556.69 0
2202.71 626.625 0
2200.04 696.536 0
2202.42 766.203 0
2210.91 835.248 0
2225.34 903.482 0
2242.94 971.21 0
2262.16 1038.62 0
2281.54 1105.99 0
2300.83 1173.38 0
2320.1 1240.78 0
2339.4 1308.17 0
2358.83 1375.53 0
2378.4 1442.85 0
2398.04 1510.17 0
2417.75 1577.48 0
2437.48 1644.78 0
2457.2 1712.09 0
2476.92 1779.39 0
2496.64 1846.7 0
2516.37 1914 0
2536.09 1981.3 0
2555.81 2048.61 0
p
7
30
2400 0 0
2413.42 74.8832 0
2426.85 149.766 0
2436.44 225.338 0
2439.3 301.77 0
2432.42 378.548 0
2420.01 454.135 0
2389.67 525.671 0
2353.25 596.094 0
2313.45 665.903 0
2277.63 737.247 0
2254.88 812.303 0
2251.81 888.524 0
2267.56 961.88 0
2299.38 1030.01 0
2337.52 1095.12 0
2366.85 1164.13 -13.2899
2383.94 1237.47 -13.2899
2391.52 1313.12 -13.2899
2399.12 1389.28 -13.2899
2416.13 1464.07 -13.2899
2441.71 1536.36 -13.2899
2468.23 1608.11 0
2494.75 1679.84 0
2522.3 1751.18 0
2551.86 1821.72 0
2584.26 1891.05 0
2620.08 1958.77 0
2659.54 2024.59 0
2702.17 2088.6 -10.5878
2746.09 2151.96 -10.5878
p
8
30
2600 0 0
2611.14 68.4413 0
2622.27 136.883 0
2628.96 206.095 0
2630.02 275.932 0
2623.88 346.064 0
2606.4 415.951 0
2576.19 483.876 0
2550.17 552.786 0
2525.04 622.09 0
2501.61 691.299 0
2481 760.201 0
2459.73 828.663 0
2437.99 897.478 0
2419.32 968.137 0
2403.36 1039.93 0
2393.67 1112.48 11.3913
2392.18 1184.95 11.3913
2391.2 1256.34 11.3913
2392.38 1326.87 11.3913
2405.27 1395.59 11.3913
2435.72 1458.21 11.3913
2482.96 1509.8 11.3913
2544.15 1545.54 0
2609.6 1573.97 0
2670.06 1610.81 0
2713.89 1665.58 0
2734.42 1733.07 -13.8844
2748.26 1803.47 -13.8844
2767.18 1873 -13.8844
2792.94 1940.16 -13.8844
p
9
30
2800 0 0
2797.98 55.3599 0
2795.97 110.72 0
2794.76 166.186 0
2791.84 221.728 0
2791.55 277.748 0
2788.62 333.808 0
2789.61 390.656 0
2789.06 447.571 0
2788.74 504.853 0
2789.2 562.649 0
2787.19 620.266 0
2785.14 678.007 0
2784.84 736.03 0
2783.11 793.833 0
2781.48 851.645 0
2780.1 909.461 0
2779.22 967.316 0
2778.21 1025.26 0
2777.35 1083.42 0
2776.53 1141.88 0
2775.7 1200.7 0
2774.84 1259.87 0
2774 1319.3 0
2773.2 1378.84 0
2772.48 1438.34 0
2771.74 1497.65 0
2770.78 1556.69 0
2769.3 1615.44 0
2767.17 1673.9 0
2764.79 1731.7 0
p
10
30
3000 0 0
3002.64 73.1614 0
3005.28 146.323 0
3010.69 219.449 0
3018.68 292.515 0
3031.89 365.289 0
3045.9 437.896 0
3059.33 510.679 0
3071.37 583.623 0
3083.46 657.13 0
3099.99 731.129 0
3111.18 807.067 0
3118.77 883.899 0
3123 960.682 -13.3725
3124.39 1036.77 -13.3725
3126.27 1111.62 -13.3725
3126.71 1185.47 -13.3725
3120.28 1258.58 -13.3725
3102.33 1329.58 -13.3725
3071.68 1396.23 -13.3725
3029.76 1457.07 -13.3725
2978.25 1511.14 0
2922.81 1561.81 0
2870.02 1614.88 0
2826.28 1674.74 0
2795.06 1741.23 13.8844
2771.13 1810.94 13.8844
2752.84 1882.7 13.8844
2740.93 1956.04 13.8844
2735.58 2030.32 10.5878
2733.94 2104.9 10.5878
p
11
30
3200 0 0
3199.65 91.2243 0
3199.31 182.449 0
3209.5 273.534 0
3233.9 362.674 0
3270.77 447.66 0
3299.3 534.637 0
3307.31 624.242 0
3293.24 713.246 0
3259.17 797.913 0
3214.11 878.63 0
3170.66 959.935 15.2829
3140.08 1045.67 15.2829
3123.46 1134.69 15.2829
3117.45 1225.34 15.2829
3111.5 1316.34 15.2829
3097 1406.81 15.2829
3075.67 1496.12 15.2829
3053.09 1585.12 0
3030.52 1674.12 0
3007.95 1763.11 0
2985.38 1852.11 0
2962.81 1941.11 0
2940.24 2030.11 0
2917.67 2119.11 0
2895.09 2208.11 0
2872.52 2297.11 0
2849.95 2386.1 0
2827.38 2475.1 0
2804.81 2564.1 0
2782.24 2653.1 0
p
12
30
3400 0 0
3405.54 77.7421 0
3411.08 155.484 0
3416.56 233.211 0
3422.13 310.921 0
3427.76 388.637 0
3433.49 466.345 0
3439.36 544.044 0
3445.39 621.73 0
3451.62 699.402 0
3458.06 777.057 0
3464.76 854.693 0
3471.72 932.307 0
3478.98 1009.9 0
3486.55 1087.46 0
3494.46 1165 0
3502.71 1242.5 0
3511.34 1319.97 0
3520.34 1397.41 0
3529.73 1474.81 0
3539.51 1552.18 0
3549.7 1629.5 0
3560.29 1706.78 0
3571.27 1784.02 0
3582.66 1861.21 0
3594.44 1938.37 0
3606.6 2015.48 0
3619.07 2092.55 -5.39969
3631.64 2169.63 -5.39969
3644.24 2246.71 0
3656.86 2323.78 0
p
13
30
3600 0 0
3600.34 71.3365 0
3600.68 142.673 0
3601.19 214.034 0
3601.51 285.407 0
3602.03 356.767 0
3602.83 428.121 0
3604.09 499.462 0
3605.82 570.778 0
3607.85 642.064 0
3609.92 713.324 0
3612.24 784.599 0
3614.71 855.871 0
3617.32 927.14 0
3620.08 998.405 0
3622.97 1069.67 0
3625.99 1140.93 0
3629.12 1212.19 0
3632.34 1283.46 0
3635.63 1354.74 0
3638.94 1426.04 0
3642.21 1497.36 0
3645.37 1568.7 0
3648.31 1640.09 0
3650.93 1711.52 0
3653.06 1783 0
3654.51 1854.53 0
3655.08 1926.11 0
3654.49 1997.72 0
3652.43 2069.34 5.39969
3648.92 2140.9 5.39969
p
14
30
3800 0 0
3800.89 64.3394 0
3801.79 128.679 0
3802.91 193.024 0
3804.25 257.369 0
3805.75 321.708 0
3807.39 386.046 0
3809.05 450.392 0
3810.55 514.758 0
3811.71 579.154 0
3812.24 643.589 0
3812.12 708.018 0
3811.04 772.454 0
3809.66 836.9 0
3807.9 901.355 0
3805.86 965.822 0
3803.64 1030.3 0
3801.28 1094.8 0
3798.82 1159.32 0
3796.28 1223.85 0
3793.65 1288.4 0
3790.92 1352.96 0
3788.08 1417.53 0
3785.08 1482.12 0
3781.89 1546.7 0
3778.47 1611.29 0
3774.76 1675.86 0
3770.71 1740.43 0
3766.26 1804.97 0
3761.49 1869.47 -10.5248
3756.78 1934.04 -10.5248
p
15
30
4000 0 0
4008.41 64.3395 0
4016.82 128.679 0
4026.18 192.889 0
4036.5 256.957 0
4046.42 321.11 0
4055.89 385.351 0
4064.62 449.718 0
4072.49 514.215 0
4079.22 578.861 0
4084.23 643.691 0
4087.07 708.689 0
4087.23 773.795 0
4084.77 838.895 0
4079.49 903.886 0
4071.26 968.642 0
4059.97 1033.02 0
4047.02 1097.17 0
4032.41 1161.06 0
4016.51 1224.74 0
3999.54 1288.27 0
3981.66 1351.66 0
3962.96 1414.93 0
3943.43 1478.06 0
3923.02 1541.05 0
3901.63 1603.82 0
3879.08 1666.32 0
3855.17 1728.43 0
3829.62 1790.05 0
3802.13 1850.98 10.5248
3772.76 1911.27 10.5248
p
16
30
4200 0 0
4197.4 79.4326 0
4194.79 158.865 0
4193.95 238.349 0
4195.37 317.852 0
4198.66 397.333 0
4204.45 476.725 0
4213.24 555.905 0
4225.82 634.652 0
4242.95 712.64 0
4265.13 789.468 0
4289.72 865.623 0
4314.44 941.733 0
4336.04 1018.71 0
4351.46 1097.02 0
4357.56 1176.47 0
4351.67 1255.87 0
4333.92 1333.55 0
4303.99 1407.63 0
4262.93 1476.61 0
4212.54 1539.68 0
4155.03 1597.03 0
4092.79 1649.88 0
4028.24 1700.36 0
3963.8 1751.18 0
3902.12 1805.28 0
3846.29 1865.28 0
3798.02 1931.48 0
3754.04 2000.61 0
3719.75 2075.64 0
3693.26 2154.15 0
p
17
30
4400 0 0
4408.36 73.381 0
4416.73 146.762 0
4424.61 220.201 0
4431.91 293.702 0
4438.45 367.28 0
4444.07 440.94 0
4448.65 514.681 0
4452.08 588.496 0
4454.26 662.368 0
4455.13 736.281 0
4454.63 810.211 0
4452.73 884.132 0
4449.39 958.017 0
4444.57 1031.84 0
4438.23 1105.56 0
4430.33 1179.14 0
4420.81 1252.55 0
4409.59 1325.74 0
4397.33 1398.77 0
4384.09 1471.65 0
4370.11 1544.41 0
4355.62 1617.07 0
4340.82 1689.68 0
4325.91 1762.27 0
4311.09 1834.87 0
4296.57 1907.53 0
4282.55 1980.28 0
4269.26 2053.15 0
4256.94 2126.18 0
4245.58 2199.33 0
p
18
30
4600 0 0
4595.96 75.4588 0
4591.91 150.918 0
4587.81 226.372 0
4583.61 301.82 0
4579.27 377.26 0
4574.72 452.687 0
4569.92 528.097 0
4564.78 603.485 0
4559.25 678.846 0
4553.25 754.172 0
4546.74 829.456 0
4539.64 904.688 0
4531.9 979.86 0
4523.49 1054.96 0
4514.35 1129.98 0
4504.46 1204.91 0
4493.8 1279.74 0
4482.36 1354.46 0
4470.01 1429.05 0
4456.72 1503.48 0
4442.41 1577.73 0
4427.05 1651.78 0
4410.59 1725.61 0
4392.98 1799.18 0
4374.2 1872.48 0
4354.23 1945.47 0
4333.06 2018.15 0
4310.69 2090.48 0
4287.27 2162.51 0
4263.44 2234.4 0
p
19
30
4800 0 0
4796.23 76.8083 0
4792.46 153.617 0
4788.69 230.425 0
4784.93 307.233 0
4781.16 384.041 0
4777.39 460.85 0
4773.62 537.658 0
4769.85 614.466 0
4766.08 691.274 0
4762.32 768.083 0
4758.55 844.891 0
4754.78 921.699 0
4751.01 998.507 0
4747.24 1075.32 0
4743.47 1152.12 0
4739.7 1228.93 0
4735.94 1305.74 0
4732.17 1382.55 0
4728.4 1459.36 0
4724.63 1536.17 0
4720.86 1612.97 0
4717.09 1689.78 0
4713.33 1766.59 0
4709.56 1843.4 0
4705.79 1920.21 0
4702.02 1997.01 0
4698.25 2073.82 0
4694.48 2150.63 0
4690.71 2227.44 0
4686.95 2304.25 0
p
20
30
5000 0 0
5005.6 76.9197 0
5011.2 153.839 0
5016.03 230.806 0
5020.75 307.783 0
5025.26 384.775 0
5029.66 461.774 0
5034.08 538.773 0
5038.66 615.763 0
5043.57 692.733 0
5048.97 769.669 0
5055.01 846.555 0
5061.87 923.371 0
5069.71 1000.09 0
5078.67 1076.69 0
5088.89 1153.14 0
5100.48 1229.39 0
5113.54 1305.42 0
5128.15 1381.17 0
5144.5 1456.59 0
5162.65 1531.61 0
5182.69 1606.17 0
5204.65 1680.22 0
5228.53 1753.71 0
5254.32 1826.58 0
5281.93 1898.81 0
5311.28 1970.38 0
5342.22 2041.32 0
5374.58 2111.66 0
5408.01 2181.53 26.49
5441.8 2251.26 26.49
p
21
30
5200 0 0
5193.03 74.3335 0
5186.05 148.667 0
5179.38 223.032 0
5173.25 297.446 0
5167.82 371.919 0
5163.26 446.455 0
5159.73 521.056 0
5157.37 595.714 0
5156.29 670.413 0
5156.6 745.133 0
5158.38 819.848 0
5161.69 894.529 0
5166.61 969.141 0
5173.18 1043.64 0
5181.46 1118 0
5191.54 1192.16 0
5203.49 1266.06 0
5217.41 1339.64 0
5232.68 1412.98 0
5249.27 1486.06 0
5266.96 1558.9 0
5285.59 1631.53 0
5305 1703.97 0
5325.03 1776.26 0
5345.56 1848.41 0
5366.44 1920.48 0
5387.56 1992.48 0
5408.75 2064.46 0
5429.79 2136.48 -26.7339
5450.7 2208.52 -26.7339
p
22
30
5400 0 0
5410.23 67.6188 0
5420.47 135.238 0
5427.25 203.434 0
5433.04 271.717 0
5437.2 340.176 0
5439.86 408.753 0
5441.14 477.398 0
5441.65 546.057 0
5441.54 614.714 0
5441.05 683.355 0
5440.4 751.977 0
5439.74 820.584 0
5439.2 889.181 0
5438.88 957.777 0
5438.83 1026.38 0
5439.1 1095 0
5439.68 1163.64 0
5440.56 1232.31 0
5441.69 1301.01 0
5443.01 1369.74 0
5444.44 1438.51 0
5445.88 1507.3 0
5447.21 1576.13 0
5448.3 1644.97 0
5449 1713.82 0
5449.16 1782.67 0
5448.59 1851.51 0
5447.13 1920.31 0
5444.57 1989.08 0
5440.96 2057.77 0
p
23
30
5600 0 0
5603.85 75.5168 0
5607.71 151.034 0
5612.48 226.484 0
5616.89 301.965 0
5620.91 377.471 0
5624.16 453.017 0
5626.28 528.61 0
5627.5 604.233 0
5627.61 679.875 0
5626.6 755.525 0
5624.44 831.166 0
5621.13 906.784 0
5616.7 982.366 0
5611.16 1057.9 0
5604.57 1133.37 0
5596.97 1208.78 0
5588.45 1284.12 0
5579.08 1359.38 0
5568.95 1434.58 0
5558.18 1509.71 0
5546.88 1584.79 0
5535.17 1659.83 0
5523.18 1734.84 0
5511.06 1809.84 0
5498.95 1884.86 0
5487 1959.92 0
5475.33 2035.04 0
5463.82 2110.19 0.16261
5452.41 2185.35 0.16261
5441.01 2260.53 0.16261
p
24
30
5800 0 0
5809.78 74.7929 0
5819.55 149.586 0
5824.53 224.972 0
5823.94 300.698 0
5820.59 376.551 0
5814.13 452.447 0
5805.57 528.327 0
5796.24 604.216 0
5787.69 680.195 0
5781.62 756.316 0
5779.63 832.492 0
5782.57 908.402 0
5791.48 983.628 0
5806.87 1057.61 0
5828.63 1129.8 0
5853.97 1200.67 0
5882.58 1270.4 0
5912.93 1339.4 0
5943.78 1408.19 0
5974.02 1477.24 0
6002.77 1546.89 0
6029.44 1617.33 0
6053.73 1688.59 0
6075.71 1760.57 0
6095.78 1833.1 -14.9791
6112.28 1906.52 -14.9791
6114.83 1982.42 -14.9791
6099.43 2057.72 -14.9791
6081.09 2132.34 -14.9791
6063.48 2207.02 -14.9791
p
25
30
6000 0 0
6004.52 70.8325 0
6009.04 141.665 0
6008.87 212.952 0
6005.16 284.332 0
6000.41 355.742 0
5994.24 427.28 0
5987.31 498.991 0
5980.25 570.892 0
5973.79 642.963 0
5969 715.133 0
5967.45 787.258 0
5969.59 859.2 -11.4646
5974.25 931.003 -11.4646
5981.53 1002.6 -11.4646
5991.63 1074.03 -11.4646
6000.32 1146.38 -11.4646
6012.7 1217.8 0
6025.78 1289.05 0
6040.62 1359.89 0
6056.42 1430.52 0
6073.09 1501.07 0
6090.42 1571.65 0
6107.8 1642.44 0
6123.57 1713.69 0
6133.96 1785.88 0
6134.02 1858.96 11.2344
6123.48 1931.36 11.2344
6097.67 1999.74 11.2344
6060.78 2063.02 11.2344
6022.01 2125.31 0
p
26
30
6200 0 0
6190.1 87.6299 0
6180.19 175.26 0
6166.73 262.361 0
6147.74 348.537 0
6125.86 434.219 0
6100.93 519.255 0
6074.23 603.879 0
6047.48 688.512 0
6022.82 773.695 0
6002.89 859.939 11.4646
5991.62 947.56 11.4646
5996.81 1035.83 11.4646
6022.01 1121.07 11.4646
6067.84 1198.34 11.4646
6133.65 1261.38 0
6209.56 1313.05 0
6279.63 1371.86 0
6334 1443.89 -13.159
6373.6 1523.96 -13.159
6393.47 1610.27 -13.159
6389.73 1698.51 -13.159
6363.14 1783.1 -13.159
6313.14 1857.31 0
6249.27 1921.21 0
6182.75 1982.93 11.2344
6121.67 2049.84 11.2344
6061.96 2118.45 11.2344
6001.86 2186.85 11.2344
5941.62 2255.19 0
5881.39 2323.54 0
p
27
30
6400 0 0
6392.19 71.9464 0
6384.39 143.893 0
6374.7 215.644 0
6362.71 287.085 0
6350.16 358.467 0
6336.99 429.8 0
6323.84 501.207 0
6311.43 572.825 0
6300.57 644.783 0
6292.22 717.172 0
6287.46 789.999 0
6284.98 862.992 0
6285.27 936.092 0
6288.32 1009.17 0
6294.13 1082.1 0
6302.77 1154.75 0
6314.29 1226.97 0
6328.79 1298.64 0
6346.36 1369.6 0
6366.23 1440.04 13.159
6384.43 1510.86 13.159
6398.47 1582.43 13.159
6408.01 1654.58 13.159
6413.66 1727 13.159
6416.9 1799.38 0
6419.69 1871.79 0
6422.48 1944.2 0
6425.28 2016.61 0
6428.07 2089.02 0
6430.86 2161.43 0
p
28
30
6600 0 0
6602.56 93.052 0
6605.11 186.104 0
6607.67 279.156 0
6610.22 372.208 0
6612.78 465.26 0
6615.33 558.312 0
6617.89 651.364 0
6620.44 744.416 0
6623 837.468 0
6625.55 930.52 0
6628.11 1023.57 0
6630.67 1116.62 0
6633.22 1209.68 0
6635.78 1302.73 0
6638.33 1395.78 0
6640.89 1488.83 0
6643.44 1581.88 0
6646 1674.94 0
6648.55 1767.99 0
6651.11 1861.04 0
6653.67 1954.09 0
6656.22 2047.14 0
6658.78 2140.2 0
6661.33 2233.25 0
6663.89 2326.3 0
6666.44 2419.35 0
6669 2512.4 0
6671.55 2605.46 0
6674.11 2698.51 0
6676.66 2791.56 0
p
29
30
6800 0 0
6801.47 73.7096 0
6802.94 147.419 0
6804.41 221.129 0
6805.88 294.839 0
6807.35 368.548 0
6808.82 442.258 0
6810.29 515.967 0
6811.76 589.677 0
6813.23 663.387 0
6814.7 737.096 0
6816.17 810.806 0
6817.64 884.516 0
6819.11 958.225 0
6820.59 1031.93 0
6822.06 1105.64 0
6823.53 1179.35 0
6825 1253.06 0
6826.47 1326.77 0
6827.94 1400.48 0
6829.41 1474.19 0
6830.88 1547.9 0
6832.35 1621.61 0
6833.82 1695.32 0
6835.29 1769.03 0
6836.76 1842.74 0
6838.23 1916.45 0
6839.7 1990.16 0
6841.17 2063.87 0
6842.64 2137.58 0
6844.11 2211.29 0
p
30
30
7000 0 0
7001.54 75.0397 0
7003.08 150.079 0
7004.62 225.118 0
7006.15 300.157 0
7007.66 375.196 0
7009.15 450.234 0
7010.62 525.273 0
7011.99 600.314 0
7013.25 675.357 0
7014.37 750.401 0
7015.31 825.449 0
7016.05 900.499 0
7016.55 975.551 0
7016.79 1050.6 0
7016.93 1125.66 0
7017.01 1200.72 0
7017.11 1275.77 0
7017.3 1350.83 0
7017.66 1425.88 0
7018.26 1500.94 0
7019.19 1575.99 0
7020.52 1651.04 0
7022.32 1726.07 0
7024.67 1801.09 0
7027.64 1876.09 0
7031.3 1951.06 0
7035.72 2025.99 0
7040.97 2100.87 0
7047.07 2175.69 0
7053.8 2250.46 0
p
31
30
7200 0 0
7192.13 73.7794 0
7184.27 147.559 0
7176.55 221.354 0
7168.99 295.167 0
7161.68 369.005 0
7154.66 442.873 0
7148 516.774 0
7141.71 590.709 0
7135.83 664.679 0
7130.41 738.686 0
7125.47 812.728 0
7121.04 886.805 0
7117.16 960.914 0
7113.87 1035.05 0
7110.99 1109.21 0
7108.51 1183.39 0
7106.36 1257.58 0
7104.48 1331.78 0
7102.8 1405.98 0
7101.26 1480.19 0
7099.79 1554.4 0
7098.34 1628.6 0
7096.83 1702.81 0
7095.2 1777.02 0
7093.4 1851.22 0
7091.34 1925.41 0
7088.98 1999.59 0
7086.24 2073.76 0
7083.06 2147.91 0
7079.46 2222.03 0
p
32
30
7400 0 0
7398.5 78.0628 0
7397 156.126 0
7395.5 234.188 0
7394 312.251 0
7392.5 390.314 0
7391 468.377 0
7389.49 546.44 0
7387.99 624.502 0
7386.49 702.565 0
7384.99 780.628 0
7383.49 858.691 0
7381.99 936.754 0
7380.49 1014.82 0
7378.99 1092.88 0
7377.49 1170.94 0
7375.99 1249 0
7374.49 1327.07 0
7372.99 1405.13 0
7371.48 1483.19 0
7369.98 1561.26 0
7368.48 1639.32 0
7366.98 1717.38 0
7365.48 1795.44 0
7363.98 1873.51 0
7362.48 1951.57 0
7360.98 2029.63 0
7359.48 2107.7 0
7357.98 2185.76 0
7356.48 2263.82 0
7354.98 2341.88 0
p
33
30
7600 0 0
7602.93 72.991 0
7605.87 145.982 0
7608.8 218.973 0
7611.74 291.964 0
7614.67 364.955 0
7617.61 437.946 0
7620.54 510.937 0
7623.48 583.928 0
7626.41 656.919 0
7629.35 729.91 0
7632.28 802.901 0
7635.22 875.892 0
7638.15 948.883 0
7641.09 1021.87 0
7644.02 1094.86 0
7646.96 1167.86 0
7649.89 1240.85 0
7652.83 1313.84 0
7655.76 1386.83 0
7658.7 1459.82 0
7661.63 1532.81 0
7664.57 1605.8 0
7667.5 1678.79 0
7670.44 1751.78 0
7673.37 1824.77 0
7676.31 1897.77 0
7679.24 1970.76 0
7682.18 2043.75 0
7685.11 2116.74 0
7688.05 2189.73 0
p
34
30
7800 0 0
7806.26 69.4757 0
7812.52 138.951 0
7818.78 208.427 0
7825.04 277.903 0
7831.3 347.379 0
7837.56 416.854 0
7843.82 486.33 0
7850.08 555.806 0
7856.34 625.281 0
7862.6 694.757 0
7868.86 764.233 0
7875.12 833.709 0
7881.38 903.184 0
7887.64 972.66 0
7893.9 1042.14 0
7900.16 1111.61 0
7906.41 1181.09 0
7912.67 1250.56 0
7918.93 1320.04 0
7925.19 1389.51 0
7931.45 1458.99 0
7937.71 1528.47 0
7943.97 1597.94 0
7950.23 1667.42 0
7956.49 1736.89 0
7962.75 1806.37 0
7969.01 1875.84 0
7975.27 1945.32 0
7981.53 2014.8 0
7987.79 2084.27 0
p
35
30
8000 0 0
8000.99 59.4222 0
8001.99 118.844 0
8002.98 178.267 0
8003.98 237.689 0
8004.97 297.111 0
8005.96 356.533 0
8006.96 415.955 0
8007.95 475.377 0
8008.94 534.8 0
8009.94 594.222 0
8010.93 653.644 0
8011.93 713.066 0
8012.92 772.488 0
8013.91 831.911 0
8014.91 891.333 0
8015.9 950.755 0
8016.89 1010.18 0
8017.89 1069.6 0
8018.88 1129.02 0
8019.88 1188.44 0
8020.87 1247.87 0
8021.86 1307.29 0
8022.86 1366.71 0
8023.85 1426.13 0
8024.85 1485.55 0
8025.84 1544.98 0
8026.83 1604.4 0
8027.83 1663.82 0
8028.82 1723.24 0
8029.81 1782.67 0
p
36
30
8200 0 0
8213.78 78.0179 0
8227.56 156.036 0
8241.25 234.065 0
8254.66 312.138 0
8267.52 390.303 0
8279.39 468.622 0
8289.74 547.16 0
8297.85 625.973 0
8302.87 705.068 0
8303.81 784.366 0
8299.58 863.637 0
8289.18 942.455 0
8271.98 1020.23 0
8248.2 1096.43 0
8221.17 1171.71 0
8192.63 1246.51 0
8165.07 1321.63 0
8141.02 1397.79 0
8122.84 1475.35 0
8112.58 1554.11 0
8111.42 1633.33 0
8120.01 1712 0
8139.43 1788.71 0
8168.7 1862.34 0
8206.02 1932.4 0
8248.69 1999.51 0
8293.31 2065.44 0
8335.86 2132.78 0
8373.71 2202.85 29.0057
8411.53 2273.38 29.0057
p
37
30
8400 0 0
8396.04 73.9096 0
8392.09 147.819 0
8388.13 221.733 0
8384.16 295.65 0
8380.22 369.571 0
8376.3 443.499 0
8372.43 517.434 0
8368.66 591.382 0
8365.03 665.345 0
8361.62 739.331 0
8358.57 813.352 0
8356.15 887.424 0
8354.71 961.567 0
8354.75 1035.79 0
8354.95 1110.01 0
8355.36 1184.26 0
8355.74 1258.53 0
8356 1332.83 0
8356.16 1407.16 0
8356.41 1481.56 0
8356.89 1556.03 0
8358.06 1630.6 0
8359.27 1705.27 0
8361.05 1780.03 0
8363.76 1854.84 0
8367.97 1929.63 0
8374.41 2004.26 0
8383.98 2078.53 -24.0036
8397.42 2152.17 -24.0036
8413.68 2225.2 -24.0036
p
38
30
8600 0 0
8600.29 77.2517 0
8600.59 154.503 0
8600.79 231.752 0
8600.85 308.999 0
8600.67 386.244 0
8600.14 463.485 0
8599.15 540.718 0
8597.55 617.939 0
8595.18 695.138 0
8591.91 772.302 0
8587.61 849.412 0
8582.22 926.45 0
8575.82 1003.41 0
8568.57 1080.28 0
8560.45 1157.09 0
8551.54 1233.83 0
8541.95 1310.49 0
8531.78 1387.08 0
8521.12 1463.61 0
8510.1 1540.09 0
8498.84 1616.55 0
8487.47 1692.98 0
8476.12 1769.42 0
8464.93 1845.88 0
8454.05 1922.38 0
8443.6 1998.93 0
8433.73 2075.55 3.49987
8424.86 2152.25 3.49987
8417.78 2229.15 3.49987
8411.05 2306.11 3.49987
p
39
30
8800 0 0
8811.33 79.7843 0
8822.65 159.569 0
8833.98 239.353 0
8845.31 319.137 0
8856.63 398.922 0
8867.96 478.706 0
8879.29 558.49 0
8890.61 638.275 0
8901.94 718.059 0
8913.27 797.843 0
8924.59 877.628 0
8935.92 957.412 0
8947.25 1037.2 0
8958.57 1116.98 0
8969.9 1196.77 0
8981.23 1276.55 0
8992.56 1356.33 0
9003.88 1436.12 0
9015.21 1515.9 0
9026.54 1595.69 0
9037.86 1675.47 0
9049.19 1755.26 0
9060.52 1835.04 0
9071.84 1914.82 0
9083.17 1994.61 0
9094.5 2074.39 0
9105.82 2154.18 0
9117.15 2233.96 0
9128.48 2313.75 0
9139.8 2393.53 0
p
40
30
9000 0 0
9010.29 75.4331 0
9020.58 150.866 0
9030.41 226.359 0
9039.59 301.931 0
9047.69 377.626 0
9054.03 453.493 0
9057.49 529.561 0
9059.08 605.724 0
9058.4 681.931 0
9055.54 758.108 0
9050.94 834.192 0
9047.01 910.328 0
9044.88 986.504 0
9045.98 1062.65 0
9051.07 1138.6 0
9061.11 1214.01 0
9076.63 1288.48 0
9097.92 1361.56 0
9124.92 1432.82 0
9157.31 1501.94 0
9194.46 1568.79 0
9235.56 1633.47 0
9279.61 1696.35 0
9325.48 1758.02 0
9371.92 1819.29 0
9417.62 1881.09 0
9461.15 1944.35 0
9501.45 2009.58 0
9538.73 2076.67 0
9572.03 2145.92 0
p
41
30
9200 0 0
9199.91 69.2853 0
9199.82 138.571 0
9199.62 207.854 0
9199.3 277.134 0
9198.73 346.408 0
9197.64 415.667 0
9195.77 484.895 0
9194.65 554.17 0
9194.59 623.475 0
9196.28 692.795 0
9200.48 762.069 0
9206.72 831.176 0
9215.28 900.055 0
9226.21 968.62 0
9238.8 1036.92 0
9253 1104.92 0
9268.57 1172.65 0
9285.33 1240.12 0
9303.13 1307.36 0
9321.84 1374.38 0
9341.37 1441.19 0
9361.64 1507.81 0
9382.61 1574.25 0
9404.23 1640.49 0
9426.5 1706.55 0
9449.4 1772.41 0
9472.88 1838.12 -11.7987
9496.76 1903.72 -11.7987
9521.34 1969.1 -11.7987
9547.17 2034.1 -11.7987
p
42
30
9400 0 0
9396.94 65.5892 0
9393.88 131.178 0
9391.01 196.781 0
9388.44 262.4 0
9386.39 328.048 0
9385.16 393.742 0
9385.39 459.498 0
9386.28 525.223 0
9388.02 590.935 0
9390.59 656.616 0
9394.11 722.244 0
9398.15 787.857 0
9402.69 853.44 0
9407.64 918.997 0
9412.92 984.534 0
9418.47 1050.05 0
9424.25 1115.56 0
9430.24 1181.06 0
9436.43 1246.55 0
9442.83 1312.03 0
9449.45 1377.5 0
9456.33 1442.95 0
9463.51 1508.38 0
9471.03 1573.77 0
9478.95 1639.13 0
9487.34 1704.43 0
9496.26 1769.66 0
9505.74 1834.81 15.7316
9515.61 1899.9 15.7316
9525.77 1964.96 15.7316
p
43
30
9600 0 0
9602.77 72.1345 0
9605.55 144.269 0
9608.57 216.399 0
9611.7 288.532 0
9614.89 360.674 0
9617.95 432.839 0
9620.35 505.067 0
9622.49 577.287 0
9624.23 649.524 0
9625.56 721.777 0
9626.41 794.046 0
9627.17 866.322 0
9627.8 938.609 0
9628.38 1010.91 0
9628.96 1083.22 0
9629.53 1155.55 0
9630.1 1227.9 0
9630.64 1300.27 0
9631.08 1372.65 0
9631.38 1445.05 0
9631.42 1517.46 0
9631.13 1589.89 0
9630.37 1662.32 0
9628.99 1734.74 0
9626.85 1807.15 0
9623.74 1879.51 0
9619.47 1951.81 0
9613.79 2024.01 0
9606.43 2096.06 0
9597.5 2167.86 0
p
44
30
9800 0 0
9794.44 76.5682 0
9788.88 153.136 0
9784.25 229.765 0
9781.1 306.471 0
9780.38 383.255 0
9783.31 460.022 0
9790.96 536.517 0
9800.59 612.909 0
9811.98 689.152 0
9824.08 765.345 0
9835.84 841.609 0
9846.56 918.003 0
9855.42 994.578 0
9861.74 1071.32 0
9864.97 1148.17 0
9864.7 1225.01 0
9860.69 1301.69 0
9852.83 1378.03 0
9841.19 1453.88 0
9825.98 1529.13 0
9807.57 1603.71 0
9786.45 1677.62 0
9763.23 1750.97 0
9738.61 1823.89 0
9713.37 1896.63 0
9688.36 1969.44 0
9664.45 2042.59 0
9642.53 2116.33 0
9622.65 2190.63 0
9602.34 2264.87 0
p
45
30
10000 0 0
10006.8 84.9483 0
10013.6 169.897 0
10013.9 255.318 0
10008.1 340.761 0
9991.88 425.264 0
9974.71 510.019 0
9955.27 594.604 0
9936.25 679.375 0
9919.61 764.515 0
9907.07 850.06 0
9899.97 935.869 0
9899.27 1021.64 0
9905.52 1106.97 0
9918.83 1191.42 0
9938.91 1274.62 0
9965.09 1356.34 0
9996.37 1436.57 0
10031.5 1515.53 0
10068.8 1593.65 0
10106.9 1671.54 0
10143.8 1749.88 0
10177.7 1829.34 0
10206.8 1910.46 0
10230.8 1993.13 12.7455
10254 2076.18 12.7455
10277.3 2159.24 12.7455
10300.7 2242.28 12.7455
10324.2 2325.31 12.7455
10347.6 2408.33 0
10371.1 2491.35 0
p
46
30
10200 0 0
10198.7 64.6432 0
10197.4 129.286 0
10196.5 194.027 0
10193.4 258.773 0
10196.5 324.251 0
10199.4 389.727 0
10202.6 455.503 0
10205.8 521.517 0
10208.7 587.67 0
10211.2 653.847 0
10213.3 719.944 0
10214.9 785.884 0
10216.1 851.631 0
10217 917.19 0
10217.7 982.605 0
10218.2 1047.94 0
10218.6 1113.29 0
10218.9 1178.72 0
10219.2 1244.3 0
10219.6 1310.07 0
10220.1 1376.04 0
10220.8 1442.18 0
10221.7 1508.44 0
10223 1574.72 0
10224.9 1640.95 0
10227.6 1707.03 0
10231.6 1772.88 0
10237.5 1838.41 0
10245.7 1903.58 12.7455
10256.1 1968.31 12.7455
p
47
30
10400 0 0
10397.7 74.4641 0
10395.4 148.928 0
10391.8 223.307 0
10387 297.601 0
10382.1 371.81 0
10376.6 446.053 0
10370.6 520.285 0
10364.3 594.511 0
10357.8 668.735 0
10351.2 742.961 0
10344.5 817.192 0
10337.9 891.43 0
10331.3 965.677 0
10324.8 1039.93 0
10318.6 1114.2 0
10312.7 1188.48 0
10307 1262.78 0
10301.8 1337.08 0
10296.9 1411.4 0
10292.6 1485.74 0
10288.7 1560.08 0
10285.3 1634.45 0
10282.5 1708.83 0
10280.4 1783.24 0
10278.9 1857.67 -14.8697
10278.2 1932.13 -14.8697
10279 2006.65 -14.8697
10280.4 2081.23 -14.8697
10281.6 2155.81 -14.8697
10282.8 2230.39 -14.8697
p
48
30
10600 0 0
10599.8 70.7834 0
10599.6 141.567 0
10599.4 212.35 0
10599.2 283.134 0
10599 353.917 0
10598.8 424.701 0
10598.6 495.484 0
10598.4 566.267 0
10598.2 637.051 0
10598 707.834 0
10597.8 778.618 0
10597.6 849.401 0
10597.4 920.185 0
10597.2 990.968 0
10597 1061.75 0
10596.8 1132.53 0
10596.6 1203.32 0
10596.4 1274.1 0
10596.2 1344.89 0
10596 1415.67 0
10595.8 1486.45 0
10595.6 1557.24 0
10595.4 1628.02 0
10595.2 1698.8 0
10594.9 1769.59 0
10594.7 1840.37 0
10594.5 1911.15 0
10594.3 1981.94 0
10594.1 2052.72 0
10593.9 2123.5 0
p
49
30
10800 0 0
10795.1 73.1975 0
10790.2 146.395 0
10785.2 219.593 0
10780.3 292.79 0
10775.4 365.988 0
10770.5 439.185 0
10765.5 512.383 0
10760.6 585.58 0
10755.7 658.778 0
10750.8 731.975 0
10745.9 805.173 0
10740.9 878.37 0
10736 951.568 0
10731.1 1024.77 0
10726.2 1097.96 0
10721.2 1171.16 0
10716.3 1244.36 0
10711.4 1317.56 0
10706.5 1390.75 0
10701.5 1463.95 0
10696.6 1537.15 0
10691.7 1610.35 0
10686.8 1683.54 0
10681.9 1756.74 0
10676.9 1829.94 0
10672 1903.14 0
10667.1 1976.33 0
10662.2 2049.53 0
10657.2 2122.73 0
10652.3 2195.93 0
p
50
30
11000 0 0
11001.1 77.3242 0
11002.2 154.648 0
11003.3 231.973 0
11004.4 309.297 0
11005.5 386.621 0
11006.6 463.945 0
11007.7 541.269 0
11008.9 618.593 0
11010 695.918 0
11011.1 773.242 0
11012.2 850.566 0
11013.3 927.89 0
11014.4 1005.21 0
11015.5 1082.54 0
11016.6 1159.86 0
11017.7 1237.19 0
11018.8 1314.51 0
11019.9 1391.84 0
11021 1469.16 0
11022.1 1546.48 0
11023.2 1623.81 0
11024.3 1701.13 0
11025.5 1778.46 0
11026.6 1855.78 0
11027.7 1933.1 0
11028.8 2010.43 0
11029.9 2087.75 0
11031 2165.08 0
11032.1 2242.4 0
11033.2 2319.73 0
p
51
30
11200 0 0
11202.4 82.008 0
11204.9 164.016 0
11203.3 246.105 0
11196 327.975 0
11187.4 409.873 0
11177.1 491.727 0
11166.1 573.582 0
11155.6 655.497 0
11146.5 737.509 0
11139.7 819.619 0
11136 901.781 0
11136.1 983.899 0
11140.3 1065.84 0
11149.1 1147.42 0
11162.4 1228.48 0
11180.2 1308.87 0
11202.3 1388.46 0
11228 1467.23 0
11256.7 1545.24 0
11287.5 1622.65 0
11319.3 1699.75 0
11350.9 1776.9 0
11380.8 1854.53 0
11408.2 1932.86 -4.83501
11433.6 2011.89 -4.83501
11452.8 2092.66 0
11466.3 2174.69 -13.5573
11476.5 2257.35 -13.5573
11485.9 2340.14 -13.5573
11495.3 2422.93 -13.5573
p
52
30
11400 0 0
11395.4 65.5052 0
11390.7 131.01 0
11386.5 196.588 0
11385 262.427 0
11384.3 328.24 0
11385 394.085 0
11386.3 459.939 0
11388.1 525.796 0
11390.2 591.651 0
11392.4 657.504 0
11394.6 723.36 0
11396.7 789.22 0
11398.6 855.089 0
11400.3 920.971 0
11401.9 986.868 0
11403.4 1052.78 0
11404.7 1118.71 0
11406 1184.65 0
11407.2 1250.6 0
11408.6 1316.55 0
11410.1 1382.5 0
11411.9 1448.44 0
11414 1514.37 0
11416.4 1580.27 0
11419.4 1646.15 0
11422.9 1712 0
11427.1 1777.81 0
11432 1843.58 0
11437.6 1909.31 4.83501
11443.9 1975.05 4.83501
p
53
30
11600 0 0
11608.7 77.196 0
11617.4 154.392 0
11626.9 231.483 0
11638.4 308.329 0
11649.8 385.211 0
11661.2 462.116 0
11672.1 539.112 0
11682.2 616.253 0
11690.9 693.573 0
11698.1 771.082 0
11703.2 848.767 0
11706.6 926.557 0
11708.1 1004.42 0
11707.8 1082.31 0
11705.6 1160.19 0
11701.5 1238 0
11695.6 1315.72 0
11687.9 1393.3 0
11678.5 1470.71 0
11667.3 1547.93 0
11654.5 1624.92 0
11640 1701.66 0
11624 1778.14 0
11606.6 1854.35 0
11587.7 1930.28 0
11567.5 2005.93 0
11546.1 2081.29 0
11523.6 2156.39 0
11500 2231.23 10.8459
11475.8 2305.9 10.8459
p
54
30
11800 0 0
11800.6 83.2777 0
11801.1 166.555 0
11802.9 249.818 0
11808.4 332.974 0
11814.7 416.112 0
11822.1 499.218 0
11830.1 582.325 0
11838 665.477 0
11845.2 748.712 0
11851 832.053 0
11854.7 915.49 0
11856.3 998.969 0
11855.3 1082.43 0
11851.4 1165.77 0
11844.7 1248.92 0
11834.8 1331.75 0
11821.9 1414.16 0
11805.8 1496.07 0
11786.7 1577.38 0
11764.8 1658.05 0
11740.1 1738.02 0
11713 1817.3 0
11683.8 1895.91 0
11652.7 1973.92 0
11620.2 2051.41 0
11586.6 2128.51 0
11552.3 2205.35 0
11517.8 2282.08 10.8459
11483.2 2358.81 10.8459
11448.5 2435.52 10.8459
p
55
30
12000 0 0
12008.5 76.6256 0
12017.1 153.251 0
12025.6 229.877 0
12034.1 306.503 0
12042.7 383.128 0
12051.2 459.754 0
12059.8 536.379 0
12068.3 613.005 0
12076.8 689.631 0
12085.4 766.256 0
12093.9 842.882 0
12102.4 919.508 0
12111 996.133 0
12119.5 1072.76 0
12128.1 1149.38 0
12136.6 1226.01 0
12145.1 1302.64 0
12153.7 1379.26 0
12162.2 1455.89 0
12170.7 1532.51 0
12179.3 1609.14 0
12187.8 1685.76 0
12196.4 1762.39 0
12204.9 1839.02 0
12213.4 1915.64 0
12222 1992.27 0
12230.5 2068.89 0
12239 2145.52 0
12247.6 2222.14 0
12256.1 2298.77 0
p
56
30
12200 0 0
12200.7 77.5592 0
12201.4 155.118 0
12202.2 232.675 0
12203.2 310.229 0
12204.4 387.777 0
12206.2 465.316 0
12208.5 542.839 0
12211.8 620.332 0
12216.2 697.775 0
12221.9 775.139 0
12228.7 852.422 0
12236.8 929.594 0
12246.3 1006.63 0
12257.1 1083.51 0
12269.3 1160.21 0
12282.9 1236.7 0
12297.9 1312.97 0
12314.1 1388.99 0
12331.7 1464.76 0
12350.6 1540.26 0
12370.7 1615.48 0
12391.9 1690.41 0
12414.2 1765.08 0
12437.4 1839.47 0
12461.6 1913.62 0
12486.5 1987.53 0
12512.1 2061.24 0
12538.2 2134.78 0
12564.5 2208.26 0
12590.9 2281.73 0
p
57
30
12400 0 0
12392.6 72.1836 0
12385.2 144.367 0
12378.3 216.606 0
12372.1 288.905 0
12366.7 361.279 0
12362.3 433.73 0
12359.1 506.256 0
12357.3 578.843 0
12357 651.468 0
12358.3 724.102 0
12361.1 796.713 0
12365.2 869.281 0
12370.6 941.789 0
12377.2 1014.23 0
12384.8 1086.58 0
12393.3 1158.85 0
12402.8 1231.04 0
12413 1303.13 0
12424 1375.14 0
12435.7 1447.07 0
12447.9 1518.91 0
12460.7 1590.68 0
12474 1662.37 0
12487.8 1734 0
12501.9 1805.57 0
12516.4 1877.08 0
12531.2 1948.53 0
12546.3 2019.95 0
12561.6 2091.33 0
12577.1 2162.68 0
p
58
30
12600 0 0
12604.8 77.2498 0
12609.7 154.5 0
12614.5 231.749 0
12619.3 308.999 0
12624.2 386.249 0
12629 463.499 0
12633.8 540.749 0
12638.7 617.999 0
12643.5 695.248 0
12648.4 772.498 0
12653.2 849.748 0
12658 926.998 0
12662.9 1004.25 0
12667.7 1081.5 0
12672.5 1158.75 0
12677.4 1236 0
12682.2 1313.25 0
12687 1390.5 0
12691.9 1467.75 0
12696.7 1545 0
12701.5 1622.25 0
12706.4 1699.5 0
12711.2 1776.75 0
12716 1854 0
12720.9 1931.25 0
12725.7 2008.5 0
12730.6 2085.75 0
12735.4 2162.99 0
12740.2 2240.24 0
12745.1 2317.49 0
p
59
30
12800 0 0
12804.9 79.4209 0
12809.8 158.842 0
12814.8 238.263 0
12819.7 317.684 0
12824.6 397.105 0
12829.5 476.526 0
12834.4 555.947 0
12839.4 635.368 0
12844.3 714.788 0
12849.2 794.209 0
12854.1 873.63 0
12859 953.051 0
12864 1032.47 0
12868.9 1111.89 0
12873.8 1191.31 0
12878.7 1270.74 0
12883.6 1350.16 0
12888.6 1429.58 0
12893.5 1509 0
12898.4 1588.42 0
12903.3 1667.84 0
12908.2 1747.26 0
12913.2 1826.68 0
12918.1 1906.1 0
12923 1985.52 0
12927.9 2064.94 0
12932.8 2144.37 0
12937.8 2223.79 0
12942.7 2303.21 0
12947.6 2382.63 0
p
60
30
13000 0 0
13000.6 78.9637 0
13001.3 157.927 0
13001.9 236.891 0
13002.6 315.855 0
13003.2 394.818 0
13003.8 473.782 0
13004.5 552.746 0
13005.1 631.71 0
13005.8 710.673 0
13006.4 789.637 0
13007 868.601 0
13007.7 947.564 0
13008.3 1026.53 0
13009 1105.49 0
13009.6 1184.46 0
13010.2 1263.42 0
13010.9 1342.38 0
13011.5 1421.35 0
13012.2 1500.31 0
13012.8 1579.27 0
13013.4 1658.24 0
13014.1 1737.2 0
13014.7 1816.17 0
13015.4 1895.13 0
13016 1974.09 0
13016.7 2053.06 0
13017.3 2132.02 0
13017.9 2210.98 0
13018.6 2289.95 0
13019.2 2368.91 0
p
61
30
13200 0 0
13204.2 69.7012 0
13208.4 139.402 0
13212.6 209.104 0
13216.8 278.805 0
13220.9 348.506 0
13225.1 418.207 0
13229.3 487.908 0
13233.5 557.61 0
13237.7 627.311 0
13241.9 697.012 0
13246.1 766.713 0
13250.3 836.414 0
13254.5 906.116 0
13258.6 975.817 0
13262.8 1045.52 0
13267 1115.22 0
13271.2 1184.92 0
13275.4 1254.62 0
13279.6 1324.32 0
13283.8 1394.02 0
13288 1463.73 0
13292.1 1533.43 0
13296.3 1603.13 0
13300.5 1672.83 0
13304.7 1742.53 0
13308.9 1812.23 0
13313.1 1881.93 0
13317.3 1951.63 0
13321.5 2021.33 0
13325.7 2091.04 0
p
62
30
13400 0 0
13402.3 65.4119 0
13404.6 130.824 0
13406.9 196.236 0
13409.2 261.648 0
13411.4 327.06 0
13413.7 392.471 0
13416 457.883 0
13418.3 523.295 0
13420.6 588.707 0
13422.9 654.119 0
13425.2 719.531 0
13427.5 784.943 0
13429.7 850.355 0
13432 915.767 0
13434.3 981.179 -8.30808
13436.6 1046.59 -8.30808
13438.9 1112 -8.30808
13441.2 1177.41 -8.30808
13443.5 1242.83 -8.30808
13445.8 1308.24 -8.30808
13448.1 1373.65 -8.30808
13450.3 1439.06 0
13452.6 1504.47 0
13454.9 1569.89 0
13457.2 1635.3 0
13459.5 1700.71 0
13461.8 1766.12 0
13464.1 1831.53 0
13466.4 1896.95 0
13468.7 1962.36 0
p
63
30
13600 0 0
13597.8 78.6054 0
13595.6 157.211 0
13591.7 235.749 0
13585 314.125 0
13573.9 392.052 0
13558 469.233 0
13540.3 546.147 0
13521.4 622.863 0
13503 699.682 0
13486.3 776.857 0
13472.6 854.504 0
13462.4 932.585 9.69275
13456.2 1010.97 9.69275
13454.3 1089.51 9.69275
13456.5 1168.01 9.69275
13462.4 1246.31 9.69275
13471.6 1324.32 9.69275
13483.5 1402.01 0
13497.1 1479.45 0
13511.6 1556.74 0
13526.3 1634.02 0
13540.2 1711.41 0
13552.8 1789.01 0
13563.3 1866.86 0
13571.4 1944.95 0
13576.9 2023.24 0
13579.8 2101.65 0
13580.2 2180.11 -9.11796
13578.9 2258.63 -9.11796
13577.3 2337.23 -9.11796
p
64
30
13800 0 0
13803.2 74.1901 0
13806.3 148.38 0
13808.5 222.639 0
13809.3 296.963 0
13808.2 371.365 0
13803.6 445.773 0
13798.4 520.119 0
13792 594.435 0
13785 668.723 0
13777.4 742.984 0
13769.2 817.206 0
13760 891.381 0
13749.8 965.486 0
13740.2 1039.66 0
13731.1 1113.91 0
13722.3 1188.22 0
13714.1 1262.59 0
13706.2 1337.02 0
13698.5 1411.5 0
13690.6 1486.05 0
13683.4 1560.75 0
13676.5 1635.6 0
13670 1710.58 0
13663.7 1785.68 0
13657.5 1860.84 0
13650.9 1935.99 0
13643.2 2011 0
13633.2 2085.65 0
13618.8 2159.5 6.83846
13599.1 2231.93 6.83846
p
65
30
14000 0 0
13988.5 79.1951 0
13977 158.39 0
13965.9 237.645 0
13955.4 317 0
13946.4 396.546 0
13938.9 476.285 0
13932.8 556.132 0
13928.6 636.112 0
13926.7 716.21 0
13927.9 796.376 0
13932.6 876.502 0
13940.9 956.452 0
13952.3 1036.13 0
13964.6 1115.8 0
13976.5 1195.56 0
13986.6 1275.55 0
13993.1 1355.8 -11.9775
13994.7 1436.16 -11.9775
13990 1516.22 -11.9775
13978.1 1595.43 -11.9775
13958.5 1673.02 -11.9775
13931.2 1748.3 -11.9775
13897 1820.78 0
13856.3 1889.96 0
13810.9 1956.36 0
13763.4 2021.35 0
13716.6 2086.85 0
13673.4 2154.85 0
13635.6 2225.87 6.83846
13598.3 2297.43 6.83846
p
66
30
14200 0 0
14189.4 80.4811 0
14178.7 160.962 0
14168.3 241.459 0
14158.1 321.983 0
14148.5 402.547 0
14139.4 483.153 0
14130.5 563.807 0
14121.9 644.483 0
14113.3 725.164 0
14104.6 805.836 0
14095.6 886.479 0
14086.3 967.077 0
14076.4 1047.61 0
14065.9 1128.06 0
14054.6 1208.4 0
14042.4 1288.62 0
14029.3 1368.69 11.9775
14015.2 1448.63 11.9775
14000.7 1528.53 11.9775
13985.8 1608.37 11.9775
13970.3 1688.11 11.9775
13954.1 1767.73 11.9775
13937.4 1847.26 0
13920.7 1926.76 0
13904 2006.26 0
13887.3 2085.76 0
13870.5 2165.26 0
13853.8 2244.76 0
13837.1 2324.26 0
13820.4 2403.76 0
p
67
30
14400 0 0
14392.7 76.6076 0
14385.4 153.215 0
14378.1 229.823 0
14370.8 306.43 0
14363.6 383.038 0
14356.3 459.646 0
14349 536.253 0
14341.7 612.861 0
14334.4 689.469 0
14327.1 766.076 0
14319.8 842.684 0
14312.5 919.291 0
14305.2 995.899 0
14298 1072.51 0
14290.7 1149.11 0
14283.4 1225.72 0
14276.1 1302.33 0
14268.8 1378.94 0
14261.5 1455.54 0
14254.2 1532.15 0
14246.9 1608.76 0
14239.6 1685.37 0
14232.4 1761.98 0
14225.1 1838.58 0
14217.8 1915.19 0
14210.5 1991.8 0
14203.2 2068.41 0
14195.9 2145.01 0
14188.6 2221.62 0
14181.3 2298.23 0
p
68
30
14600 0 0
14590 91.0275 0
14580.1 182.055 0
14570.1 273.083 0
14560.1 364.11 0
14550.2 455.138 0
14540.2 546.165 0
14530.2 637.193 0
14520.3 728.22 0
14510.3 819.248 0
14500.3 910.275 0
14490.4 1001.3 0
14480.4 1092.33 0
14470.5 1183.36 0
14460.5 1274.39 0
14450.5 1365.41 0
14440.6 1456.44 0
14430.6 1547.47 0
14420.6 1638.5 0
14410.7 1729.52 0
14400.7 1820.55 0
14390.7 1911.58 0
14380.8 2002.61 0
14370.8 2093.63 0
14360.8 2184.66 0
14350.9 2275.69 0
14340.9 2366.72 0
14330.9 2457.74 0
14321 2548.77 0
14311 2639.8 0
14301 2730.83 0
p
69
30
14800 0 0
14801.1 66.3053 0
14802.2 132.611 0
14803.6 198.912 0
14805 265.213 0
14806.4 331.513 0
14807.8 397.814 0
14808.9 464.118 0
14809.5 530.425 0
14809.8 596.74 0
14809.7 663.057 0
14809.1 729.376 0
14808.1 795.691 0
14806.5 862 0
14804.4 928.298 0
14801.8 994.581 0
14798.6 1060.84 0
14794.7 1127.08 0
14790.2 1193.28 0
14785.1 1259.44 0
14779.2 1325.55 0
14772.7 1391.61 0
14765.6 1457.61 -11.6277
14758.4 1523.63 -11.6277
14751.4 1589.67 -11.6277
14744.9 1655.74 -11.6277
14738.7 1721.83 -11.6277
14732.7 1787.94 -11.6277
14726.8 1854.05 0
14720.9 1920.17 0
14714.9 1986.28 0
p
70
30
15000 0 0
15013.1 74.3282 0
15026.2 148.656 0
15039.8 222.861 0
15053.2 297.112 0
15066.4 371.399 0
15079.1 445.769 0
15091 520.279 0
15101.5 595 0
15110.4 669.93 0
15116.6 745.14 0
15118.7 820.615 -6.05143
15114.3 896.071 -6.05143
15100.4 970.575 -6.05143
15074.2 1042.11 -6.05143
15036.9 1109.19 0
14992.4 1172.61 0
14943.6 1233.31 0
14894.3 1293.7 0
14848.2 1356.29 0
14809.3 1422.88 11.6277
14780.5 1493.67 11.6277
14762.1 1567.28 11.6277
14754.5 1642.4 11.6277
14757.1 1717.7 11.6277
14767.8 1792.3 11.6277
14783.5 1866.07 0
14799.7 1939.78 0
14811.3 2014.38 0
14814.9 2089.75 3.44746
14815 2165.59 3.44746
p
71
30
15200 0 0
15199 71.6827 0
15198 143.365 0
15198.2 215.098 0
15197.9 286.832 0
15197.2 358.587 0
15195.6 430.362 0
15192.6 502.138 0
15187.5 573.86 0
15180.5 645.448 0
15171.3 716.825 0
15159.6 787.898 0
15145.4 858.619 6.05143
15130.5 929.354 6.05143
15113.9 999.988 6.05143
15100.3 1071.7 6.05143
15084.7 1142.92 0
15068.8 1214.16 0
15052.6 1285.36 0
15036.4 1356.52 0
15019.9 1427.49 0
15003.1 1498.37 0
14986 1569.2 0
14968.3 1640 0
14950.1 1710.75 0
14931.1 1781.4 0
14911.2 1851.85 0
14890.8 1922.09 0
14870.4 1992.2 0
14851.6 2062.59 -8.61866
14836.9 2133.62 -8.61866
p
72
30
15400 0 0
15394.3 80.5478 0
15388.5 161.096 0
15383.9 241.716 0
15379.9 322.379 0
15377.2 403.097 0
15376 483.861 0
15376.7 564.644 0
15379.7 645.387 0
15383.3 726.116 0
15386.7 806.84 0
15388.8 887.586 0
15387.9 968.31 0
15382.6 1048.81 0
15371.2 1128.61 0
15354.1 1207.41 0
15330.9 1284.77 0
15301.9 1360.29 0
15267.7 1433.75 0
15229.1 1505.17 0
15187.1 1574.8 0
15142.8 1643.1 0
15097.3 1710.68 0
15051.7 1778.24 0
15007.3 1846.47 0
14965.1 1915.95 0
14926.1 1987.09 0
14890.9 2060.12 3.44746
14859.6 2134.77 3.44746
14829.5 2210.02 3.44746
14799.4 2285.38 0
p
73
30
15600 0 0
15589.2 81.7006 0
15578.4 163.401 0
15567.6 245.102 0
15556.8 326.802 0
15546 408.503 0
15535.2 490.203 0
15524.4 571.904 0
15513.6 653.604 0
15502.8 735.305 0
15492 817.006 0
15481.2 898.706 0
15470.4 980.407 0
15459.7 1062.11 0
15448.9 1143.81 0
15438.1 1225.51 0
15427.3 1307.21 0
15416.5 1388.91 0
15405.7 1470.61 0
15394.9 1552.31 0
15384.1 1634.01 0
15373.3 1715.71 0
15362.5 1797.41 0
15351.7 1879.11 0
15340.9 1960.81 0
15330.1 2042.51 0
15319.3 2124.21 0
15308.5 2205.91 0
15297.7 2287.62 0
15286.9 2369.32 0
15276.1 2451.02 0
p
74
30
15800 0 0
15815.5 86.0759 0
15830.9 172.152 0
15845.6 258.366 0
15859.4 344.735 0
15872 431.299 0
15883.1 518.081 0
15892.7 605.056 0
15900.6 692.213 0
15906.9 779.525 0
15911.6 866.961 0
15914.5 954.487 0
15915.9 1042.07 0
15915.8 1129.68 0
15914.2 1217.28 0
15911.3 1304.86 0
15907.1 1392.4 0
15901.7 1479.88 0
15895 1567.29 0
15886.5 1654.54 0
15875.8 1741.58 0
15862.9 1828.34 0
15847.6 1914.75 0
15831.3 2000.97 0
15814.1 2087.05 0
15796.5 2173.07 0
15779.2 2259.13 0
15762.6 2345.33 0
15747.3 2431.73 0
15733.9 2518.42 -5.83935
15722.3 2605.35 -5.83935
p
75
30
16000 0 0
15997.6 88.5725 0
15995.2 177.145 0
15992.9 265.717 0
15990.6 354.29 0
15988.5 442.866 0
15986.6 531.445 0
15984.6 620.02 0
15982.3 708.591 0
15979.8 797.151 0
15976.8 885.696 0
15973.2 974.22 0
15968.9 1062.71 0
15964 1151.17 0
15958.2 1239.59 0
15951.6 1327.95 0
15944.2 1416.26 0
15935.8 1504.49 0
15926.6 1592.66 0
15917.2 1680.82 0
15907.7 1768.98 0
15898.1 1857.12 0
15888.2 1945.24 0
15877.1 2033.22 0
15864.5 2121.01 0
15850 2208.5 0
15833 2295.56 0
15813.1 2382.04 0
15790.1 2467.74 0
15763.6 2552.5 5.83935
15734.5 2636.37 5.83935
p
76
30
16200 0 0
16199.7 84.0132 0
16199.4 168.026 0
16199 252.04 0
16198.7 336.053 0
16198.4 420.066 0
16198.1 504.079 0
16197.7 588.093 0
16197.4 672.106 0
16197.1 756.119 0
16196.8 840.132 0
16196.5 924.146 0
16196.1 1008.16 0
16195.8 1092.17 0
16195.5 1176.19 0
16195.2 1260.2 0
16194.8 1344.21 0
16194.5 1428.22 0
16194.2 1512.24 0
16193.9 1596.25 0
16193.6 1680.26 0
16193.2 1764.28 0
16192.9 1848.29 0
16192.6 1932.3 0
16192.3 2016.32 0
16192 2100.33 0
16191.6 2184.34 0
16191.3 2268.36 0
16191 2352.37 0
16190.7 2436.38 0
16190.3 2520.4 0
p
77
30
16400 0 0
16403.7 77.1774 0
16407.5 154.355 0
16411.2 231.532 0
16414.9 308.71 0
16418.7 385.887 0
16422.4 463.064 0
16426.1 540.242 0
16429.9 617.419 0
16433.6 694.597 0
16437.3 771.774 0
16441.1 848.952 0
16444.8 926.129 0
16448.5 1003.31 0
16452.2 1080.48 0
16456 1157.66 0
16459.7 1234.84 0
16463.4 1312.02 0
16467.2 1389.19 0
16470.9 1466.37 0
16474.6 1543.55 0
16478.4 1620.73 0
16482.1 1697.9 0
16485.8 1775.08 0
16489.6 1852.26 0
16493.3 1929.44 0
16497 2006.61 0
16500.8 2083.79 0
16504.5 2160.97 0
16508.2 2238.15 0
16512 2315.32 0
p
78
30
16600 0 0
16607.1 68.9889 0
16614.2 137.978 0
16620 207.079 0
16624.4 276.297 0
16626.9 345.623 0
16627.2 415.006 0
16625.9 484.38 0
16623.9 553.723 0
16623.6 623.09 0
16626.5 692.371 0
16634.3 761.255 0
16648.5 829.126 0
16668.9 895.505 0
16695.9 959.669 0
16729.2 1021.05 0
16768.3 1079.28 0
16812.3 1134.25 0
16860.4 1186.18 0
16911.4 1235.61 0
16964.2 1283.39 0
17017.6 1330.59 0
17070.4 1378.45 0
17121.4 1428.17 0
17169 1480.88 0
17211.8 1537.43 0
17249.4 1597.52 0
17285.5 1658.57 0
17321.8 1719.63 0
17358.1 1780.66 0
17394.4 1841.7 0
p
79
30
16800 0 0
16797.1 54.4364 0
16794.1 108.873 0
16792.5 163.39 0
16792.5 217.968 0
16794.9 272.554 0
16800.3 327.016 0
16809.6 381.106 0
16823.1 434.477 0
16839 487.273 0
16857.3 539.413 0
16877.6 590.929 0
16899.4 641.846 0
16921.6 692.577 0
16944.1 743.188 0
16966.6 793.809 0
16988.8 844.532 0
17010.7 895.417 0
17032.1 946.501 0
17053 997.8 0
17073.5 1049.32 0
17093.4 1101.05 0
17113 1152.99 0
17132.3 1205.1 0
17151.3 1257.36 0
17170.1 1309.73 0
17188.9 1362.16 0
17207.9 1414.59 0
17227.2 1466.94 0
17247.2 1519.09 0
17268 1570.88 0
s	0
16 25 44 52 
16 17 18 19 20 21 22 23 24 25 44 45 46 47 48 49 50 51 52 
b
2 0
0.783099 0.394383 0.840188
17 0 0 2
18 0 0 3
19 0 0 2
20 0 0 2
21 0 0 3
22 0 0 3
23 0 0 2
24 0 0 2
45 0 0 2
46 0 0 3
47 0 0 4
48 0 0 3
49 0 0 3
50 0 0 3
51 0 0 1
g
0
0.5 2 0 0 1 2 0 2 5
t
2
0
1210.84 1100.06 100
1208 1098.98 -100
a
4
0
25 15 52 43 
1 17 1 46 0 45 0 44 0 2640 0.439073 2641 0.560927 
1 18 1 46 0 47 0 45 0 2640 0.439073 2641 0.560927 
1 20 1 46 0 47 0 48 0 2640 0.439073 2641 0.560927 
1 21 1 47 0 48 0 49 0 2640 0.439073 2641 0.560927 
1 22 1 48 0 49 0 50 0 2640 0.439073 2641 0.560927 
1 16 1 45 0 44 0 2640 0.439073 2641 0.560927 
1 19 1 46 0 47 0 2640 0.439073 2641 0.560927 
1 23 1 49 0 50 0 2640 0.439073 2641 0.560927 
1 24 1 50 0 51 0 2640 0.439073 2641 0.560927 
2 46 1 17 0 18 0 20 0 19 0 2640 0.568543 2641 0.431457 
2 47 1 18 0 20 0 21 0 19 0 2640 0.568543 2641 0.431457 
2 45 1 17 0 18 0 16 0 2640 0.568543 2641 0.431457 
2 48 1 20 0 21 0 22 0 2640 0.568543 2641 0.431457 
2 49 1 21 0 22 0 23 0 2640 0.568543 2641 0.431457 
2 50 1 22 0 23 0 24 0 2640 0.568543 2641 0.431457 
2 44 1 17 0 16 0 2640 0.568543 2641 0.431457 
2 51 1 24 0 2640 0.568543 2641 0.431457 
0 2640 8.5 17 0.439073 18 0.439073 20 0.439073 21 0.439073 22 0.439073 16 0.439073 19 0.439073 23 0.439073 24 0.439073 46 0.568543 47 0.568543 45 0.568543 48 0.568543 49 0.568543 50 0.568543 44 0.568543 51 0.568543 
0 2641 8.5 17 0.560927 18 0.560927 20 0.560927 21 0.560927 22 0.560927 16 0.560927 19 0.560927 23 0.560927 24 0.560927 46 0.431457 47 0.431457 45 0.431457 48 0.431457 49 0.431457 50 0.431457 44 0.431457 51 0.431457 
NanList HYP 0
d
57
0 0 -12.1854 0 0 -12.1854 0 0 -12.1854 0 0 -12.1854 0 0 -12.1854 0 0 -12.1854 0 0 -12.1854 0 0 -12.1854 0 0 -12.1854 0 0 13.7085 0 0 13.7085 0 0 13.7085 0 0 13.7085 0 0 13.7085 0 0 13.7085 0 0 13.7085 0 0 13.7085 1.42034 0.539583 0 -1.42023 -0.539599 0 
s	1
62 64 157 159 
62 63 64 157 158 159 
b
2 0
0.197551 0.911647 0.79844
63 0 0 1
158 0 0 1
g
0
0.5 2 0 0 1 2 0 2 5
t
2
2
1829.15 2122.17 100
1825.13 2117.53 -100
a
4
4
64 61 159 156 
1 63 1 157 0 158 0 2640 0.450113 2641 0.549887 
1 62 1 157 0 2640 0.450113 2641 0.549887 
2 157 1 63 0 62 0 2640 0.549887 2641 0.450113 
2 158 1 63 0 2640 0.549887 2641 0.450113 
0 2640 2 63 0.450113 62 0.450113 157 0.549887 158 0.549887 
0 2641 2 63 0.549887 62 0.549887 157 0.450113 158 0.450113 
NanList HYP 0
d
18
0 0 -9.97732 0 0 -9.97732 0 0 9.97732 0 0 9.97732 2.00543 2.31794 0 -2.00546 -2.31802 0 
s	2
95 97 128 130 
95 96 97 128 129 130 
b
2 0
0.277775 0.76823 0.335223
96 0 0 1
129 0 0 1
g
0
0.5 2 0 0 1 2 0 2 5
t
2
4
1739.98 1914.53 100
1737.44 1913.85 -100
a
4
8
97 94 130 127 
1 96 1 128 0 129 0 2640 0.460351 2641 0.539649 
1 95 1 128 0 2640 0.460351 2641 0.539649 
2 128 1 96 0 95 0 2640 0.539649 2641 0.460351 
2 129 1 96 0 2640 0.539649 2641 0.460351 
0 2640 2 96 0.460351 95 0.460351 128 0.539649 129 0.539649 
0 2641 2 96 0.539649 95 0.539649 128 0.460351 129 0.460351 
NanList HYP 0
d
18
0 0 -7.92978 0 0 -7.92978 0 0 7.92978 0 0 7.92978 1.26814 0.343814 0 -1.26819 -0.343697 0 
s	3
247 253 280 287 
247 248 249 250 251 252 253 280 281 282 283 284 285 286 287 
b
2 0
0.628871 0.477397 0.55397
248 0 0 3
249 0 0 3
250 0 0 3
251 0 0 3
252 0 0 2
281 0 0 1
282 0 0 2
283 0 0 3
284 0 0 3
285 0 0 3
286 0 0 2
g
0
0.5 2 0 0 1 2 0 2 5
t
2
6
2407.95 1332.66 100
2406.3 1336.36 -100
a
4
12
253 246 287 279 
1 250 1 282 0 283 0 284 0 285 0 2640 0.43355 2641 0.56645 
1 247 1 282 0 281 0 280 0 2640 0.43355 2641 0.56645 
1 248 1 282 0 283 0 281 0 2640 0.43355 2641 0.56645 
1 249 1 282 0 283 0 284 0 2640 0.43355 2641 0.56645 
1 251 1 284 0 285 0 286 0 2640 0.43355 2641 0.56645 
1 252 1 285 0 286 0 2640 0.43355 2641 0.56645 
2 282 1 250 0 247 0 248 0 249 0 2640 0.556957 2641 0.443043 
2 283 1 250 0 248 0 249 0 2640 0.556957 2641 0.443043 
2 284 1 250 0 249 0 251 0 2640 0.556957 2641 0.443043 
2 285 1 250 0 251 0 252 0 2640 0.556957 2641 0.443043 
2 281 1 247 0 248 0 2640 0.556957 2641 0.443043 
2 286 1 251 0 252 0 2640 0.556957 2641 0.443043 
2 280 1 247 0 2640 0.556957 2641 0.443043 
0 2640 6.5 250 0.43355 247 0.43355 248 0.43355 249 0.43355 251 0.43355 252 0.43355 282 0.556957 283 0.556957 284 0.556957 285 0.556957 281 0.556957 286 0.556957 280 0.556957 
0 2641 6.5 250 0.56645 247 0.56645 248 0.56645 249 0.56645 251 0.56645 252 0.56645 282 0.443043 283 0.443043 284 0.443043 285 0.443043 281 0.443043 286 0.443043 280 0.443043 
NanList HYP 0
d
45
0 0 -13.2899 0 0 -13.2899 0 0 -13.2899 0 0 -13.2899 0 0 -13.2899 0 0 -13.2899 0 0 11.3913 0 0 11.3913 0 0 11.3913 0 0 11.3913 0 0 11.3913 0 0 11.3913 0 0 11.3913 0.825682 -1.84826 0 -0.825742 1.84829 0 
s	4
260 262 359 361 
260 261 262 359 360 361 
b
2 0
0.95223 0.513401 0.364784
261 0 0 1
360 0 0 1
g
0
0.5 2 0 0 1 2 0 2 5
t
2
8
2730.01 2091.16 100
2728.88 2096.73 -100
a
3
16
262 259 361 
1 260 1 360 0 359 0 2640 0.447061 2641 0.552939 
1 261 1 360 0 2640 0.447061 2641 0.552939 
2 360 1 260 0 261 0 2640 0.552939 2641 0.447061 
2 359 1 260 0 2640 0.552939 2641 0.447061 
0 2640 2 260 0.447061 261 0.447061 360 0.552939 359 0.552939 
0 2641 2 260 0.552939 261 0.552939 360 0.447061 359 0.447061 
NanList HYP 0
d
18
0 0 -10.5878 0 0 -10.5878 0 0 10.5878 0 0 10.5878 0.562674 -2.78837 0 -0.562811 2.78823 0 
s	5
291 295 355 359 
291 292 293 294 295 355 356 357 358 359 
b
2 0
0.717297 0.635712 0.916195
292 0 0 2
293 0 0 3
294 0 0 2
356 0 0 2
357 0 0 3
358 0 0 2
g
0
0.5 2 0 0 1 2 0 2 5
t
2
10
2763.14 1843.29 100
2762.55 1841.86 -100
a
4
19
295 290 359 354 
1 292 1 356 0 357 0 355 0 2640 0.430578 2641 0.569422 
1 293 1 356 0 357 0 358 0 2640 0.430578 2641 0.569422 
1 294 1 357 0 358 0 2640 0.430578 2641 0.569422 
1 291 1 356 0 2640 0.430578 2641 0.569422 
2 356 1 292 0 293 0 291 0 2640 0.569422 2641 0.430578 
2 357 1 292 0 293 0 294 0 2640 0.569422 2641 0.430578 
2 358 1 293 0 294 0 2640 0.569422 2641 0.430578 
2 355 1 292 0 2640 0.569422 2641 0.430578 
0 2640 4 292 0.430578 293 0.430578 294 0.430578 291 0.430578 356 0.569422 357 0.569422 358 0.569422 355 0.569422 
0 2641 4 292 0.569422 293 0.569422 294 0.569422 291 0.569422 356 0.430578 357 0.430578 358 0.430578 355 0.430578 
NanList HYP 0
d
30
0 0 -13.8844 0 0 -13.8844 0 0 -13.8844 0 0 -13.8844 0 0 13.8844 0 0 13.8844 0 0 13.8844 0 0 13.8844 0.29785 0.715178 0 -0.297792 -0.715265 0 
s	6
343 351 374 381 
343 344 345 346 347 348 349 350 351 374 375 376 377 378 379 380 381 
b
2 0
0.0163006 0.606969 0.141603
344 0 0 2
345 0 0 3
346 0 0 2
347 0 0 2
348 0 0 2
349 0 0 3
350 0 0 2
375 0 0 2
376 0 0 3
377 0 0 3
378 0 0 3
379 0 0 3
380 0 0 2
g
0
0.5 2 0 0 1 2 0 2 5
t
2
12
3111.85 1222.07 100
3109.52 1220.72 -100
a
4
23
351 342 381 373 
1 344 1 375 0 376 0 374 0 2640 0.433137 2641 0.566863 
1 345 1 375 0 377 0 376 0 2640 0.433137 2641 0.566863 
1 346 1 375 0 377 0 376 0 2640 0.433137 2641 0.566863 
1 348 1 377 0 378 0 379 0 2640 0.433137 2641 0.566863 
1 349 1 378 0 379 0 380 0 2640 0.433137 2641 0.566863 
1 343 1 375 0 374 0 2640 0.433137 2641 0.566863 
1 347 1 377 0 378 0 2640 0.433137 2641 0.566863 
1 350 1 379 0 2640 0.433137 2641 0.566863 
2 375 1 344 0 345 0 346 0 343 0 2640 0.576414 2641 0.423586 
2 377 1 345 0 346 0 348 0 347 0 2640 0.576414 2641 0.423586 
2 376 1 344 0 345 0 346 0 2640 0.576414 2641 0.423586 
2 378 1 348 0 349 0 347 0 2640 0.576414 2641 0.423586 
2 379 1 348 0 349 0 350 0 2640 0.576414 2641 0.423586 
2 374 1 344 0 343 0 2640 0.576414 2641 0.423586 
2 380 1 349 0 2640 0.576414 2641 0.423586 
0 2640 7.5 344 0.433137 345 0.433137 346 0.433137 348 0.433137 349 0.433137 343 0.433137 347 0.433137 350 0.433137 375 0.576414 377 0.576414 376 0.576414 378 0.576414 379 0.576414 374 0.576414 380 0.576414 
0 2641 7.5 344 0.566863 345 0.566863 346 0.566863 348 0.566863 349 0.566863 343 0.566863 347 0.566863 350 0.566863 375 0.423586 377 0.423586 376 0.423586 378 0.423586 379 0.423586 374 0.423586 380 0.423586 
NanList HYP 0
d
51
0 0 -13.3725 0 0 -13.3725 0 0 -13.3725 0 0 -13.3725 0 0 -13.3725 0 0 -13.3725 0 0 -13.3725 0 0 -13.3725 0 0 15.2829 0 0 15.2829 0 0 15.2829 0 0 15.2829 0 0 15.2829 0 0 15.2829 0 0 15.2829 1.16616 0.671462 0 -1.16606 -0.67146 0 
s	7
423 425 458 460 
423 424 425 458 459 460 
b
2 0
0.804177 0.137232 0.242887
424 0 0 1
459 0 0 1
g
0
0.5 2 0 0 1 2 0 2 5
t
2
14
3638.7 2117.4 100
3637.33 2118.81 -100
a
4
27
425 422 460 457 
1 423 1 459 0 458 0 2640 0.473002 2641 0.526998 
1 424 1 459 0 2640 0.473002 2641 0.526998 
2 459 1 423 0 424 0 2640 0.526998 2641 0.473002 
2 458 1 423 0 2640 0.526998 2641 0.473002 
0 2640 2 423 0.473002 424 0.473002 459 0.526998 458 0.526998 
0 2641 2 423 0.526998 424 0.526998 459 0.473002 458 0.473002 
NanList HYP 0
d
18
0 0 -5.39969 0 0 -5.39969 0 0 5.39969 0 0 5.39969 0.683708 -0.70113 0 -0.683493 0.701169 0 
s	8
491 493 524 526 
491 492 493 524 525 526 
b
2 0
0.12979 0.400944 0.156679
492 0 0 1
525 0 0 1
g
0
0.5 2 0 0 1 2 0 2 5
t
2
16
3774.78 1890.35 100
3771.8 1892.53 -100
a
4
31
493 490 526 523 
1 491 1 525 0 524 0 2640 0.447376 2641 0.552624 
1 492 1 525 0 2640 0.447376 2641 0.552624 
2 525 1 491 0 492 0 2640 0.552624 2641 0.447376 
2 524 1 491 0 2640 0.552624 2641 0.447376 
0 2640 2 491 0.447376 492 0.447376 525 0.552624 524 0.552624 
0 2641 2 491 0.552624 492 0.552624 525 0.447376 524 0.447376 
NanList HYP 0
d
18
0 0 -10.5248 0 0 -10.5248 0 0 10.5248 0 0 10.5248 1.48974 -1.08557 0 -1.48982 1.08569 0 
s	9
689 691 722 724 787 790 
689 690 691 722 723 724 787 788 789 790 
b
3 0
0.218257 0.998924 0.108809
690 0 0 2
723 0 0 3
788 0 0 1
789 0 0 2
g
0
0.5 2 0 0 1 2 0 2 5
t
2
18
5439.92 2193.88 100
5442.23 2187.22 -100
a
6
35
691 688 724 721 790 786 
1 722 1 788 0 689 0 789 0 787 0 2640 0.36633 2641 0.63367 
1 723 1 788 0 689 0 690 0 789 0 2640 0.36633 2641 0.63367 
2 788 1 722 0 723 0 689 0 690 0 2640 0.500813 2641 0.499187 
2 789 1 722 0 723 0 690 0 2640 0.500813 2641 0.499187 
2 787 1 722 0 2640 0.500813 2641 0.499187 
3 689 1 722 0 723 0 788 0 2640 0.63245 2641 0.36755 
3 690 1 723 0 788 0 789 0 2640 0.63245 2641 0.36755 
0 2640 3.5 722 0.36633 723 0.36633 788 0.500813 789 0.500813 787 0.500813 689 0.63245 690 0.63245 
0 2641 3.5 722 0.63367 723 0.63367 788 0.499187 789 0.499187 787 0.499187 689 0.36755 690 0.36755 
NanList HYP 0
d
27
0 0 -26.7339 0 0 -26.7339 0 0 0.16261 0 0 0.16261 0 0 0.16261 0 0 26.49 0 0 26.49 -1.15255 3.3311 0 1.15253 -3.33127 0 
s	10
817 823 851 855 883 887 
817 818 819 820 821 822 823 851 852 853 854 855 883 884 885 886 887 
b
3 0
0.61264 0.839112 0.512932
818 0 0 1
819 0 0 3
820 0 0 4
821 0 0 3
822 0 0 2
852 0 0 2
853 0 0 2
854 0 0 2
884 0 0 2
885 0 0 3
886 0 0 2
g
0
0.5 2 0 0 1 2 0 2 5
t
2
20
6096.73 2022.42 100
6096.28 2021.9 -100
a
6
41
823 816 855 850 887 882 
1 819 1 853 0 884 0 852 0 854 0 883 0 2640 0.425104 2641 0.574896 
1 820 1 853 0 884 0 885 0 854 0 883 0 2640 0.425104 2641 0.574896 
1 818 1 853 0 851 0 852 0 2640 0.425104 2641 0.574896 
1 821 1 884 0 885 0 886 0 2640 0.425104 2641 0.574896 
1 817 1 851 0 2640 0.425104 2641 0.574896 
1 822 1 885 0 2640 0.425104 2641 0.574896 
2 853 1 819 0 820 0 818 0 2640 0.556172 2641 0.443828 
2 851 1 818 0 817 0 2640 0.556172 2641 0.443828 
2 852 1 819 0 818 0 2640 0.556172 2641 0.443828 
2 854 1 819 0 820 0 2640 0.556172 2641 0.443828 
2 884 1 819 0 820 0 821 0 2640 0.556172 2641 0.443828 
2 885 1 820 0 821 0 822 0 2640 0.556172 2641 0.443828 
2 883 1 819 0 820 0 2640 0.556172 2641 0.443828 
2 886 1 821 0 2640 0.556172 2641 0.443828 
0 2640 7 819 0.425104 820 0.425104 818 0.425104 821 0.425104 817 0.425104 822 0.425104 853 0.556172 851 0.556172 852 0.556172 854 0.556172 884 0.556172 885 0.556172 883 0.556172 886 0.556172 
0 2641 7 819 0.574896 820 0.574896 818 0.574896 821 0.574896 817 0.574896 822 0.574896 853 0.443828 851 0.443828 852 0.443828 854 0.443828 884 0.443828 885 0.443828 883 0.443828 886 0.443828 
NanList HYP 0
d
48
0 0 -14.9791 0 0 -14.9791 0 0 -14.9791 0 0 -14.9791 0 0 -14.9791 0 0 -14.9791 0 0 11.2344 0 0 11.2344 0 0 11.2344 0 0 11.2344 0 0 11.2344 0 0 11.2344 0 0 11.2344 0 0 11.2344 0.227244 0.259413 0 -0.227534 -0.259346 0 
s	11
837 842 868 873 
837 838 839 840 841 842 868 869 870 871 872 873 
b
2 0
0.524287 0.637552 0.296032
838 0 0 2
839 0 0 2
840 0 0 2
841 0 0 2
869 0 0 2
870 0 0 3
871 0 0 2
872 0 0 1
g
0
0.5 2 0 0 1 2 0 2 5
t
2
22
6001.73 1019.31 100
5997.97 1015.88 -100
a
4
47
842 836 873 867 
1 838 1 869 0 870 0 868 0 2640 0.442677 2641 0.557323 
1 837 1 869 0 868 0 2640 0.442677 2641 0.557323 
1 839 1 869 0 870 0 2640 0.442677 2641 0.557323 
1 840 1 870 0 871 0 2640 0.442677 2641 0.557323 
1 841 1 871 0 872 0 2640 0.442677 2641 0.557323 
2 869 1 838 0 837 0 839 0 2640 0.557323 2641 0.442677 
2 870 1 838 0 839 0 840 0 2640 0.557323 2641 0.442677 
2 868 1 838 0 837 0 2640 0.557323 2641 0.442677 
2 871 1 840 0 841 0 2640 0.557323 2641 0.442677 
2 872 1 841 0 2640 0.557323 2641 0.442677 
0 2640 5 838 0.442677 837 0.442677 839 0.442677 840 0.442677 841 0.442677 869 0.557323 870 0.557323 868 0.557323 871 0.557323 872 0.557323 
0 2641 5 838 0.557323 837 0.557323 839 0.557323 840 0.557323 841 0.557323 869 0.442677 870 0.442677 868 0.442677 871 0.442677 872 0.442677 
NanList HYP 0
d
36
0 0 -11.4646 0 0 -11.4646 0 0 -11.4646 0 0 -11.4646 0 0 -11.4646 0 0 11.4646 0 0 11.4646 0 0 11.4646 0 0 11.4646 0 0 11.4646 1.87835 1.7143 0 -1.8786 -1.71427 0 
s	12
876 881 911 916 
876 877 878 879 880 881 911 912 913 914 915 916 
b
2 0
0.292517 0.972775 0.493583
877 0 0 2
878 0 0 3
879 0 0 2
880 0 0 1
912 0 0 2
913 0 0 2
914 0 0 2
915 0 0 2
g
0
0.5 2 0 0 1 2 0 2 5
t
2
24
6384.01 1595.56 100
6380.94 1599.37 -100
a
4
51
881 875 916 910 
1 877 1 912 0 911 0 913 0 2640 0.434205 2641 0.565795 
1 878 1 912 0 913 0 914 0 2640 0.434205 2641 0.565795 
1 876 1 912 0 911 0 2640 0.434205 2641 0.565795 
1 879 1 914 0 915 0 2640 0.434205 2641 0.565795 
1 880 1 915 0 2640 0.434205 2641 0.565795 
2 912 1 877 0 878 0 876 0 2640 0.565795 2641 0.434205 
2 911 1 877 0 876 0 2640 0.565795 2641 0.434205 
2 913 1 877 0 878 0 2640 0.565795 2641 0.434205 
2 914 1 878 0 879 0 2640 0.565795 2641 0.434205 
2 915 1 879 0 880 0 2640 0.565795 2641 0.434205 
0 2640 5 877 0.434205 878 0.434205 876 0.434205 879 0.434205 880 0.434205 912 0.565795 911 0.565795 913 0.565795 914 0.565795 915 0.565795 
0 2641 5 877 0.565795 878 0.565795 876 0.565795 879 0.565795 880 0.565795 912 0.434205 911 0.434205 913 0.434205 914 0.434205 915 0.434205 
NanList HYP 0
d
36
0 0 -13.159 0 0 -13.159 0 0 -13.159 0 0 -13.159 0 0 -13.159 0 0 13.159 0 0 13.159 0 0 13.159 0 0 13.159 0 0 13.159 1.53764 -1.90567 0 -1.53788 1.90569 0 
s	13
1217 1219 1249 1252 1281 1285 
1217 1218 1219 1249 1250 1251 1252 1281 1282 1283 1284 1285 
b
3 0
0.769914 0.526745 0.771358
1218 0 0 2
1250 0 0 2
1251 0 0 4
1282 0 0 2
1283 0 0 2
1284 0 0 2
g
0
0.5 2 0 0 1 2 0 2 5
t
2
26
8407.52 2194.51 100
8407.53 2182.2 -100
a
6
55
1219 1216 1252 1248 1285 1280 
1 1251 1 1283 0 1217 0 1218 0 1282 0 1284 0 2640 0.379982 2641 0.620018 
1 1250 1 1283 0 1217 0 1282 0 1281 0 2640 0.379982 2641 0.620018 
1 1249 1 1282 0 2640 0.379982 2641 0.620018 
2 1283 1 1251 0 1250 0 1217 0 1218 0 2640 0.517499 2641 0.482501 
2 1282 1 1251 0 1250 0 1249 0 2640 0.517499 2641 0.482501 
2 1284 1 1251 0 1218 0 2640 0.517499 2641 0.482501 
2 1281 1 1250 0 2640 0.517499 2641 0.482501 
3 1217 1 1251 0 1250 0 1283 0 2640 0.645028 2641 0.354972 
3 1218 1 1251 0 1283 0 1284 0 2640 0.645028 2641 0.354972 
0 2640 4.5 1251 0.379982 1250 0.379982 1249 0.379982 1283 0.517499 1282 0.517499 1284 0.517499 1281 0.517499 1217 0.645028 1218 0.645028 
0 2641 4.5 1251 0.620018 1250 0.620018 1249 0.620018 1283 0.482501 1282 0.482501 1284 0.482501 1281 0.482501 1217 0.354972 1218 0.354972 
NanList HYP 0
d
33
0 0 -24.0036 0 0 -24.0036 0 0 -24.0036 0 0 3.49987 0 0 3.49987 0 0 3.49987 0 0 3.49987 0 0 29.0057 0 0 29.0057 -0.00422065 6.15633 0 0.00481961 -6.15643 0 
s	14
1380 1384 1414 1417 
1380 1381 1382 1383 1384 1414 1415 1416 1417 
b
2 0
0.283315 0.891529 0.400229
1381 0 0 2
1382 0 0 2
1383 0 0 1
1415 0 0 2
1416 0 0 3
g
0
0.5 2 0 0 1 2 0 2 5
t
2
28
9512.6 1918.22 100
9511.77 1923.12 -100
a
4
61
1384 1379 1417 1413 
1 1381 1 1415 0 1416 0 1414 0 2640 0.441007 2641 0.558993 
1 1382 1 1415 0 1416 0 2640 0.441007 2641 0.558993 
1 1380 1 1415 0 2640 0.441007 2641 0.558993 
1 1383 1 1416 0 2640 0.441007 2641 0.558993 
2 1415 1 1381 0 1382 0 1380 0 2640 0.578658 2641 0.421342 
2 1416 1 1381 0 1382 0 1383 0 2640 0.578658 2641 0.421342 
2 1414 1 1381 0 2640 0.578658 2641 0.421342 
0 2640 3.5 1381 0.441007 1382 0.441007 1380 0.441007 1383 0.441007 1415 0.578658 1416 0.578658 1414 0.578658 
0 2641 3.5 1381 0.558993 1382 0.558993 1380 0.558993 1383 0.558993 1415 0.421342 1416 0.421342 1414 0.421342 
NanList HYP 0
d
27
0 0 -11.7987 0 0 -11.7987 0 0 -11.7987 0 0 -11.7987 0 0 15.7316 0 0 15.7316 0 0 15.7316 0.415719 -2.4521 0 -0.416143 2.45211 0 
s	15
1509 1510 1511 1512 1513 1514 1547 1548 1549 1576 1577 1578 1579 1580 1581 1582 
1509 1510 1511 1512 1513 1514 1547 1548 1549 1576 1577 1578 1579 1580 1581 1582 
b
2 0
0.919026 0.807725 0.352458
1510 0 0 2
1511 0 0 3
1512 0 0 2
1513 0 0 1
1579 0 0 2
1580 0 0 3
1581 0 0 3
b
2 0
0.525995 0.949327 0.0697553
1548 0 0 2
1577 0 0 1
1578 0 0 1
g
0
0.5 2 0 0 1 2 0 2 5
t
2
30
10273.9 2075.22 100
10275.3 2068.15 -100
a
6
65
1514 1508 1549 1546 1582 1575 
1 1578 1 1510 0 1509 0 1548 0 2640 0.425652 2641 0.574348 
1 1579 1 1510 0 1511 0 1509 0 2640 0.425652 2641 0.574348 
1 1580 1 1510 0 1511 0 1512 0 2640 0.425652 2641 0.574348 
1 1581 1 1511 0 1512 0 1513 0 2640 0.425652 2641 0.574348 
1 1577 1 1547 0 1548 0 2640 0.425652 2641 0.574348 
1 1576 1 1547 0 2640 0.425652 2641 0.574348 
2 1510 1 1578 0 1579 0 1580 0 2640 0.563727 2641 0.436273 
2 1511 1 1579 0 1580 0 1581 0 2640 0.563727 2641 0.436273 
2 1509 1 1578 0 1579 0 2640 0.563727 2641 0.436273 
2 1512 1 1580 0 1581 0 2640 0.563727 2641 0.436273 
2 1513 1 1581 0 2640 0.563727 2641 0.436273 
2 1547 1 1577 0 1576 0 2640 0.563727 2641 0.436273 
2 1548 1 1578 0 1577 0 2640 0.563727 2641 0.436273 
0 2640 6.5 1578 0.425652 1579 0.425652 1580 0.425652 1581 0.425652 1577 0.425652 1576 0.425652 1510 0.563727 1511 0.563727 1509 0.563727 1512 0.563727 1513 0.563727 1547 0.563727 1548 0.563727 
0 2641 6.5 1578 0.574348 1579 0.574348 1580 0.574348 1581 0.574348 1577 0.574348 1576 0.574348 1510 0.436273 1511 0.436273 1509 0.436273 1512 0.436273 1513 0.436273 1547 0.436273 1548 0.436273 
NanList HYP 0
d
45
0 0 -14.8697 0 0 -14.8697 0 0 -14.8697 0 0 -14.8697 0 0 -14.8697 0 0 -14.8697 0 0 12.7455 0 0 12.7455 0 0 12.7455 0 0 12.7455 0 0 12.7455 0 0 12.7455 0 0 12.7455 -0.708819 3.53126 0 0.707887 -3.53109 0 
s	16
1707 1709 1745 1747 
1707 1708 1709 1745 1746 1747 
b
2 0
0.663227 0.192214 0.0860558
1708 0 0 1
1746 0 0 1
g
0
0.5 2 0 0 1 2 0 2 5
t
2
32
11431.3 1956.55 100
11430.3 1958.01 -100
a
4
71
1709 1706 1747 1744 
1 1707 1 1746 0 1745 0 2640 0.475825 2641 0.524175 
1 1708 1 1746 0 2640 0.475825 2641 0.524175 
2 1746 1 1707 0 1708 0 2640 0.524175 2641 0.475825 
2 1745 1 1707 0 2640 0.524175 2641 0.475825 
0 2640 2 1707 0.475825 1708 0.475825 1746 0.524175 1745 0.524175 
0 2641 2 1707 0.524175 1708 0.524175 1746 0.475825 1745 0.475825 
NanList HYP 0
d
18
0 0 -4.83501 0 0 -4.83501 0 0 4.83501 0 0 4.83501 0.479679 -0.729931 0 -0.48007 0.729999 0 
s	17
1710 1714 1778 1780 1810 1813 
1710 1711 1712 1713 1714 1778 1779 1780 1810 1811 1812 1813 
b
3 0
0.0641713 0.348893 0.890233
1711 0 0 1
1712 0 0 3
1713 0 0 2
1779 0 0 2
1811 0 0 2
1812 0 0 2
g
0
0.5 2 0 0 1 2 0 2 5
t
2
34
11483.5 2313.51 100
11483 2310.63 -100
a
6
75
1714 1709 1780 1777 1813 1809 
1 1712 1 1778 0 1810 0 1811 0 1779 0 1812 0 2640 0.432213 2641 0.567787 
1 1711 1 1778 0 1810 0 1811 0 1779 0 2640 0.432213 2641 0.567787 
1 1713 1 1810 0 1811 0 1812 0 2640 0.432213 2641 0.567787 
1 1710 1 1778 0 2640 0.432213 2641 0.567787 
2 1810 1 1712 0 1711 0 1713 0 2640 0.554229 2641 0.445771 
2 1811 1 1712 0 1711 0 1713 0 2640 0.554229 2641 0.445771 
2 1812 1 1712 0 1713 0 2640 0.554229 2641 0.445771 
2 1778 1 1712 0 1711 0 1710 0 2640 0.554229 2641 0.445771 
2 1779 1 1712 0 1711 0 2640 0.554229 2641 0.445771 
0 2640 4.5 1712 0.432213 1711 0.432213 1713 0.432213 1710 0.432213 1810 0.554229 1811 0.554229 1812 0.554229 1778 0.554229 1779 0.554229 
0 2641 4.5 1712 0.567787 1711 0.567787 1713 0.567787 1710 0.567787 1810 0.445771 1811 0.445771 1812 0.445771 1778 0.445771 1779 0.445771 
NanList HYP 0
d
33
0 0 -13.5573 0 0 -13.5573 0 0 -13.5573 0 0 -13.5573 0 0 10.8459 0 0 10.8459 0 0 10.8459 0 0 10.8459 0 0 10.8459 0.244331 1.44188 0 -0.244938 -1.44197 0 
s	18
2061 2068 2091 2097 
2061 2062 2063 2064 2065 2066 2067 2068 2091 2092 2093 2094 2095 2096 2097 
b
2 0
0.0630958 0.457702 0.020023
2062 0 0 2
2063 0 0 2
2064 0 0 2
2065 0 0 3
2066 0 0 2
2067 0 0 1
2092 0 0 1
2093 0 0 2
2094 0 0 3
2095 0 0 3
2096 0 0 3
g
0
0.5 2 0 0 1 2 0 2 5
t
2
36
13451 1152.71 100
13449.3 1157.08 -100
a
4
81
2068 2060 2097 2090 
1 2064 1 2093 0 2094 0 2095 0 2640 0.45846 2641 0.54154 
1 2065 1 2094 0 2095 0 2096 0 2640 0.45846 2641 0.54154 
1 2061 1 2092 0 2091 0 2640 0.45846 2641 0.54154 
1 2062 1 2093 0 2092 0 2640 0.45846 2641 0.54154 
1 2063 1 2093 0 2094 0 2640 0.45846 2641 0.54154 
1 2066 1 2095 0 2096 0 2640 0.45846 2641 0.54154 
1 2067 1 2096 0 2640 0.45846 2641 0.54154 
2 2093 1 2064 0 2062 0 2063 0 2640 0.548464 2641 0.451536 
2 2094 1 2064 0 2065 0 2063 0 2640 0.548464 2641 0.451536 
2 2095 1 2064 0 2065 0 2066 0 2640 0.548464 2641 0.451536 
2 2096 1 2065 0 2066 0 2067 0 2640 0.548464 2641 0.451536 
2 2092 1 2061 0 2062 0 2640 0.548464 2641 0.451536 
2 2091 1 2061 0 2640 0.548464 2641 0.451536 
0 2640 6.5 2064 0.45846 2065 0.45846 2061 0.45846 2062 0.45846 2063 0.45846 2066 0.45846 2067 0.45846 2093 0.548464 2094 0.548464 2095 0.548464 2096 0.548464 2092 0.548464 2091 0.548464 
0 2641 6.5 2064 0.54154 2065 0.54154 2061 0.54154 2062 0.54154 2063 0.54154 2066 0.54154 2067 0.54154 2093 0.451536 2094 0.451536 2095 0.451536 2096 0.451536 2092 0.451536 2091 0.451536 
NanList HYP 0
d
45
0 0 -8.30808 0 0 -8.30808 0 0 -8.30808 0 0 -8.30808 0 0 -8.30808 0 0 -8.30808 0 0 -8.30808 0 0 9.69275 0 0 9.69275 0 0 9.69275 0 0 9.69275 0 0 9.69275 0 0 9.69275 0.866173 -2.18292 0 -0.866593 2.18299 0 
s	19
2107 2108 2109 2110 2141 2142 2143 2174 2175 2176 
2107 2108 2109 2110 2141 2142 2143 2174 2175 2176 
b
2 0
0.902208 0.970634 0.23828
2108 0 0 1
2142 0 0 1
b
2 0
0.53976 0.266666 0.85092
2109 0 0 1
2175 0 0 1
g
0
0.5 2 0 0 1 2 0 2 5
t
2
38
13599.6 2240.36 100
13597 2242.7 -100
a
6
85
2110 2106 2143 2140 2176 2173 
1 2108 1 2142 0 2175 0 2174 0 2640 0.45441 2641 0.54559 
1 2107 1 2142 0 2141 0 2640 0.45441 2641 0.54559 
1 2109 1 2175 0 2640 0.45441 2641 0.54559 
2 2142 1 2108 0 2107 0 2640 0.534192 2641 0.465808 
2 2141 1 2107 0 2640 0.534192 2641 0.465808 
2 2175 1 2108 0 2109 0 2640 0.534192 2641 0.465808 
2 2174 1 2108 0 2640 0.534192 2641 0.465808 
0 2640 3.5 2108 0.45441 2107 0.45441 2109 0.45441 2142 0.534192 2141 0.534192 2175 0.534192 2174 0.534192 
0 2641 3.5 2108 0.54559 2107 0.54559 2109 0.54559 2142 0.465808 2141 0.465808 2175 0.465808 2174 0.465808 
NanList HYP 0
d
27
0 0 -9.11796 0 0 -9.11796 0 0 -9.11796 0 0 6.83846 0 0 6.83846 0 0 6.83846 0 0 6.83846 1.33431 -1.17129 0 -1.33465 1.17131 0 
s	20
2162 2168 2195 2201 
2162 2163 2164 2165 2166 2167 2168 2195 2196 2197 2198 2199 2200 2201 
b
2 0
0.512535 0.760249 0.375207
2163 0 0 2
2164 0 0 3
2165 0 0 3
2166 0 0 3
2167 0 0 2
2196 0 0 2
2197 0 0 3
2198 0 0 3
2199 0 0 3
2200 0 0 2
g
0
0.5 2 0 0 1 2 0 2 5
t
2
40
13984.5 1562.1 100
13982.3 1560.4 -100
a
4
91
2168 2161 2201 2194 
1 2163 1 2196 0 2197 0 2195 0 2640 0.440112 2641 0.559888 
1 2164 1 2196 0 2197 0 2198 0 2640 0.440112 2641 0.559888 
1 2165 1 2197 0 2198 0 2199 0 2640 0.440112 2641 0.559888 
1 2166 1 2198 0 2199 0 2200 0 2640 0.440112 2641 0.559888 
1 2162 1 2196 0 2195 0 2640 0.440112 2641 0.559888 
1 2167 1 2199 0 2200 0 2640 0.440112 2641 0.559888 
2 2196 1 2163 0 2164 0 2162 0 2640 0.559888 2641 0.440112 
2 2197 1 2163 0 2164 0 2165 0 2640 0.559888 2641 0.440112 
2 2198 1 2164 0 2165 0 2166 0 2640 0.559888 2641 0.440112 
2 2199 1 2165 0 2166 0 2167 0 2640 0.559888 2641 0.440112 
2 2195 1 2163 0 2162 0 2640 0.559888 2641 0.440112 
2 2200 1 2166 0 2167 0 2640 0.559888 2641 0.440112 
0 2640 6 2163 0.440112 2164 0.440112 2165 0.440112 2166 0.440112 2162 0.440112 2167 0.440112 2196 0.559888 2197 0.559888 2198 0.559888 2199 0.559888 2195 0.559888 2200 0.559888 
0 2641 6 2163 0.559888 2164 0.559888 2165 0.559888 2166 0.559888 2162 0.559888 2167 0.559888 2196 0.440112 2197 0.440112 2198 0.440112 2199 0.440112 2195 0.440112 2200 0.440112 
NanList HYP 0
d
42
0 0 -11.9775 0 0 -11.9775 0 0 -11.9775 0 0 -11.9775 0 0 -11.9775 0 0 -11.9775 0 0 11.9775 0 0 11.9775 0 0 11.9775 0 0 11.9775 0 0 11.9775 0 0 11.9775 1.09562 0.849726 0 -1.09627 -0.849684 0 
s	21
2299 2305 2330 2336 
2299 2300 2301 2302 2303 2304 2305 2330 2331 2332 2333 2334 2335 2336 
b
2 0
0.0392803 0.531606 0.667724
2300 0 0 2
2301 0 0 2
2302 0 0 2
2303 0 0 3
2304 0 0 2
2331 0 0 1
2332 0 0 2
2333 0 0 3
2334 0 0 3
2335 0 0 2
g
0
0.5 2 0 0 1 2 0 2 5
t
2
42
14761.6 1613.42 100
14758.9 1615.36 -100
a
4
95
2305 2298 2336 2329 
1 2302 1 2332 0 2333 0 2334 0 2640 0.441861 2641 0.558139 
1 2303 1 2333 0 2334 0 2335 0 2640 0.441861 2641 0.558139 
1 2299 1 2331 0 2330 0 2640 0.441861 2641 0.558139 
1 2300 1 2332 0 2331 0 2640 0.441861 2641 0.558139 
1 2301 1 2332 0 2333 0 2640 0.441861 2641 0.558139 
1 2304 1 2334 0 2335 0 2640 0.441861 2641 0.558139 
2 2332 1 2302 0 2300 0 2301 0 2640 0.558139 2641 0.441861 
2 2333 1 2302 0 2303 0 2301 0 2640 0.558139 2641 0.441861 
2 2334 1 2302 0 2303 0 2304 0 2640 0.558139 2641 0.441861 
2 2331 1 2299 0 2300 0 2640 0.558139 2641 0.441861 
2 2335 1 2303 0 2304 0 2640 0.558139 2641 0.441861 
2 2330 1 2299 0 2640 0.558139 2641 0.441861 
0 2640 6 2302 0.441861 2303 0.441861 2299 0.441861 2300 0.441861 2301 0.441861 2304 0.441861 2332 0.558139 2333 0.558139 2334 0.558139 2331 0.558139 2335 0.558139 2330 0.558139 
0 2641 6 2302 0.558139 2303 0.558139 2299 0.558139 2300 0.558139 2301 0.558139 2304 0.558139 2332 0.441861 2333 0.441861 2334 0.441861 2331 0.441861 2335 0.441861 2330 0.441861 
NanList HYP 0
d
42
0 0 -11.6277 0 0 -11.6277 0 0 -11.6277 0 0 -11.6277 0 0 -11.6277 0 0 -11.6277 0 0 11.6277 0 0 11.6277 0 0 11.6277 0 0 11.6277 0 0 11.6277 0 0 11.6277 1.35269 -0.970771 0 -1.35269 0.970869 0 
s	22
2321 2325 2355 2359 
2321 2322 2323 2324 2325 2355 2356 2357 2358 2359 
b
2 0
0.93081 0.931835 0.437638
2322 0 0 1
2323 0 0 2
2324 0 0 2
2356 0 0 2
2357 0 0 2
2358 0 0 1
g
0
0.5 2 0 0 1 2 0 2 5
t
2
44
15112.8 949.615 100
15111.6 947.643 -100
a
4
99
2325 2320 2359 2354 
1 2322 1 2355 0 2356 0 2640 0.469743 2641 0.530257 
1 2323 1 2356 0 2357 0 2640 0.469743 2641 0.530257 
1 2324 1 2357 0 2358 0 2640 0.469743 2641 0.530257 
1 2321 1 2355 0 2640 0.469743 2641 0.530257 
2 2355 1 2322 0 2321 0 2640 0.530257 2641 0.469743 
2 2356 1 2322 0 2323 0 2640 0.530257 2641 0.469743 
2 2357 1 2323 0 2324 0 2640 0.530257 2641 0.469743 
2 2358 1 2324 0 2640 0.530257 2641 0.469743 
0 2640 4 2322 0.469743 2323 0.469743 2324 0.469743 2321 0.469743 2355 0.530257 2356 0.530257 2357 0.530257 2358 0.530257 
0 2641 4 2322 0.530257 2323 0.530257 2324 0.530257 2321 0.530257 2355 0.469743 2356 0.469743 2357 0.469743 2358 0.469743 
NanList HYP 0
d
30
0 0 -6.05143 0 0 -6.05143 0 0 -6.05143 0 0 -6.05143 0 0 6.05143 0 0 6.05143 0 0 6.05143 0 0 6.05143 0.623663 0.985523 0 -0.624445 -0.98558 0 
s	23
2339 2341 2372 2374 2403 2406 
2339 2340 2341 2372 2373 2374 2403 2404 2405 2406 
b
3 0
0.738534 0.284293 0.720952
2340 0 0 1
2373 0 0 3
2404 0 0 1
2405 0 0 1
g
0
0.5 2 0 0 1 2 0 2 5
t
2
46
14842.6 2123.19 100
14842.7 2121.52 -100
a
6
103
2341 2338 2374 2371 2406 2402 
1 2373 1 2339 0 2404 0 2340 0 2405 0 2640 0.456907 2641 0.543093 
1 2372 1 2339 0 2404 0 2403 0 2640 0.456907 2641 0.543093 
2 2404 1 2373 0 2372 0 2640 0.517237 2641 0.482763 
2 2403 1 2372 0 2640 0.517237 2641 0.482763 
2 2405 1 2373 0 2640 0.517237 2641 0.482763 
2 2339 1 2373 0 2372 0 2640 0.517237 2641 0.482763 
2 2340 1 2373 0 2640 0.517237 2641 0.482763 
0 2640 3.5 2373 0.456907 2372 0.456907 2404 0.517237 2403 0.517237 2405 0.517237 2339 0.517237 2340 0.517237 
0 2641 3.5 2373 0.543093 2372 0.543093 2404 0.482763 2403 0.482763 2405 0.482763 2339 0.482763 2340 0.482763 
NanList HYP 0
d
27
0 0 -8.61866 0 0 -8.61866 0 0 3.44746 0 0 3.44746 0 0 3.44746 0 0 3.44746 0 0 3.44746 -0.056233 0.835997 0 0.0555634 -0.835777 0 
s	24
2471 2473 2504 2506 
2471 2472 2473 2504 2505 2506 
b
2 0
0.687861 0.354049 0.639979
2472 0 0 1
2505 0 0 1
g
0
0.5 2 0 0 1 2 0 2 5
t
2
48
15739.2 2579.11 100
15738 2577.21 -100
a
4
109
2473 2470 2506 2503 
1 2472 1 2504 0 2505 0 2640 0.470803 2641 0.529197 
1 2471 1 2504 0 2640 0.470803 2641 0.529197 
2 2504 1 2472 0 2471 0 2640 0.529197 2641 0.470803 
2 2505 1 2472 0 2640 0.529197 2641 0.470803 
0 2640 2 2472 0.470803 2471 0.470803 2504 0.529197 2505 0.529197 
0 2641 2 2472 0.529197 2471 0.529197 2504 0.470803 2505 0.470803 
NanList HYP 0
d
18
0 0 -5.83935 0 0 -5.83935 0 0 5.83935 0 0 5.83935 0.611477 0.950442 0 -0.611867 -0.950266 0 
