33 2 0.1 0.3 1 0 20 1
p
0
30
1000 0 0
996.035 71.8221 0
992.07 143.644 0
988.104 215.466 0
984.139 287.289 0
980.174 359.111 0
976.209 430.933 0
972.243 502.755 0
968.278 574.577 0
964.313 646.399 0
960.348 718.221 0
956.382 790.044 0
952.417 861.866 0
948.452 933.688 0
944.487 1005.51 0
940.521 1077.33 0
936.556 1149.15 0
932.591 1220.98 0
928.626 1292.8 0
924.66 1364.62 0
920.695 1436.44 0
916.73 1508.27 0
912.765 1580.09 0
908.799 1651.91 0
904.834 1723.73 0
900.869 1795.55 0
896.904 1867.38 0
892.938 1939.2 0
888.973 2011.02 0
885.008 2082.84 0
881.043 2154.66 0
p
1
30
1200 0 0
1197.17 75.8647 0
1194.34 151.729 0
1191.5 227.594 0
1188.67 303.459 0
1185.84 379.323 0
1183.01 455.188 0
1180.17 531.053 0
1177.34 606.917 0
1174.51 682.782 0
1171.68 758.647 0
1168.85 834.511 0
1166.01 910.376 0
1163.18 986.241 0
1160.35 1062.11 0
1157.52 1137.97 0
1154.68 1213.83 0
1151.85 1289.7 0
1149.02 1365.56 0
1146.19 1441.43 0
1143.36 1517.29 0
1140.52 1593.16 0
1137.69 1669.02 0
1134.86 1744.89 0
1132.03 1820.75 0
1129.19 1896.62 0
1126.36 1972.48 0
1123.53 2048.35 0
1120.7 2124.21 0
1117.86 2200.08 0
1115.03 2275.94 0
p
2
30
1400 0 0
1404.55 79.9118 0
1409.11 159.824 0
1413.39 239.734 0
1417.37 319.652 0
1421.22 399.586 0
1424.9 479.528 0
1428.46 559.477 0
1431.92 639.43 0
1435.32 719.387 0
1438.71 799.344 0
1442.12 879.3 0
1445.58 959.253 0
1449.15 1039.2 0
1452.85 1119.14 0
1456.72 1199.08 0
1460.8 1279 0
1465.12 1358.9 0
1469.72 1438.8 0
1474.63 1518.67 0
1479.88 1598.53 0
1485.49 1678.36 0
1491.49 1758.16 0
1497.91 1837.94 0
1504.77 1917.69 0
1512 1997.41 5.58969
1519.28 2077.14 5.58969
1526.52 2156.87 5.58969
1533.75 2236.61 5.58969
1541.01 2316.34 0
1548.26 2396.08 0
p
3
30
1600 0 0
1610.12 75.2423 0
1620.23 150.485 0
1627.9 226.093 0
1633.24 301.949 0
1637.36 377.885 0
1640.22 453.905 0
1642.19 529.96 0
1643.67 606.014 0
1644.94 682.044 0
1645.94 758.043 0
1646.18 834.02 0
1644.95 909.989 0
1642.46 985.978 0
1638.24 1061.95 0
1632.44 1137.9 0
1624.82 1213.75 0
1615.26 1289.44 0
1603.85 1364.9 0
1591.65 1440.27 0
1579.37 1515.64 0
1567.54 1591.06 0
1556.73 1666.59 0
1547.78 1742.32 0
1541.54 1818.24 0
1538.12 1894.27 0
1537.58 1970.32 -6.70763
1540.25 2046.25 -6.70763
1546.33 2121.97 -6.70763
1555.84 2197.33 -6.70763
1568.2 2272.32 -6.70763
p
4
30
1800 0 0
1800.43 77.9812 0
1800.86 155.962 0
1800.98 233.941 0
1800.62 311.92 0
1799.88 389.896 0
1798.43 467.86 0
1795.98 545.802 0
1792.09 623.692 0
1786.25 701.474 0
1777.81 779.043 0
1766.02 856.212 0
1750.18 932.701 0
1732.29 1008.82 0
1712.56 1084.55 0
1691.91 1160.09 0
1671.2 1235.64 0
1651.35 1311.41 0
1633.17 1387.57 0
1616.98 1464.1 0
1603.37 1541.06 0
1592.99 1618.44 -0.932932
1586.23 1696.25 -0.932932
1582.86 1774.27 0
1581.73 1852.31 0
1582.23 1930.37 0
1583.95 2008.44 0
1586.5 2086.49 0
1589.5 2164.55 0
1592.61 2242.61 5.58969
1595.78 2320.65 5.58969
p
5
30
2000 0 0
2007.53 86.64 0
2015.07 173.28 0
2023.28 259.855 0
2032.23 346.354 0
2041.26 432.846 0
2049.86 519.381 0
2057.37 606.016 0
2062.92 692.802 0
2065.36 779.746 0
2063.18 866.746 0
2054.4 953.445 0
2037.16 1039.08 0
2012.27 1122.99 0
1977.9 1203.81 0
1932.22 1279.38 0
1872.59 1345.76 0
1802.19 1401.93 0
1734.14 1461.3 0
1675.02 1528.79 0
1632.91 1606.71 0.621954
1614.65 1692.12 0.621954
1619.75 1778.67 0.621954
1650.85 1859.76 0
1701.98 1930.78 0
1762.42 1994.93 0
1820.52 2061.24 0
1862.91 2137.99 0
1882.67 2223.16 12.5868
1901.48 2309.03 12.5868
1921.46 2394.76 12.5868
p
6
30
2200 0 0
2193.5 73.8361 0
2187 147.672 0
2180.51 221.52 0
2174.01 295.376 0
2167.24 369.219 0
2160.13 443.042 0
2152.61 516.84 0
2144.59 590.609 0
2136.03 664.35 0
2126.92 738.07 0
2117.29 811.792 0
2107.54 885.582 0
2097.21 959.279 0
2086.38 1032.95 0
2074.85 1106.58 0
2062.69 1180.31 0
2053.85 1255.08 0
2043.89 1329.52 0
2034.29 1404.06 0
2023.71 1478.47 0
2012.58 1552.82 0
2000.76 1627.13 0
1988.14 1701.43 0
1974.65 1775.69 0
1960.35 1849.92 0
1945.64 1924.13 0
1931.67 1998.47 0
1920.4 2073.28 12.5868
1913.94 2148.6 12.5868
1913.7 2223.89 12.5868
p
7
30
2400 0 0
2388.25 79.0651 0
2376.5 158.13 0
2365.57 237.307 0
2355.78 316.635 0
2347.19 396.105 0
2340.05 475.728 0
2334.64 555.497 0
2331.25 635.388 0
2330.16 715.351 0
2331.58 795.308 0
2335.42 875.17 0
2340.98 954.884 0
2345.08 1034.69 0
2346.1 1114.53 0
2342.05 1194.2 0
2331.34 1273.11 0
2314.7 1350.85 0
2291.66 1427.08 0
2262.89 1501.42 0
2229.29 1573.81 0
2192.03 1644.48 0
2152.38 1713.92 0
2111.71 1782.81 0
2071.34 1851.87 0
2032.57 1921.79 0
1996.57 1993.09 0
1964.37 2066.09 -18.8802
1937.51 2141.15 -18.8802
1918.16 2218.6 -18.8802
1901.24 2296.86 -18.8802
p
8
30
2600 0 0
2611.3 81.1949 0
2622.61 162.39 0
2633.43 243.639 0
2645.25 324.763 0
2658.26 405.713 0
2671.91 486.571 0
2686.45 567.294 0
2701.86 647.878 0
2718.16 728.314 0
2735.33 808.598 0
2753.36 888.726 0
2772.22 968.695 0
2791.88 1048.5 0
2812.33 1128.15 0
2833.51 1207.65 0
2855.39 1286.99 0
2877.93 1366.18 0
2901.07 1445.23 0
2924.77 1524.14 0
2948.97 1602.94 0
2973.61 1681.62 0
2998.64 1760.21 0
3024 1838.72 0
3049.61 1917.15 0
3075.41 1995.54 0
3101.34 2073.9 0
3127.33 2152.24 0
3153.3 2230.59 7.08488
3179.23 2308.95 7.08488
3205.18 2387.3 7.08488
p
9
30
2800 0 0
2804.31 80.6779 0
2808.62 161.356 0
2812.3 242.049 0
2816.72 322.705 0
2822.34 403.288 0
2828.79 483.825 0
2836.43 564.275 0
2845.38 644.61 0
2855.61 724.821 0
2867.17 804.887 0
2880.02 884.793 0
2894.14 964.532 0
2909.47 1044.1 0
2925.91 1123.49 0
2943.38 1202.72 0
2961.76 1281.79 0
2980.92 1360.73 0
3000.72 1439.56 0
3020.99 1518.31 0
3041.58 1597.01 0
3062.3 1675.71 0
3082.98 1754.45 0
3103.42 1833.26 0
3123.43 1912.2 0
3142.95 1991.29 7.08488
3162.37 2070.43 7.08488
3181.78 2149.57 7.08488
3201.48 2228.62 7.08488
3221.52 2307.57 7.08488
3241.63 2386.52 0
p
10
30
3000 0 0
2997.57 67.7355 0
2995.13 135.471 0
3000.55 203.641 0
3007.71 271.654 0
3017.59 339.567 0
3029.04 407.375 0
3041.54 475.055 0
3054.47 542.629 0
3067.33 610.126 0
3079.69 677.587 0
3091.22 745.052 0
3101.67 812.56 0
3110.89 880.146 0
3118.76 947.84 0
3125.24 1015.66 0
3130.36 1083.63 0
3134.18 1151.76 0
3136.83 1220.04 0
3138.48 1288.46 0
3139.35 1357.02 0
3139.69 1425.69 0
3139.81 1494.44 0
3140.05 1563.23 0
3140.78 1632.01 0
3142.42 1700.72 0
3145.45 1769.3 0
3150.35 1837.68 0
3157.67 1905.75 0
3167.34 1973.47 22.2539
3177.35 2041.1 22.2539
p
11
30
3200 0 0
3199 76.3813 0
3197.99 152.763 0
3197.45 229.095 0
3197.01 305.456 0
3196.74 381.819 0
3196.65 458.185 0
3196.7 534.553 0
3196.87 610.922 0
3197.15 687.292 0
3197.52 763.664 0
3197.95 840.037 0
3198.42 916.41 0
3198.92 992.783 0
3199.42 1069.16 0
3199.9 1145.53 0
3200.35 1221.9 0
3200.73 1298.27 0
3201.04 1374.65 0
3201.25 1451.02 0
3201.34 1527.38 0
3201.29 1603.75 0
3201.08 1680.11 0
3200.69 1756.48 0
3200.1 1832.83 0
3199.29 1909.19 0
3198.29 1985.55 -20.2374
3197.3 2061.91 -20.2374
3196.44 2138.28 -20.2374
3195.96 2214.66 -20.2374
3196.05 2291.06 -20.2374
p
12
30
3400 0 0
3398.44 71.7333 0
3396.87 143.467 0
3395.31 215.2 0
3393.74 286.933 0
3392.18 358.666 0
3390.62 430.4 0
3389.05 502.133 0
3387.49 573.866 0
3385.92 645.599 0
3384.36 717.333 0
3382.79 789.066 0
3381.23 860.799 0
3379.67 932.533 0
3378.1 1004.27 0
3376.54 1076 0
3374.97 1147.73 0
3373.41 1219.47 0
3371.85 1291.2 0
3370.28 1362.93 0
3368.72 1434.67 0
3367.15 1506.4 0
3365.59 1578.13 0
3364.02 1649.87 0
3362.46 1721.6 0
3360.9 1793.33 0
3359.33 1865.07 0
3357.77 1936.8 0
3356.2 2008.53 0
3354.64 2080.27 0
3353.08 2152 0
p
13
30
3600 0 0
3595.73 70.215 0
3591.46 140.43 0
3587.19 210.645 0
3582.92 280.86 0
3578.65 351.075 0
3574.38 421.29 0
3570.11 491.505 0
3565.85 561.72 0
3561.58 631.935 0
3557.31 702.15 0
3553.04 772.365 0
3548.77 842.58 0
3544.5 912.795 0
3540.23 983.01 0
3535.96 1053.23 0
3531.69 1123.44 0
3527.42 1193.66 0
3523.15 1263.87 0
3518.88 1334.09 0
3514.61 1404.3 0
3510.34 1474.52 0
3506.08 1544.73 0
3501.81 1614.95 0
3497.54 1685.16 0
3493.27 1755.38 0
3489 1825.59 0
3484.73 1895.81 0
3480.46 1966.02 0
3476.19 2036.24 0
3471.92 2106.45 0
p
14
30
3800 0 0
3804.04 71.7718 0
3808.08 143.544 0
3812.18 215.308 0
3816.35 287.067 0
3820.59 358.818 0
3824.93 430.56 0
3829.36 502.291 0
3833.87 574.012 0
3838.44 645.719 0
3843.03 717.414 0
3847.53 789.093 0
3851.69 860.756 0
3854.8 932.43 0
3857.05 1004.17 0
3858.2 1075.94 0
3858.12 1147.73 0
3856.75 1219.52 0
3854.08 1291.27 0
3850.14 1362.98 0
3844.97 1434.63 0
3838.7 1506.2 0
3831.46 1577.69 0
3823.44 1649.11 0
3814.82 1720.47 0
3805.85 1791.79 0
3796.75 1863.1 -18.1554
3787.33 1934.36 -18.1554
3775.61 2005.32 -18.1554
3759.56 2075.63 -18.1554
3738.97 2145 -18.1554
p
15
30
4000 0 0
3999.23 72.1296 0
3998.47 144.259 0
3997.49 216.396 0
3996.26 288.536 0
3994.71 360.679 0
3992.77 432.823 0
3990.4 504.968 0
3987.56 577.113 0
3984.24 649.263 0
3980.4 721.423 0
3975.96 793.61 0
3970.55 865.85 0
3963.02 938.101 0
3955.41 1010.24 0
3947.21 1082.34 0
3939.37 1154.48 0
3931.73 1226.64 0
3924.28 1298.84 0
3916.91 1371.07 0
3909.45 1443.31 0
3901.63 1515.55 0
3893.1 1587.75 0
3883.36 1659.83 0
3871.78 1731.67 0
3857.41 1803.03 0
3839 1873.49 11.3471
3815.68 1942.61 11.3471
3788.87 2010.55 11.3471
3757.98 2076.78 11.3471
3723.08 2140.97 11.3471
p
16
30
4200 0 0
4187.92 80.9825 0
4175.85 161.965 0
4164.18 243.004 0
4153.12 324.126 0
4142.98 405.369 0
4134.13 486.768 0
4127.05 568.347 0
4122.26 650.11 0
4120.43 732.018 0
4122.34 813.966 0
4128.91 895.735 0
4140.97 976.955 0
4157.74 1057.38 0
4174.07 1137.99 0
4187.85 1219.06 0
4197.18 1300.66 0
4199.68 1382.62 0
4193.7 1464.28 0
4178.24 1544.63 0
4153.03 1622.51 0
4118.55 1696.91 0
4075.94 1767.25 0
4026.83 1833.55 0
3973.16 1896.55 0
3917.05 1957.62 0
3860.75 2018.57 0
3806.66 2081.37 11.3471
3755.98 2146.71 11.3471
3705.17 2212.21 11.3471
3654.13 2277.61 0
p
17
30
4400 0 0
4406.58 75.0881 0
4413.16 150.176 0
4419.53 225.282 0
4425.6 300.411 0
4431.61 375.546 0
4437.43 450.695 0
4443.08 525.857 0
4448.58 601.031 0
4453.92 676.216 0
4459.11 751.412 0
4464.14 826.617 0
4469.03 901.832 0
4473.77 977.056 0
4478.39 1052.29 0
4482.89 1127.53 0
4487.28 1202.79 0
4491.52 1278.05 0
4495.26 1353.35 0
4498.4 1428.67 0
4500.95 1504.03 0
4502.92 1579.4 0
4505.16 1654.77 0
4507.92 1730.12 0
4511.65 1805.42 0
4516.8 1880.64 0
4523.78 1955.71 0
4533.03 2030.52 0
4544.95 2104.97 0
4559.89 2178.87 -7.66323
4577.56 2252.18 -7.66323
p
18
30
4600 0 0
4590.71 73.8869 0
4581.42 147.774 0
4572.64 221.727 0
4564.51 295.757 0
4556.97 369.853 0
4550.07 444.017 0
4543.88 518.248 0
4538.41 592.541 0
4533.68 666.89 0
4529.71 741.288 0
4526.51 815.728 0
4524.08 890.201 0
4522.45 964.699 0
4521.61 1039.21 0
4521.59 1113.74 0
4522.38 1188.26 0
4524.07 1262.77 0
4526.94 1337.25 0
4531.15 1411.68 0
4536.77 1486.03 0
4543.91 1560.26 0
4551.66 1634.44 0
4559.82 1708.58 0
4568.01 1782.71 0
4575.8 1856.89 0
4582.81 1931.14 0
4588.62 2005.47 0
4592.81 2079.9 0
4594.96 2154.39 7.66323
4595.12 2228.92 7.66323
p
19
30
4800 0 0
4798.93 78.1153 0
4797.86 156.231 0
4796.8 234.346 0
4795.73 312.461 0
4794.66 390.577 0
4793.59 468.692 0
4792.52 546.807 0
4791.46 624.923 0
4790.39 703.038 0
4789.32 781.153 0
4788.25 859.269 0
4787.18 937.384 0
4786.12 1015.5 0
4785.05 1093.61 0
4783.98 1171.73 0
4782.91 1249.85 0
4781.84 1327.96 0
4780.78 1406.08 0
4779.71 1484.19 0
4778.64 1562.31 0
4777.57 1640.42 0
4776.5 1718.54 0
4775.44 1796.65 0
4774.37 1874.77 0
4773.3 1952.88 0
4772.23 2031 0
4771.16 2109.11 0
4770.09 2187.23 0
4769.03 2265.34 0
4767.96 2343.46 0
p
20
30
5000 0 0
4997 92.5161 0
4994.01 185.032 0
4991.01 277.548 0
4988.02 370.064 0
4985.02 462.58 0
4982.03 555.097 0
4979.03 647.613 0
4976.04 740.129 0
4973.04 832.645 0
4970.05 925.161 0
4967.05 1017.68 0
4964.06 1110.19 0
4961.06 1202.71 0
4958.06 1295.23 0
4955.07 1387.74 0
4952.07 1480.26 0
4949.08 1572.77 0
4946.08 1665.29 0
4943.09 1757.81 0
4940.09 1850.32 0
4937.1 1942.84 0
4934.1 2035.35 0
4931.11 2127.87 0
4928.11 2220.39 0
4925.12 2312.9 0
4922.12 2405.42 0
4919.12 2497.93 0
4916.13 2590.45 0
4913.13 2682.97 0
4910.14 2775.48 0
p
21
30
5200 0 0
5197.83 74.3758 0
5195.67 148.752 0
5193.42 223.112 0
5191.15 297.478 0
5188.84 371.843 0
5186.51 446.207 0
5184.14 520.571 0
5181.76 594.934 0
5179.35 669.296 0
5176.93 743.658 0
5174.5 818.019 0
5172.06 892.381 0
5169.62 966.742 0
5167.18 1041.1 0
5164.74 1115.46 0
5162.31 1189.83 0
5159.9 1264.19 0
5157.49 1338.55 0
5155.11 1412.91 0
5152.75 1487.28 0
5150.42 1561.64 0
5148.12 1636.01 0
5145.86 1710.37 0
5143.64 1784.74 0
5141.46 1859.11 0
5139.31 1933.48 -16.4741
5137.1 2007.84 -16.4741
5134.6 2082.19 -16.4741
5131.83 2156.55 -16.4741
5129.01 2230.91 -16.4741
p
22
30
5400 0 0
5401.69 71.4907 0
5403.38 142.981 0
5403.14 214.546 0
5402.13 286.1 0
5399.95 357.648 0
5396.59 429.169 0
5392.06 500.638 0
5386.36 572.035 0
5379.52 643.34 0
5371.67 714.544 0
5362.85 785.641 0
5353.4 856.664 0
5343.39 927.621 0
5332.95 998.529 0
5322.16 1069.4 0
5311.1 1140.25 0
5299.8 1211.08 0
5288.3 1281.9 0
5276.6 1352.71 0
5264.7 1423.51 0
5252.59 1494.28 0
5240.23 1565.02 0
5227.6 1635.73 0
5214.66 1706.38 0
5201.38 1776.97 0
5187.7 1847.49 0
5173.6 1917.92 8.95179
5159.12 1988.29 8.95179
5144.53 2058.63 8.95179
5129.85 2128.95 8.95179
p
23
30
5600 0 0
5593.29 76.1826 0
5586.57 152.365 0
5580.45 228.59 0
5574.18 304.806 0
5567.75 381.01 0
5560.94 457.182 0
5553.54 533.301 0
5545.31 609.338 0
5536.03 685.258 0
5525.85 761.069 0
5514.66 836.747 0
5502.42 912.272 0
5489.11 987.628 0
5474.7 1062.8 0
5459.21 1137.77 0
5442.62 1212.52 0
5424.96 1287.04 0
5406.25 1361.33 0
5386.51 1435.38 0
5365.79 1509.18 0
5344.14 1582.74 0
5321.61 1656.05 0
5298.28 1729.14 0
5274.21 1802.01 0
5249.48 1874.68 0
5224.19 1947.17 0
5198.42 2019.51 0
5172.29 2091.74 15.5211
5145.98 2163.91 15.5211
5119.61 2236.07 15.5211
p
24
30
5800 0 0
5791.13 72.6936 0
5782.25 145.387 0
5773.38 218.081 0
5764.51 290.774 0
5755.64 363.468 0
5746.76 436.161 0
5737.89 508.855 0
5729.02 581.549 0
5720.15 654.242 0
5711.27 726.936 0
5702.4 799.629 0
5693.53 872.323 0
5684.66 945.016 0
5675.78 1017.71 0
5666.91 1090.4 0
5658.04 1163.1 0
5649.17 1235.79 0
5640.29 1308.48 0
5631.42 1381.18 0
5622.55 1453.87 0
5613.68 1526.56 0
5604.8 1599.26 0
5595.93 1671.95 0
5587.06 1744.65 0
5578.18 1817.34 0
5569.31 1890.03 0
5560.44 1962.73 0
5551.57 2035.42 0
5542.69 2108.11 0
5533.82 2180.81 0
p
25
30
6000 0 0
6005.39 68.2205 0
6010.78 136.441 0
6015.56 204.704 0
6019.48 273.022 0
6022.15 341.406 0
6023.12 409.848 0
6021.93 478.308 0
6018.12 546.704 0
6011.26 614.906 0
6001.02 682.74 0
5987.29 750.015 0
5970.25 816.587 0
5952.31 882.955 0
5934.69 949.399 0
5919.21 1016.32 0
5907.79 1083.96 0
5902.28 1152.24 0
5904.32 1220.64 0
5915.14 1288.2 0
5935.32 1353.63 0
5964.4 1415.81 0
6001.54 1473.79 0
6045.33 1527.29 0
6094.02 1576.75 0
6145.73 1623.38 0
6198.5 1669.07 0
6250.23 1716.08 4.33205
6299.38 1765.77 4.33205
6347.84 1816.49 4.33205
6396.18 1867.35 4.33205
p
26
30
6200 0 0
6189.93 58.5711 0
6179.86 117.142 0
6170.14 175.78 0
6160.86 234.495 0
6152.2 293.31 0
6144.31 352.244 0
6137.34 411.308 0
6131.47 470.506 0
6126.87 529.839 0
6123.73 589.295 0
6122.28 648.855 0
6122.79 708.486 0
6124.51 768.113 0
6127.47 827.729 0
6131.48 887.319 0
6136.45 946.875 0
6142.34 1006.4 0
6149.19 1065.89 0
6157.23 1125.32 0
6166.84 1184.64 0
6176.85 1244.02 0
6187.59 1303.43 0
6199.11 1362.83 0
6211.61 1422.17 0
6225.39 1481.34 0
6240.91 1540.17 0
6258.68 1598.42 0
6279.33 1655.76 0
6303.57 1711.69 23.6076
6331.25 1766.01 23.6076
p
27
30
6400 0 0
6401.12 61.5695 0
6402.23 123.139 0
6403.32 184.696 0
6404.29 246.246 0
6405.01 307.789 0
6405.32 369.326 0
6405.05 430.851 0
6404 492.356 0
6402.03 553.825 0
6399.05 615.239 0
6395.09 676.583 0
6390.32 737.85 0
6384.87 799.093 0
6378.93 860.298 0
6372.73 921.48 0
6366.5 982.659 0
6360.47 1043.85 0
6354.87 1105.09 0
6349.9 1166.36 0
6345.74 1227.69 0
6342.54 1289.07 0
6340.4 1350.49 0
6339.37 1411.93 0
6339.44 1473.37 0
6340.58 1534.8 0
6342.65 1596.21 0
6345.5 1657.59 0
6348.9 1718.94 -21.5145
6352.81 1780.27 -21.5145
6357.56 1841.67 -21.5145
p
28
30
6600 0 0
6603.29 80.0145 0
6606.57 160.029 0
6609.56 240.052 0
6612.13 320.088 0
6614.11 400.14 0
6615.3 480.208 0
6615.48 560.286 0
6614.44 640.359 0
6612.01 720.406 0
6608.02 800.396 0
6602.38 880.294 0
6595.14 960.065 0
6586.45 1039.7 0
6576.69 1119.2 0
6567.38 1198.75 0
6559.33 1278.43 0
6553.6 1358.28 0
6551.17 1438.28 0
6552.92 1518.28 0
6559.54 1598.02 0
6571.48 1677.16 0
6588.95 1755.31 0
6611.86 1832.12 0
6640.94 1906.92 0
6675.76 1979.35 0
6715.7 2049.23 0
6759.72 2116.75 0
6806.43 2182.55 0
6854.38 2247.55 0
6902.86 2312.32 0
p
29
30
6800 0 0
6784.21 74.1864 0
6768.43 148.373 0
6753.25 222.693 0
6738.82 297.17 0
6725.4 371.846 0
6713.24 446.752 0
6702.56 521.902 0
6693.56 597.295 0
6686.42 672.915 0
6681.3 748.731 0
6678.31 824.702 0
6677.54 900.772 0
6679.07 976.884 0
6682.94 1052.97 0
6688.01 1129.01 0
6694.13 1204.98 0
6700.95 1280.91 0
6708.25 1356.8 0
6715.97 1432.66 0
6724.18 1508.48 0
6733.16 1584.26 0
6743.48 1659.95 0
6756 1735.39 0
6769.37 1810.76 0
6784.31 1885.92 0
6801.15 1960.74 0
6820.36 2035 0
6842.53 2108.44 -10.6316
6867.97 2180.83 -10.6316
6895.58 2252.39 -10.6316
p
30
30
7000 0 0
6990.93 74.2739 0
6981.85 148.548 0
6972.64 222.8 0
6963.24 297.029 0
6953.61 371.225 0
6943.73 445.383 0
6933.58 519.502 0
6923.21 593.586 0
6912.73 667.647 0
6902.32 741.709 0
6892.23 815.807 0
6882.82 889.984 0
6874.5 964.279 0
6867.71 1038.72 0
6862.29 1113.29 0
6858.41 1187.96 0
6856.07 1262.71 0
6855.22 1337.5 0
6855.75 1412.31 0
6857.51 1487.12 0
6860.32 1561.9 0
6863.96 1636.66 0
6868.18 1711.4 0
6872.72 1786.12 0
6877.31 1860.84 0
6881.7 1935.57 0
6885.62 2010.32 0
6888.85 2085.1 0
6891.55 2159.85 15.9474
6894.86 2234.61 15.9474
p
31
30
7200 0 0
7191.29 81.3076 0
7182.57 162.615 0
7173.86 243.923 0
7165.14 325.23 0
7156.43 406.538 0
7147.71 487.846 0
7139 569.153 0
7130.29 650.461 0
7121.57 731.768 0
7112.86 813.076 0
7104.14 894.384 0
7095.43 975.691 0
7086.72 1057 0
7078 1138.31 0
7069.29 1219.61 0
7060.57 1300.92 0
7051.86 1382.23 0
7043.14 1463.54 0
7034.43 1544.84 0
7025.72 1626.15 0
7017 1707.46 0
7008.29 1788.77 0
6999.57 1870.07 0
6990.86 1951.38 0
6982.15 2032.69 0
6973.43 2114 0
6964.72 2195.31 0
6956 2276.61 0
6947.29 2357.92 0
6938.57 2439.23 0
p
32
30
7400 0 0
7397.4 79.264 0
7394.81 158.528 0
7392.21 237.792 0
7389.61 317.056 0
7387.02 396.32 0
7384.42 475.584 0
7381.82 554.848 0
7379.22 634.112 0
7376.63 713.376 0
7374.03 792.64 0
7371.43 871.904 0
7368.84 951.168 0
7366.24 1030.43 0
7363.64 1109.7 0
7361.05 1188.96 0
7358.45 1268.22 0
7355.85 1347.49 0
7353.26 1426.75 0
7350.66 1506.02 0
7348.06 1585.28 0
7345.47 1664.54 0
7342.87 1743.81 0
7340.27 1823.07 0
7337.67 1902.34 0
7335.08 1981.6 0
7332.48 2060.86 0
7329.88 2140.13 0
7327.29 2219.39 0
7324.69 2298.66 0
7322.09 2377.92 0
p
33
30
7600 0 0
7609.54 73.2458 0
7619.09 146.492 0
7628.08 219.77 0
7636.71 293.064 0
7645.56 366.354 0
7654.37 439.654 0
7663.31 512.938 0
7672.47 586.198 0
7681.91 659.422 0
7691.7 732.601 0
7701.9 805.726 0
7712.56 878.786 0
7723.72 951.775 0
7735.4 1024.69 0
7747.64 1097.51 0
7760.44 1170.24 0
7773.81 1242.88 0
7787.76 1315.42 0
7802.26 1387.87 0
7817.3 1460.21 0
7832.85 1532.47 0
7848.88 1604.63 0
7865.34 1676.7 0
7882.2 1748.7 0
7899.39 1820.63 0
7916.85 1892.51 0
7934.53 1964.34 0
7952.4 2036.13 0
7970.59 2107.89 0
7988.85 2179.64 0
p
34
30
7800 0 0
7802.81 67.7513 0
7805.62 135.503 0
7809.2 203.32 0
7813.76 271.15 0
7818.92 338.888 0
7824.46 406.599 0
7830.36 474.286 0
7836.49 541.955 0
7842.77 609.613 0
7849.15 677.265 0
7855.56 744.913 0
7861.98 812.562 0
7868.39 880.213 0
7874.77 947.867 0
7881.12 1015.52 0
7887.45 1083.19 0
7893.76 1150.85 0
7900.07 1218.52 0
7906.39 1286.19 0
7912.75 1353.86 0
7919.17 1421.52 0
7925.7 1489.18 0
7932.36 1556.83 0
7939.22 1624.46 0
7946.33 1692.07 0
7953.75 1759.65 0
7961.58 1827.2 0
7969.9 1894.69 0
7978.86 1962.1 -7.73243
7988.57 2029.38 -7.73243
p
35
30
8000 0 0
7998.41 67.0486 0
7996.82 134.097 0
7995.15 201.09 0
7993.76 268.057 0
7992.46 335.056 0
7991.32 402.058 0
7990.35 469.064 0
7989.57 536.073 0
7988.98 603.086 0
7988.59 670.102 0
7988.39 737.12 0
7988.4 804.141 0
7988.6 871.163 0
7989 938.188 0
7989.58 1005.21 0
7990.33 1072.24 0
7991.25 1139.27 0
7992.32 1206.3 0
7993.54 1273.33 0
7994.88 1340.36 0
7996.33 1407.39 0
7997.87 1474.42 0
7999.5 1541.44 0
8001.18 1608.47 0
8002.91 1675.5 0
8004.66 1742.53 0
8006.42 1809.56 0
8008.16 1876.59 0
8009.94 1943.63 7.73243
8011.93 2010.69 7.73243
p
36
30
8200 0 0
8209.27 65.9732 0
8218.54 131.946 0
8227.34 197.987 0
8235.59 264.104 0
8243.08 330.317 0
8249.62 396.638 0
8255.48 463.03 0
8260.6 529.495 0
8264.99 596.023 0
8268.7 662.605 0
8271.77 729.235 0
8274.22 795.906 0
8276.08 862.61 0
8277.4 929.344 0
8278.2 996.102 0
8278.5 1062.88 0
8278.34 1129.68 0
8277.73 1196.48 0
8276.72 1263.3 0
8275.31 1330.13 0
8273.54 1396.96 0
8271.43 1463.8 0
8269 1530.64 0
8266.28 1597.48 0
8263.28 1664.33 0
8260.02 1731.17 0
8256.53 1798.01 0
8252.82 1864.86 0
8248.92 1931.7 0
8244.87 1998.53 0
p
37
30
8400 0 0
8403.19 73.3043 0
8406.38 146.609 0
8409.43 219.911 0
8412.18 293.223 0
8414.37 366.551 0
8415.76 439.898 0
8416.54 513.262 0
8416.57 586.637 0
8415.83 660.018 0
8414.32 733.399 0
8412.02 806.773 0
8408.92 880.133 0
8405.04 953.474 0
8400.38 1026.79 0
8394.95 1100.07 0
8388.78 1173.32 0
8381.89 1246.53 0
8374.32 1319.7 0
8366.09 1392.82 0
8357.24 1465.89 0
8347.84 1538.92 0
8337.92 1611.9 0
8327.53 1684.84 0
8316.75 1757.73 0
8305.62 1830.6 0
8294.22 1903.43 0
8282.63 1976.25 0
8270.98 2049.07 0
8259.33 2121.89 0
8247.67 2194.72 0
p
38
30
8600 0 0
8600.52 75.2667 0
8601.03 150.533 0
8601.55 225.8 0
8602.06 301.067 0
8602.58 376.334 0
8603.09 451.6 0
8603.61 526.867 0
8604.12 602.134 0
8604.64 677.4 0
8605.15 752.667 0
8605.67 827.934 0
8606.18 903.2 0
8606.7 978.467 0
8607.21 1053.73 0
8607.73 1129 0
8608.24 1204.27 0
8608.76 1279.53 0
8609.27 1354.8 0
8609.79 1430.07 0
8610.3 1505.33 0
8610.82 1580.6 0
8611.33 1655.87 0
8611.85 1731.13 0
8612.36 1806.4 0
8612.88 1881.67 0
8613.39 1956.93 0
8613.91 2032.2 0
8614.42 2107.47 0
8614.94 2182.73 0
8615.45 2258 0
p
39
30
8800 0 0
8798.33 87.2224 0
8796.66 174.445 0
8794.99 261.667 0
8793.32 348.89 0
8791.66 436.112 0
8789.99 523.334 0
8788.32 610.557 0
8786.65 697.779 0
8784.98 785.002 0
8783.31 872.224 0
8781.64 959.446 0
8779.97 1046.67 0
8778.3 1133.89 0
8776.64 1221.11 0
8774.97 1308.34 0
8773.3 1395.56 0
8771.63 1482.78 0
8769.96 1570 0
8768.29 1657.23 0
8766.62 1744.45 0
8764.95 1831.67 0
8763.28 1918.89 0
8761.61 2006.12 0
8759.95 2093.34 0
8758.28 2180.56 0
8756.61 2267.78 0
8754.94 2355 0
8753.27 2442.23 0
8751.6 2529.45 0
8749.93 2616.67 0
p
40
30
9000 0 0
8996.53 82.9805 0
8993.06 165.961 0
8989.59 248.942 0
8986.12 331.922 0
8982.66 414.903 0
8979.19 497.883 0
8975.72 580.864 0
8972.25 663.844 0
8968.78 746.825 0
8965.31 829.805 0
8961.84 912.786 0
8958.37 995.766 0
8954.9 1078.75 0
8951.43 1161.73 0
8947.97 1244.71 0
8944.5 1327.69 0
8941.03 1410.67 0
8937.56 1493.65 0
8934.09 1576.63 0
8930.62 1659.61 0
8927.15 1742.59 0
8923.68 1825.57 0
8920.21 1908.55 0
8916.74 1991.53 0
8913.28 2074.51 0
8909.81 2157.49 0
8906.34 2240.47 0
8902.87 2323.45 0
8899.4 2406.43 0
8895.93 2489.42 0
p
41
30
9200 0 0
9192.03 72.8097 0
9184.07 145.619 0
9176.1 218.429 0
9168.13 291.239 0
9160.17 364.049 0
9152.2 436.858 0
9144.23 509.668 0
9136.27 582.478 0
9128.3 655.288 0
9120.33 728.097 0
9112.37 800.907 0
9104.4 873.717 0
9096.43 946.527 0
9088.47 1019.34 0
9080.5 1092.15 0
9072.53 1164.96 0
9064.56 1237.77 0
9056.6 1310.58 0
9048.63 1383.39 0
9040.66 1456.19 0
9032.7 1529 0
9024.73 1601.81 0
9016.76 1674.62 0
9008.8 1747.43 0
9000.83 1820.24 0
8992.86 1893.05 0
8984.9 1965.86 0
8976.93 2038.67 0
8968.96 2111.48 0
8961 2184.29 0
p
42
30
9400 0 0
9399.24 63.5271 0
9398.48 127.054 0
9397.72 190.581 0
9396.97 254.108 0
9396.21 317.635 0
9395.45 381.162 0
9394.69 444.69 0
9393.93 508.217 0
9393.17 571.744 0
9392.42 635.271 0
9391.66 698.798 0
9390.9 762.325 0
9390.14 825.852 0
9389.38 889.379 0
9388.62 952.906 0
9387.86 1016.43 0
9387.11 1079.96 0
9386.35 1143.49 0
9385.59 1207.01 0
9384.83 1270.54 0
9384.07 1334.07 0
9383.31 1397.6 0
9382.55 1461.12 0
9381.8 1524.65 0
9381.04 1588.18 0
9380.28 1651.7 0
9379.52 1715.23 0
9378.76 1778.76 0
9378 1842.29 0
9377.25 1905.81 0
p
43
30
9600 0 0
9601.22 52.9435 0
9602.45 105.887 0
9603.67 158.83 0
9604.9 211.774 0
9606.12 264.717 0
9607.35 317.661 0
9608.57 370.604 0
9609.8 423.548 0
9611.02 476.491 0
9612.25 529.435 0
9613.47 582.378 0
9614.7 635.322 0
9615.92 688.265 0
9617.15 741.209 0
9618.37 794.152 0
9619.6 847.096 0
9620.82 900.039 0
9622.05 952.983 0
9623.27 1005.93 0
9624.5 1058.87 0
9625.72 1111.81 0
9626.94 1164.76 0
9628.17 1217.7 0
9629.39 1270.64 0
9630.62 1323.59 0
9631.84 1376.53 0
9633.07 1429.47 0
9634.29 1482.42 0
9635.52 1535.36 0
9636.74 1588.3 0
p
44
30
9800 0 0
9796.33 77.7059 0
9792.66 155.412 0
9788.98 233.118 0
9785.31 310.824 0
9781.64 388.529 0
9777.97 466.235 0
9774.3 543.941 0
9770.62 621.647 0
9766.95 699.353 0
9763.28 777.059 0
9759.61 854.765 0
9755.94 932.471 0
9752.26 1010.18 0
9748.59 1087.88 0
9744.92 1165.59 0
9741.25 1243.29 0
9737.58 1321 0
9733.9 1398.71 0
9730.23 1476.41 0
9726.56 1554.12 0
9722.89 1631.82 0
9719.22 1709.53 0
9715.54 1787.24 0
9711.87 1864.94 0
9708.2 1942.65 0
9704.53 2020.35 0
9700.86 2098.06 0
9697.18 2175.77 0
9693.51 2253.47 0
9689.84 2331.18 0
p
45
30
10000 0 0
10005.8 75.8756 0
10011.7 151.751 0
10016.8 227.691 0
10021.1 303.693 0
10024.3 379.762 0
10026.6 455.872 0
10027.8 532.02 0
10027.9 608.193 0
10026.7 684.38 0
10024.2 760.567 0
10020.2 836.739 0
10014.6 912.869 0
10008 988.899 0
10000.4 1064.84 0
9992.3 1140.74 0
9983.92 1216.62 0
9975.36 1292.48 0
9966.7 1368.34 0
9957.99 1444.19 0
9949.23 1520.04 0
9940.4 1595.89 0
9931.48 1671.73 0
9922.42 1747.55 0
9913.21 1823.35 0
9903.82 1899.14 0
9894.27 1974.9 0
9884.6 2050.64 0
9874.9 2126.38 0
9865.49 2202.17 6.54495
9857.02 2277.99 6.54495
p
46
30
10200 0 0
10196 79.6237 0
10192 159.247 0
10188.1 238.864 0
10184.5 318.481 0
10181 398.098 0
10177.9 477.734 0
10175.4 557.383 0
10173.5 637.045 0
10172.6 716.709 0
10172.9 796.352 0
10174.1 875.946 0
10175.4 955.488 0
10175.2 1035.07 0
10172.8 1114.62 0
10167.5 1194.02 0
10159 1273.15 0
10147.2 1351.86 0
10132.2 1430.07 0
10114.3 1507.69 0
10093.8 1584.69 0
10071 1661.11 0
10046.3 1736.98 0
10020.3 1812.48 0
9994.02 1887.84 0
9968.15 1963.36 0
9943.56 2039.27 0
9920.94 2115.75 0
9900.67 2192.83 -8.7266
9882.14 2270.38 -8.7266
9864.47 2348.15 -8.7266
p
47
30
10400 0 0
10386.2 78.0521 0
10372.5 156.104 0
10359.2 234.255 0
10346.6 312.514 0
10334.8 390.91 0
10323.3 469.362 0
10312.3 547.877 0
10301.5 626.436 0
10290.8 705.019 0
10280.1 783.608 0
10269.1 862.176 0
10257.7 940.689 0
10245.6 1019.11 0
10232.9 1097.41 0
10219.6 1175.59 0
10205.2 1253.6 0
10189.7 1331.39 0
10172.9 1408.91 0
10154.7 1486.15 0
10135.8 1563.2 0
10116.1 1640.09 0
10095.6 1716.75 0
10074.2 1793.18 0
10052 1869.39 0
10028.9 1945.35 0
10004.9 2021.05 0
9979.98 2096.44 0
9953.94 2171.47 0
9926.62 2246.07 6.54495
9898.1 2320.19 6.54495
p
48
30
10600 0 0
10589.8 67.9727 0
10579.6 135.945 0
10569.4 203.918 0
10559.1 271.891 0
10548.9 339.863 0
10538.7 407.836 0
10528.5 475.809 0
10518.3 543.781 0
10508.1 611.754 0
10497.8 679.727 0
10487.6 747.7 0
10477.4 815.672 0
10467.2 883.645 0
10457 951.618 0
10446.8 1019.59 0
10436.5 1087.56 0
10426.3 1155.54 0
10416.1 1223.51 0
10405.9 1291.48 0
10395.7 1359.45 0
10385.5 1427.43 0
10375.2 1495.4 0
10365 1563.37 0
10354.8 1631.34 0
10344.6 1699.32 0
10334.4 1767.29 0
10324.2 1835.26 0
10313.9 1903.24 0
10303.7 1971.21 0
10293.5 2039.18 0
p
49
30
10800 0 0
10795.7 70.7914 0
10791.4 141.583 0
10786.6 212.345 0
10781.6 283.1 0
10776.5 353.842 0
10771.2 424.571 0
10765.6 495.29 0
10759.9 565.998 0
10754.1 636.698 0
10748.1 707.389 0
10742.1 778.073 0
10735.9 848.752 0
10729.6 919.425 0
10723.3 990.095 0
10716.9 1060.76 0
10710.5 1131.43 0
10704.1 1202.09 0
10697.7 1272.76 0
10691.3 1343.42 0
10685 1414.09 0
10678.7 1484.76 0
10672.5 1555.44 0
10666.4 1626.12 0
10660.4 1696.81 0
10654.5 1767.51 0
10648.7 1838.21 0
10643.1 1908.93 0
10637.7 1979.65 0
10632.5 2050.39 -3.74889
10627.5 2121.14 -3.74889
p
50
30
11000 0 0
10988.2 83.1036 0
10976.3 166.207 0
10964.5 249.304 0
10952.6 332.399 0
10940.6 415.486 0
10928.6 498.564 0
10916.5 581.63 0
10904.3 664.681 0
10892 747.716 0
10879.6 830.732 0
10867 913.727 0
10854.2 996.699 0
10841.3 1079.64 0
10828.1 1162.56 0
10814.8 1245.45 0
10801.2 1328.3 0
10787.4 1411.12 0
10773.3 1493.9 0
10758.9 1576.64 0
10744.2 1659.34 0
10729.2 1741.99 0
10713.9 1824.59 0
10698.2 1907.15 0
10682.2 1989.65 0
10665.8 2072.1 3.74889
10649 2154.51 3.74889
10632.2 2236.9 0
10615.4 2319.3 0
10598.6 2401.69 0
10581.8 2484.09 0
p
51
30
11200 0 0
11195.2 77.8419 0
11190.5 155.684 0
11185.8 233.523 0
11181.1 311.357 0
11176.5 389.186 0
11172.1 467.002 0
11167.7 544.84 0
11163.6 622.688 0
11159.6 700.548 0
11155.9 778.419 0
11152.5 856.304 0
11149.3 934.202 0
11146.5 1012.11 0
11143.9 1090.04 0
11141.7 1167.98 0
11139.8 1245.93 0
11138.3 1323.89 0
11137.1 1401.86 0
11136.4 1479.91 0
11136.4 1557.99 0
11136.7 1636.01 0
11137 1714.04 0
11137.4 1792.07 0
11137.8 1870.1 0
11138.1 1948.13 0
11138.5 2026.15 0
11138.8 2104.18 0
11139.2 2182.21 0
11139.6 2260.24 0
11139.9 2338.27 0
p
52
30
11400 0 0
11405.3 77.8688 0
11410.6 155.738 0
11415.7 233.61 0
11420.7 311.5 0
11425.1 389.419 0
11428.6 467.393 0
11431.1 545.41 0
11431.9 623.471 0
11429.9 701.54 0
11423.5 779.442 0
11410.2 856.662 0
11387.6 932.107 0
11354.1 1004.02 0
11316.9 1074.67 0
11277.6 1144.63 0
11239.6 1215.43 0
11206.3 1288.41 0
11181.1 1364.16 0
11166.7 1442.19 0
11163.7 1521.05 0
11173.1 1599.1 0
11195 1674.5 0
11228 1745.79 0
11270.1 1812.38 0
11318.6 1874.71 0
11370.8 1934.21 0
11424 1993.07 0
11475.8 2053.19 -17.6843
11526.4 2114.58 -17.6843
11576.3 2176.7 -17.6843
p
53
30
11600 0 0
11591.2 68.3147 0
11582.5 136.629 0
11573.9 204.964 0
11565.5 273.322 0
11557.3 341.715 0
11549.4 410.135 0
11541.2 478.515 0
11532.5 546.823 0
11522.6 615.002 0
11511.9 683.08 0
11500.6 751.143 0
11490.1 819.387 0
11480.3 887.819 0
11470.9 956.33 0
11462 1024.96 0
11453.6 1093.74 0
11445.8 1162.71 0
11438.9 1231.93 0
11433.3 1301.51 0
11428.1 1371.35 0
11423.7 1441.53 0
11420.5 1512.03 0
11418.8 1582.8 0
11419.4 1653.76 0
11422.9 1724.7 0
11430.2 1795.33 0
11442.3 1865.19 0
11460.1 1933.6 0
11484.8 1999.62 8.84215
11516 2062.73 8.84215
p
54
30
11800 0 0
11801.6 63.2525 0
11803.1 126.505 0
11804.3 189.781 0
11805.1 253.075 0
11805.2 316.39 0
11804.7 379.722 0
11803.1 443.072 0
11799.8 506.422 0
11795 569.735 0
11789 633 0
11781.7 696.218 0
11773 759.419 0
11763.6 822.762 0
11754.7 886.067 0
11746.2 949.466 0
11738.2 1012.97 0
11730.7 1076.58 0
11723.9 1140.28 0
11717.4 1204.04 0
11711.2 1267.85 0
11705 1331.69 0
11698.7 1395.52 0
11692 1459.32 0
11684.5 1523.05 0
11675.9 1586.64 0
11665.8 1650.03 0
11653.7 1713.08 0
11639.1 1775.62 0
11621.4 1837.43 -4.12655
11600.9 1898.28 -4.12655
p
55
30
12000 0 0
11991.1 75.3473 0
11982.3 150.695 0
11973.7 226.056 0
11967 301.615 0
11962.8 377.388 0
11962.7 453.34 0
11967.2 529.258 0
11977 604.801 0
11992.1 679.624 0
12010.8 753.71 0
12031.1 827.393 0
12049.7 901.402 0
12063 976.282 0
12070.3 1051.92 -14.1125
12069.7 1127.79 -14.1125
12060.4 1203.01 -14.1125
12042 1276.59 -14.1125
12015 1347.62 -14.1125
11980.5 1415.51 -14.1125
11939.8 1480.15 -14.1125
11894.6 1541.98 -14.1125
11846.6 1601.89 0
11797.5 1661.04 0
11749 1720.71 0
11702.9 1782.09 0
11660.8 1846.11 2.75103
11624.2 1913.24 2.75103
11594.5 1983.66 2.75103
11574.2 2057.65 8.84215
11560.4 2133.41 8.84215
p
56
30
12200 0 0
12202.6 65.1925 0
12205.3 130.385 0
12206.5 195.681 0
12206.7 260.98 0
12205.4 326.288 0
12202.6 391.576 0
12198.2 456.814 0
12191.9 521.967 0
12184.7 587.079 0
12176.4 652.142 0
12167 717.158 0
12156.7 782.112 0
12145.3 846.97 0
12132.7 911.675 0
12118.8 976.152 0
12103.4 1040.33 12.5445
12086.8 1104.26 12.5445
12068.8 1167.87 12.5445
12049.5 1231.1 12.5445
12028.8 1293.94 12.5445
12006.9 1356.4 12.5445
11983.7 1418.49 12.5445
11959.5 1480.25 12.5445
11934.3 1541.7 12.5445
11908.2 1602.84 0
11880.9 1663.51 0
11852.2 1723.68 0
11822.2 1783.28 0
11790.7 1842.28 0
11758.1 1900.7 0
p
57
30
12400 0 0
12394.7 78.8772 0
12389.3 157.754 0
12387.1 236.83 0
12384.9 315.922 0
12382.7 395.057 0
12379.6 474.203 0
12374.7 553.292 0
12367 632.194 0
12357 710.865 0
12344 789.159 0
12328.1 866.946 0
12309 944.097 0
12286.8 1020.49 0
12261.4 1096 0
12233 1170.55 0
12201.7 1244.07 0
12167.6 1316.5 0
12130.9 1387.83 0
12091.9 1458.1 0
12050.8 1527.34 0
12007.8 1595.65 0
11963.4 1663.15 0
11917.7 1729.99 0
11871.2 1796.33 0
11824.2 1862.37 0
11776.9 1928.27 0
11729.3 1994.06 0
11681.8 2059.82 0
11634.2 2125.59 8.84215
11586.7 2191.35 8.84215
p
58
30
12600 0 0
12598.6 68.3037 0
12597.2 136.607 0
12595.8 204.903 0
12594.3 273.193 0
12592.8 341.478 0
12591.2 409.766 0
12589.5 478.052 0
12587.8 546.336 0
12585.9 614.618 0
12584 682.897 0
12582 751.174 0
12579.8 819.448 0
12577.6 887.72 0
12575.2 955.988 0
12572.8 1024.25 0
12570.2 1092.51 0
12567.5 1160.77 0
12564.7 1229.02 0
12561.8 1297.27 0
12558.7 1365.52 0
12555.6 1433.76 0
12552.3 1501.99 0
12548.9 1570.22 0
12545.3 1638.45 0
12541.7 1706.67 0
12538 1774.89 0
12534.1 1843.1 0
12530.2 1911.31 0
12526.1 1979.51 0
12522 2047.71 0
p
59
30
12800 0 0
12800.6 67.6796 0
12801.1 135.359 0
12800.4 203.079 0
12798.4 270.795 0
12794.8 338.473 0
12790.5 406.108 0
12785.5 473.707 0
12780.1 541.273 0
12774.5 608.799 0
12768.4 676.255 0
12761.5 743.584 0
12754.3 810.901 0
12746.7 878.165 0
12738.6 945.385 0
12730.3 1012.57 0
12721.6 1079.74 0
12712.6 1146.89 0
12703.4 1214.03 0
12693.9 1281.17 0
12684.1 1348.3 0
12673.9 1415.42 0
12663.4 1482.5 0
12652.4 1549.53 0
12641 1616.49 0
12628.9 1683.35 0
12616.2 1750.07 0
12602.8 1816.63 0
12588.4 1882.98 0
12572.9 1949.02 9.25385
12556.3 2014.79 9.25385
p
60
30
13000 0 0
13000.7 71.5797 0
13001.5 143.159 0
13002.1 214.742 0
13002.3 286.331 0
13001.8 357.925 0
13000.3 429.518 0
12997.5 501.089 0
12993 572.606 0
12986.4 644.009 0
12977.2 715.2 0
12964.8 786.014 0
12950.7 856.493 0
12934.6 926.603 0
12916.7 996.322 0
12898.2 1065.87 0
12879 1135.27 0
12859.4 1204.58 0
12839.6 1273.84 0
12819.6 1343.07 0
12799.4 1412.26 0
12778.9 1481.39 0
12757.8 1550.41 0
12736.1 1619.26 0
12713.4 1687.85 0
12689.4 1756.04 0
12663.7 1823.67 0
12635.8 1890.49 0
12605.4 1956.34 -15.4231
12572.7 2021.19 -15.4231
12537.1 2084.5 -15.4231
p
61
30
13200 0 0
13190.2 80.7653 0
13180.4 161.531 0
13171.5 242.387 0
13163.5 323.354 0
13157 404.456 0
13151.6 485.65 0
13147.6 566.933 0
13145.1 648.283 0
13144.2 729.67 0
13144.8 811.052 0
13146.5 892.398 0
13146.5 973.764 0
13143.7 1055.06 0
13136.4 1136.06 0
13124.4 1216.49 0
13106.7 1295.91 0
13083.1 1373.81 0
13053.4 1449.74 0
13017.9 1523.27 0
12977 1594.16 0
12931.3 1662.33 0
12881.7 1727.97 0
12829.2 1791.48 0
12774.8 1853.52 0
12719.4 1914.9 0
12664.4 1976.55 0
12610.9 2039.44 9.25385
12559.4 2103.85 9.25385
12507.6 2168.24 9.25385
12455.8 2232.54 0
p
62
30
13400 0 0
13401.3 68.6464 0
13402.6 137.293 0
13403.8 205.939 0
13405.1 274.586 0
13406.4 343.232 0
13407.7 411.878 0
13408.9 480.525 0
13410.2 549.171 0
13411.5 617.817 0
13412.8 686.464 0
13414 755.11 0
13415.3 823.757 0
13416.6 892.403 0
13417.9 961.049 0
13419.2 1029.7 0
13420.4 1098.34 0
13421.7 1166.99 0
13423 1235.63 0
13424.3 1304.28 0
13425.5 1372.93 0
13426.8 1441.57 0
13428.1 1510.22 0
13429.4 1578.87 0
13430.6 1647.51 0
13431.9 1716.16 0
13433.2 1784.81 0
13434.5 1853.45 0
13435.8 1922.1 0
13437 1990.75 0
13438.3 2059.39 0
p
63
30
13600 0 0
13598.6 73.6668 0
13597.1 147.334 0
13595.7 221 0
13594.3 294.667 0
13592.9 368.334 0
13591.4 442.001 0
13590 515.667 0
13588.6 589.334 0
13587.2 663.001 0
13585.7 736.668 0
13584.3 810.334 0
13582.9 884.001 0
13581.5 957.668 0
13580 1031.33 0
13578.6 1105 0
13577.2 1178.67 0
13575.8 1252.33 0
13574.3 1326 0
13572.9 1399.67 0
13571.5 1473.34 0
13570.1 1547 0
13568.6 1620.67 0
13567.2 1694.34 0
13565.8 1768 0
13564.4 1841.67 0
13562.9 1915.34 0
13561.5 1989 0
13560.1 2062.67 0
13558.7 2136.34 0
13557.2 2210 0
p
64
30
13800 0 0
13816.4 86.7652 0
13832.8 173.53 0
13848.7 260.382 0
13863.9 347.375 0
13877.8 434.583 0
13889.9 522.072 0
13899.8 609.851 0
13906.6 697.958 0
13909.3 786.352 0
13906.4 874.839 0
13896.1 962.943 0
13875.9 1049.63 0
13839.4 1131.79 0
13787.5 1206.14 0
13737.9 1282.43 0
13694.1 1361.8 0
13664.1 1446.44 0
13654.3 1534.69 0
13668 1621.81 0
13704.7 1702.15 0
13760.2 1771.8 0
13828.3 1830.58 0
13902.8 1882.31 0
13977.8 1933.6 0
14046.8 1991.59 0
14102.5 2061.28 -3.14095
14141.3 2141.14 -3.14095
14176.8 2222.74 0
14212.5 2304.49 0
14248.2 2386.23 0
p
65
30
14000 0 0
14003 70.2681 0
14006 140.536 0
14008.3 210.859 0
14009.5 281.225 0
14009.5 351.626 0
14008 422.042 0
14005.8 492.455 0
14002.9 562.881 0
13999.6 633.349 0
13996.4 703.898 0
13993.7 774.544 0
13991.3 845.282 0
13987.5 916.001 0
13989.2 987.596 0
13991 1059 0
13993.4 1130.49 0
13997.2 1201.94 0
14002.6 1273.3 -9.63272
14009.3 1344.47 -9.63272
14017.1 1415.46 -9.63272
14026.2 1486.24 -9.63272
14036.4 1556.85 -9.63272
14047.5 1627.34 -9.63272
14059.5 1697.73 0
14072.5 1768.03 0
14086.5 1838.22 0
14101.5 1908.23 0
14117.8 1977.94 0
14136.1 2047.1 3.14095
14156.6 2115.34 3.14095
p
66
30
14200 0 0
14199.6 74.6246 0
14199.3 149.249 0
14199.3 223.847 0
14199.5 298.425 0
14199.3 372.98 0
14198.3 447.503 0
14195.2 521.969 0
14189.1 596.242 0
14178.9 670.075 0
14164.2 743.145 0
14145 815.212 0
14122.4 886.272 0
14097.8 956.764 0
14075.7 1027.89 0
14056.6 1099.89 0
14042.8 1172.98 0
14035.2 1246.88 9.63272
14033.2 1321.06 9.63272
14036.8 1395.17 9.63272
14045.6 1468.89 9.63272
14059 1542.02 9.63272
14075.8 1614.54 9.63272
14095.1 1686.53 0
14116.2 1758.08 0
14137.4 1829.58 0
14156.8 1901.52 0
14172.5 1974.24 -10.9944
14183.8 2047.69 -10.9944
14192.6 2121.51 -10.9944
14199.7 2195.77 0
p
67
30
14400 0 0
14409.2 67.1575 0
14418.5 134.315 0
14425.9 201.759 0
14431.1 269.455 0
14433.6 337.382 0
14433.1 405.452 0
14429.8 473.534 0
14423.2 541.518 0
14413.7 609.278 0
14402 676.786 0
14388.8 744.094 0
14374.4 811.238 0
14360.7 878.523 0
14347.8 945.93 0
14335.7 1013.46 0
14324.5 1081.08 0
14314.2 1148.77 0
14304.7 1216.53 0
14295.8 1284.36 0
14287.4 1352.27 0
14279.2 1420.29 0
14270.5 1488.38 0
14262.6 1556.67 0
14254.9 1625.13 0
14247.6 1693.69 0
14240.5 1762.3 0
14233.4 1830.88 0
14226.1 1899.35 0
14218.3 1967.65 -2.38229
14209.7 2035.61 -2.38229
p
68
30
14600 0 0
14590.7 70.8609 0
14581.4 141.722 0
14572.5 212.624 0
14564.2 283.593 0
14556.9 354.665 0
14551 425.869 0
14547.3 497.227 0
14546.1 568.682 0
14547.1 640.166 0
14549.6 711.653 0
14552.7 783.147 0
14555.7 854.664 0
14558 926.185 0
14558.9 997.711 0
14557.6 1069.19 0
14553.6 1140.54 0
14546.4 1211.6 0
14535.7 1282.2 0
14521.3 1352.15 0
14503.4 1421.29 0
14482.1 1489.51 0
14457.7 1556.78 0
14430.4 1622.95 0
14400.5 1688.09 0
14368.8 1752.38 0
14336 1816.17 0
14303.1 1879.96 0
14271.4 1944.38 0
14241.7 2009.75 18.874
14212.3 2075.52 18.874
p
69
30
14800 0 0
14795 77.765 0
14790 155.53 0
14785.1 233.295 0
14780.1 311.06 0
14775.1 388.825 0
14770.1 466.59 0
14765.1 544.355 0
14760.1 622.12 0
14755.2 699.885 0
14750.2 777.65 0
14745.2 855.415 0
14740.2 933.18 0
14735.2 1010.94 0
14730.2 1088.71 0
14725.3 1166.47 0
14720.3 1244.24 0
14715.3 1322 0
14710.3 1399.77 0
14705.3 1477.53 0
14700.4 1555.3 0
14695.4 1633.06 0
14690.4 1710.83 0
14685.4 1788.59 0
14680.4 1866.36 0
14675.4 1944.12 0
14670.5 2021.89 0
14665.5 2099.65 0
14660.5 2177.42 0
14655.5 2255.18 0
14650.5 2332.95 0
p
70
30
15000 0 0
14999.9 74.6527 0
14999.7 149.305 0
14999.6 223.958 0
14999.5 298.611 0
14999.4 373.264 0
14999.2 447.916 0
14999.1 522.569 0
14999 597.222 0
14998.8 671.875 0
14998.7 746.527 0
14998.6 821.18 0
14998.5 895.833 0
14998.3 970.485 0
14998.2 1045.14 0
14998.1 1119.79 0
14997.9 1194.44 0
14997.8 1269.1 0
14997.7 1343.75 0
14997.6 1418.4 0
14997.4 1493.05 0
14997.3 1567.71 0
14997.2 1642.36 0
14997 1717.01 0
14996.9 1791.67 0
14996.8 1866.32 0
14996.7 1940.97 0
14996.5 2015.62 0
14996.4 2090.28 0
14996.3 2164.93 0
14996.1 2239.58 0
p
71
30
15200 0 0
15200.9 71.5746 0
15201.8 143.149 0
15202.7 214.724 0
15203.6 286.298 0
15204.5 357.873 0
15205.4 429.448 0
15206.3 501.022 0
15207.2 572.597 0
15208.1 644.172 0
15209 715.746 0
15209.9 787.321 0
15210.7 858.895 0
15211.6 930.47 0
15212.5 1002.04 0
15213.4 1073.62 0
15214.3 1145.19 0
15215.2 1216.77 0
15216.1 1288.34 0
15217 1359.92 0
15217.9 1431.49 0
15218.8 1503.07 0
15219.7 1574.64 0
15220.6 1646.22 0
15221.5 1717.79 0
15222.4 1789.37 0
15223.3 1860.94 0
15224.2 1932.51 0
15225.1 2004.09 0
15226 2075.66 0
15226.9 2147.24 0
p
72
30
15400 0 0
15395.2 79.4403 0
15390.4 158.881 0
15385.5 238.321 0
15380.7 317.761 0
15375.9 397.202 0
15371.1 476.642 0
15366.3 556.082 0
15361.4 635.523 0
15356.6 714.963 0
15351.8 794.403 0
15347 873.844 0
15342.2 953.284 0
15337.3 1032.72 0
15332.5 1112.16 0
15327.7 1191.61 0
15322.9 1271.05 0
15318.1 1350.49 0
15313.2 1429.93 0
15308.4 1509.37 0
15303.6 1588.81 0
15298.8 1668.25 0
15294 1747.69 0
15289.1 1827.13 0
15284.3 1906.57 0
15279.5 1986.01 0
15274.7 2065.45 0
15269.9 2144.89 0
15265 2224.33 0
15260.2 2303.77 0
15255.4 2383.21 0
p
73
30
15600 0 0
15600.2 68.3664 0
15600.4 136.733 0
15600.3 205.102 0
15599.5 273.471 0
15598 341.831 0
15595.2 410.164 0
15590.8 478.427 0
15584.3 546.539 0
15574.8 614.328 0
15563.8 681.937 0
15551.2 749.309 0
15537.3 816.471 0
15522.4 883.465 0
15506.9 950.342 0
15491.1 1017.16 0
15475.3 1083.98 0
15459.8 1150.86 0
15445 1217.86 0
15431.2 1285.03 0
15418.8 1352.5 0
15408 1420.2 0
15397.6 1487.89 0
15387.2 1555.59 0
15376.8 1623.28 0
15366.4 1690.97 0
15356 1758.67 0
15345.6 1826.36 0
15335.2 1894.06 0
15324.8 1961.75 0
15314.4 2029.45 0
p
74
30
15800 0 0
15808.6 81.0808 0
15817.2 162.162 0
15826 243.216 0
15834.7 324.27 0
15843 405.362 0
15850.2 486.554 0
15855.3 567.912 0
15856.6 649.45 0
15851.7 730.953 0
15836.5 811.466 0
15806.5 888.461 0
15757.8 956.879 0
15697 1016.28 0
15632.7 1073.26 0
15570.2 1132.33 0
15516.2 1198.39 0
15475.6 1272.14 0
15452.7 1351.98 0
15448.2 1434.16 0
15464.6 1514.5 0
15499.6 1588.84 0
15547.9 1655.87 0
15603.5 1717.59 0
15660.4 1778.36 0
15712.3 1843.32 0
15752.2 1916.18 0
15775.9 1996.09 -14.9552
15793.4 2078.03 -14.9552
15810.3 2160.25 -14.9552
15827.5 2242.38 -14.9552
p
75
30
16000 0 0
15996.5 64.7563 0
15993 129.513 0
15989.2 194.264 0
15985.1 259.004 0
15980.6 323.723 0
15975.4 388.414 0
15969.7 453.07 0
15963.2 517.689 0
15956.1 582.305 0
15947.7 646.813 0
15938 711.273 0
15929.7 776.27 0
15924.9 842.161 0
15918.2 907.88 0
15911.2 973.781 0
15904.1 1039.82 0
15895.9 1105.78 0
15887.1 1171.7 0
15878 1237.59 0
15868.8 1303.5 0
15859.5 1369.5 0
15850.2 1435.65 0
15840.9 1502 0
15831.7 1568.58 0
15822.6 1635.36 0
15813.9 1702.31 0
15806.3 1769.42 0
15800.7 1836.64 0
15799.3 1903.86 0
15803.3 1970.59 0
p
76
30
16200 0 0
16202.5 82.2828 0
16205 164.566 0
16208.3 246.816 0
16212.7 329.018 0
16218.6 411.129 0
16226.5 493.08 0
16237.1 574.746 0
16251.5 655.886 0
16271.3 735.974 0
16291.8 815.843 0
16309.9 896.165 0
16321.3 977.465 0
16325.1 1059.38 0
16318.9 1141.23 0
16301.6 1221.64 0
16273.4 1299.23 0
16235.1 1372.94 0
16188.7 1442.4 0
16136.3 1508.12 0
16080.6 1571.48 0
16024.4 1634.43 0
15970.5 1699.12 0
15921.9 1767.35 0
15881.7 1840.14 0
15852.6 1917.43 0
15834.2 1997.59 14.9552
15817.1 2078.35 14.9552
15797.7 2158.71 14.9552
15777.9 2239.04 14.9552
15758 2319.38 0
p
77
30
16400 0 0
16400.5 77.0788 0
16401.1 154.158 0
16401.4 231.239 0
16401.4 308.322 0
16401 385.406 0
16400.2 462.488 0
16398.9 539.564 0
16397 616.632 0
16394.5 693.685 0
16391.4 770.719 0
16387.6 847.728 0
16383.2 924.705 0
16378.1 1001.64 0
16372.2 1078.54 0
16365.9 1155.39 0
16359 1232.2 0
16351.7 1308.98 0
16344 1385.73 0
16336.1 1462.45 0
16327.9 1539.15 0
16319.7 1615.84 0
16311.3 1692.52 0
16302.9 1769.2 0
16294.7 1845.89 0
16286.5 1922.6 0
16278.6 1999.33 0
16271 2076.09 0
16263.8 2152.88 0
16257 2229.71 0
16250.6 2306.58 0
p
78
30
16600 0 0
16591.2 78.3098 0
16582.4 156.62 0
16573.5 234.922 0
16564.5 313.216 0
16555.5 391.498 0
16546.3 469.765 0
16537 548.014 0
16527.6 626.257 0
16518.2 704.495 0
16508.8 782.731 0
16499.4 860.972 0
16490 939.22 0
16480.8 1017.48 0
16471.6 1095.76 0
16462.4 1174.03 0
16453.2 1252.29 0
16443.7 1330.53 0
16434 1408.75 0
16424 1486.92 0
16413.5 1565.04 0
16402.6 1643.1 0
16391 1721.07 0
16378.9 1798.95 0
16366 1876.72 0
16352.4 1954.36 0
16337.9 2031.86 0
16322.5 2109.18 0
16306.1 2186.31 0
16288.8 2263.24 0
16270.8 2340.01 0
p
79
30
16800 0 0
16795.7 69.6124 0
16791.3 139.225 0
16787 208.837 0
16782.6 278.449 0
16778.3 348.062 0
16773.9 417.674 0
16769.6 487.286 0
16765.3 556.899 0
16760.9 626.511 0
16756.6 696.124 0
16752.2 765.736 0
16747.9 835.348 0
16743.5 904.961 0
16739.2 974.573 0
16734.9 1044.19 0
16730.5 1113.8 0
16726.2 1183.41 0
16721.8 1253.02 0
16717.5 1322.63 0
16713.2 1392.25 0
16708.8 1461.86 0
16704.5 1531.47 0
16700.1 1601.08 0
16695.8 1670.7 0
16691.4 1740.31 0
16687.1 1809.92 0
16682.8 1879.53 0
16678.4 1949.15 0
16674.1 2018.76 0
16669.7 2088.37 0
s	0
91 92 93 94 95 125 126 127 128 129 130 161 162 163 
91 92 93 94 95 125 126 127 128 129 130 161 162 163 
b
2 0
0.783099 0.394383 0.840188
92 0 0 2
93 0 0 2
94 0 0 1
126 0 0 1
127 0 0 2
128 0 0 2
b
2 0
0.197551 0.911647 0.79844
129 0 0 1
162 0 0 1
g
0
2 2 0 0 1 2 0 2 5
t
2
0
1547.92 2150.58 100
1548.1 2147.51 -100
a
6
0
95 90 130 124 163 160 
1 128 1 93 0 161 0 94 0 2640 0.466462 2641 0.533538 
1 126 1 91 0 92 0 2640 0.466462 2641 0.533538 
1 127 1 92 0 93 0 2640 0.466462 2641 0.533538 
1 129 1 161 0 162 0 2640 0.466462 2641 0.533538 
1 125 1 91 0 2640 0.466462 2641 0.533538 
2 91 1 126 0 125 0 2640 0.527948 2641 0.472052 
2 92 1 126 0 127 0 2640 0.527948 2641 0.472052 
2 93 1 128 0 127 0 2640 0.527948 2641 0.472052 
2 94 1 128 0 2640 0.527948 2641 0.472052 
2 161 1 128 0 129 0 2640 0.527948 2641 0.472052 
2 162 1 129 0 2640 0.527948 2641 0.472052 
0 2640 5.5 128 0.466462 126 0.466462 127 0.466462 129 0.466462 125 0.466462 91 0.527948 92 0.527948 93 0.527948 94 0.527948 161 0.527948 162 0.527948 
0 2641 5.5 128 0.533538 126 0.533538 127 0.533538 129 0.533538 125 0.533538 91 0.472052 92 0.472052 93 0.472052 94 0.472052 161 0.472052 162 0.472052 
NanList HYP 0
d
39
0 0 -6.70763 0 0 -6.70763 0 0 -6.70763 0 0 -6.70763 0 0 -6.70763 0 0 5.58969 0 0 5.58969 0 0 5.58969 0 0 5.58969 0 0 5.58969 0 0 5.58969 -0.0909276 1.53183 0 0.0909915 -1.53196 0 
s	1
153 155 185 188 
153 154 155 185 186 187 188 
b
2 0
0.277775 0.76823 0.335223
154 0 0 2
186 0 0 1
187 0 0 1
g
0
2 2 0 0 1 2 0 2 5
t
2
2
1609.43 1678.57 100
1609.18 1678.31 -100
a
4
6
155 152 188 184 
1 153 1 186 0 185 0 2640 0.495335 2641 0.504665 
1 154 1 186 0 187 0 2640 0.495335 2641 0.504665 
2 186 1 153 0 154 0 2640 0.50311 2641 0.49689 
2 185 1 153 0 2640 0.50311 2641 0.49689 
2 187 1 154 0 2640 0.50311 2641 0.49689 
0 2640 2.5 153 0.495335 154 0.495335 186 0.50311 185 0.50311 187 0.50311 
0 2641 2.5 153 0.504665 154 0.504665 186 0.49689 185 0.49689 187 0.49689 
NanList HYP 0
d
21
0 0 -0.932932 0 0 -0.932932 0 0 0.621954 0 0 0.621954 0 0 0.621954 0.12247 0.1312 0 -0.122531 -0.131177 0 
s	2
193 196 226 229 258 262 
193 194 195 196 226 227 228 229 258 259 260 261 262 
b
3 0
0.628871 0.477397 0.55397
194 0 0 1
195 0 0 1
227 0 0 2
228 0 0 3
259 0 0 2
260 0 0 2
261 0 0 3
g
0
2 2 0 0 1 2 0 2 5
t
2
4
1915.88 2213.18 100
1919.11 2205.91 -100
a
6
10
196 192 229 225 262 257 
1 260 1 227 0 228 0 193 0 194 0 2640 0.405599 2641 0.594401 
1 261 1 228 0 193 0 194 0 195 0 2640 0.405599 2641 0.594401 
1 259 1 227 0 228 0 226 0 2640 0.405599 2641 0.594401 
1 258 1 227 0 226 0 2640 0.405599 2641 0.594401 
2 227 1 260 0 259 0 258 0 2640 0.562934 2641 0.437066 
2 228 1 260 0 261 0 259 0 2640 0.562934 2641 0.437066 
2 226 1 259 0 258 0 2640 0.562934 2641 0.437066 
2 193 1 260 0 261 0 2640 0.562934 2641 0.437066 
2 194 1 260 0 261 0 2640 0.562934 2641 0.437066 
2 195 1 261 0 2640 0.562934 2641 0.437066 
0 2640 5 260 0.405599 261 0.405599 259 0.405599 258 0.405599 227 0.562934 228 0.562934 226 0.562934 193 0.562934 194 0.562934 195 0.562934 
0 2641 5 260 0.594401 261 0.594401 259 0.594401 258 0.594401 227 0.437066 228 0.437066 226 0.437066 193 0.437066 194 0.437066 195 0.437066 
NanList HYP 0
d
36
0 0 -18.8802 0 0 -18.8802 0 0 -18.8802 0 0 -18.8802 0 0 12.5868 0 0 12.5868 0 0 12.5868 0 0 12.5868 0 0 12.5868 0 0 12.5868 -1.61455 3.63345 0 1.61447 -3.63343 0 
s	3
292 293 294 295 322 323 324 325 326 327 359 360 361 389 390 391 392 393 394 
292 293 294 295 322 323 324 325 326 327 359 360 361 389 390 391 392 393 394 
b
3 0
0.95223 0.513401 0.364784
293 0 0 1
294 0 0 1
324 0 0 2
325 0 0 3
326 0 0 2
391 0 0 2
392 0 0 3
393 0 0 4
b
3 0
0.717297 0.635712 0.916195
323 0 0 1
360 0 0 2
390 0 0 1
g
0
2 2 0 0 1 2 0 2 5
t
2
6
3183.78 2157.49 100
3186.43 2159.89 -100
a
8
16
295 291 327 321 361 358 394 388 
1 392 1 324 0 325 0 292 0 293 0 326 0 2640 0.398813 2641 0.601187 
1 393 1 325 0 292 0 293 0 326 0 294 0 2640 0.398813 2641 0.601187 
1 390 1 360 0 323 0 324 0 2640 0.398813 2641 0.601187 
1 391 1 323 0 324 0 325 0 2640 0.398813 2641 0.601187 
1 389 1 360 0 359 0 2640 0.398813 2641 0.601187 
2 323 1 360 0 390 0 391 0 2640 0.535424 2641 0.464576 
2 324 1 392 0 390 0 391 0 2640 0.535424 2641 0.464576 
2 325 1 392 0 393 0 391 0 2640 0.535424 2641 0.464576 
2 322 1 360 0 359 0 2640 0.535424 2641 0.464576 
2 326 1 392 0 393 0 2640 0.535424 2641 0.464576 
3 360 1 323 0 390 0 322 0 389 0 2640 0.61127 2641 0.38873 
3 359 1 322 0 389 0 2640 0.61127 2641 0.38873 
2 292 1 392 0 393 0 2640 0.535424 2641 0.464576 
2 293 1 392 0 393 0 2640 0.535424 2641 0.464576 
2 294 1 393 0 2640 0.535424 2641 0.464576 
0 2640 7.5 392 0.398813 393 0.398813 390 0.398813 391 0.398813 389 0.398813 323 0.535424 324 0.535424 325 0.535424 322 0.535424 326 0.535424 360 0.61127 359 0.61127 292 0.535424 293 0.535424 294 0.535424 
0 2641 7.5 392 0.601187 393 0.601187 390 0.601187 391 0.601187 389 0.601187 323 0.464576 324 0.464576 325 0.464576 322 0.464576 326 0.464576 360 0.38873 359 0.38873 292 0.464576 293 0.464576 294 0.464576 
NanList HYP 0
d
51
0 0 -20.2374 0 0 -20.2374 0 0 -20.2374 0 0 -20.2374 0 0 -20.2374 0 0 7.08488 0 0 7.08488 0 0 7.08488 0 0 7.08488 0 0 7.08488 0 0 22.2539 0 0 22.2539 0 0 7.08488 0 0 7.08488 0 0 7.08488 -1.3242 -1.20443 0 1.32397 1.20455 0 
s	4
488 493 521 526 555 558 
488 489 490 491 492 493 521 522 523 524 525 526 555 556 557 558 
b
3 0
0.0163006 0.606969 0.141603
489 0 0 1
490 0 0 3
491 0 0 3
492 0 0 4
522 0 0 1
523 0 0 3
524 0 0 3
525 0 0 2
556 0 0 1
557 0 0 1
g
0
2 2 0 0 1 2 0 2 5
t
2
8
3773.29 2042.99 100
3772.96 2035.18 -100
a
6
24
493 487 526 520 558 554 
1 491 1 523 0 524 0 525 0 556 0 555 0 2640 0.409223 2641 0.590777 
1 492 1 524 0 525 0 556 0 557 0 2640 0.409223 2641 0.590777 
1 489 1 522 0 523 0 521 0 2640 0.409223 2641 0.590777 
1 490 1 522 0 523 0 524 0 2640 0.409223 2641 0.590777 
1 488 1 522 0 2640 0.409223 2641 0.590777 
2 522 1 489 0 490 0 488 0 2640 0.556736 2641 0.443264 
2 523 1 491 0 489 0 490 0 2640 0.556736 2641 0.443264 
2 524 1 491 0 492 0 490 0 2640 0.556736 2641 0.443264 
2 525 1 491 0 492 0 2640 0.556736 2641 0.443264 
2 521 1 489 0 2640 0.556736 2641 0.443264 
2 556 1 491 0 492 0 2640 0.556736 2641 0.443264 
2 555 1 491 0 2640 0.556736 2641 0.443264 
2 557 1 492 0 2640 0.556736 2641 0.443264 
0 2640 6.5 491 0.409223 492 0.409223 489 0.409223 490 0.409223 488 0.409223 522 0.556736 523 0.556736 524 0.556736 525 0.556736 521 0.556736 556 0.556736 555 0.556736 557 0.556736 
0 2641 6.5 491 0.590777 492 0.590777 489 0.590777 490 0.590777 488 0.590777 522 0.443264 523 0.443264 524 0.443264 525 0.443264 521 0.443264 556 0.443264 555 0.443264 557 0.443264 
NanList HYP 0
d
45
0 0 -18.1554 0 0 -18.1554 0 0 -18.1554 0 0 -18.1554 0 0 -18.1554 0 0 11.3471 0 0 11.3471 0 0 11.3471 0 0 11.3471 0 0 11.3471 0 0 11.3471 0 0 11.3471 0 0 11.3471 0.168115 3.90385 0 -0.168249 -3.90368 0 
s	5
590 592 623 625 
590 591 592 623 624 625 
b
2 0
0.804177 0.137232 0.242887
591 0 0 1
624 0 0 1
g
0
2 2 0 0 1 2 0 2 5
t
2
10
4582.89 2202.68 100
4580.87 2204.5 -100
a
4
30
592 589 625 622 
1 590 1 624 0 623 0 2640 0.461684 2641 0.538316 
1 591 1 624 0 2640 0.461684 2641 0.538316 
2 624 1 590 0 591 0 2640 0.538316 2641 0.461684 
2 623 1 590 0 2640 0.538316 2641 0.461684 
0 2640 2 590 0.461684 591 0.461684 624 0.538316 623 0.538316 
0 2641 2 590 0.538316 591 0.538316 624 0.461684 623 0.461684 
NanList HYP 0
d
18
0 0 -7.66323 0 0 -7.66323 0 0 7.66323 0 0 7.66323 1.00846 -0.914694 0 -1.00811 0.914518 0 
s	6
719 724 753 757 787 790 
719 720 721 722 723 724 753 754 755 756 757 787 788 789 790 
b
3 0
0.12979 0.400944 0.156679
720 0 0 2
721 0 0 2
722 0 0 3
723 0 0 2
754 0 0 1
755 0 0 2
756 0 0 3
788 0 0 3
789 0 0 2
g
0
2 2 0 0 1 2 0 2 5
t
2
12
5144.04 2084.46 100
5142.1 2081.62 -100
a
6
34
724 718 757 752 790 786 
1 722 1 755 0 756 0 787 0 788 0 789 0 2640 0.417629 2641 0.582371 
1 721 1 755 0 756 0 787 0 788 0 2640 0.417629 2641 0.582371 
1 719 1 754 0 753 0 2640 0.417629 2641 0.582371 
1 720 1 755 0 754 0 2640 0.417629 2641 0.582371 
1 723 1 788 0 789 0 2640 0.417629 2641 0.582371 
2 755 1 722 0 721 0 787 0 720 0 2640 0.544759 2641 0.455241 
2 756 1 722 0 721 0 787 0 788 0 2640 0.544759 2641 0.455241 
2 754 1 719 0 720 0 2640 0.544759 2641 0.455241 
2 753 1 719 0 2640 0.544759 2641 0.455241 
3 787 1 722 0 721 0 755 0 756 0 2640 0.577606 2641 0.422394 
3 788 1 722 0 721 0 756 0 723 0 2640 0.577606 2641 0.422394 
3 789 1 722 0 723 0 2640 0.577606 2641 0.422394 
0 2640 6 722 0.417629 721 0.417629 719 0.417629 720 0.417629 723 0.417629 755 0.544759 756 0.544759 754 0.544759 753 0.544759 787 0.577606 788 0.577606 789 0.577606 
0 2641 6 722 0.582371 721 0.582371 719 0.582371 720 0.582371 723 0.582371 755 0.455241 756 0.455241 754 0.455241 753 0.455241 787 0.422394 788 0.422394 789 0.422394 
NanList HYP 0
d
42
0 0 -16.4741 0 0 -16.4741 0 0 -16.4741 0 0 -16.4741 0 0 -16.4741 0 0 8.95179 0 0 8.95179 0 0 8.95179 0 0 8.95179 0 0 15.5211 0 0 15.5211 0 0 15.5211 0.968909 1.41769 0 -0.969247 -1.41777 0 
s	7
852 856 887 889 919 922 
852 853 854 855 856 887 888 889 919 920 921 922 
b
3 0
0.218257 0.998924 0.108809
853 0 0 1
854 0 0 2
855 0 0 1
888 0 0 4
920 0 0 1
921 0 0 3
g
0
2 2 0 0 1 2 0 2 5
t
2
14
6329.53 1774.07 100
6334.41 1777.99 -100
a
6
40
856 851 889 886 922 918 
1 920 1 888 0 887 0 853 0 854 0 855 0 2640 0.392428 2641 0.607572 
1 921 1 888 0 854 0 855 0 2640 0.392428 2641 0.607572 
1 919 1 888 0 887 0 2640 0.392428 2641 0.607572 
2 853 1 888 0 920 0 887 0 2640 0.52166 2641 0.47834 
2 854 1 888 0 920 0 921 0 2640 0.52166 2641 0.47834 
2 855 1 920 0 921 0 2640 0.52166 2641 0.47834 
2 852 1 887 0 2640 0.52166 2641 0.47834 
3 888 1 920 0 853 0 854 0 921 0 919 0 2640 0.618038 2641 0.381962 
3 887 1 920 0 853 0 919 0 852 0 2640 0.618038 2641 0.381962 
0 2640 4.5 920 0.392428 921 0.392428 919 0.392428 853 0.52166 854 0.52166 855 0.52166 852 0.52166 888 0.618038 887 0.618038 
0 2641 4.5 920 0.607572 921 0.607572 919 0.607572 853 0.47834 854 0.47834 855 0.47834 852 0.47834 888 0.381962 887 0.381962 
NanList HYP 0
d
33
0 0 -21.5145 0 0 -21.5145 0 0 -21.5145 0 0 4.33205 0 0 4.33205 0 0 4.33205 0 0 4.33205 0 0 23.6076 0 0 23.6076 -2.44318 -1.95993 0 2.44346 1.95987 0 
s	8
985 988 1019 1021 
985 986 987 988 1019 1020 1021 
b
2 0
0.61264 0.839112 0.512932
986 0 0 1
987 0 0 1
1020 0 0 2
g
0
2 2 0 0 1 2 0 2 5
t
2
16
6880.06 2188.29 100
6876.93 2186.16 -100
a
4
46
988 984 1021 1018 
1 986 1 1019 0 1020 0 2640 0.446842 2641 0.553158 
1 985 1 1019 0 2640 0.446842 2641 0.553158 
1 987 1 1020 0 2640 0.446842 2641 0.553158 
2 1019 1 986 0 985 0 2640 0.579737 2641 0.420263 
2 1020 1 986 0 987 0 2640 0.579737 2641 0.420263 
0 2640 2.5 986 0.446842 985 0.446842 987 0.446842 1019 0.579737 1020 0.579737 
0 2641 2.5 986 0.553158 985 0.553158 987 0.553158 1019 0.420263 1020 0.420263 
NanList HYP 0
d
21
0 0 -10.6316 0 0 -10.6316 0 0 -10.6316 0 0 15.9474 0 0 15.9474 1.56354 1.06368 0 -1.56363 -1.06392 0 
s	9
1151 1153 1184 1186 
1151 1152 1153 1184 1185 1186 
b
2 0
0.524287 0.637552 0.296032
1152 0 0 1
1185 0 0 1
g
0
2 2 0 0 1 2 0 2 5
t
2
18
7998.38 1985.73 100
7996.27 1987.17 -100
a
4
50
1153 1150 1186 1183 
1 1151 1 1185 0 1184 0 2640 0.461338 2641 0.538662 
1 1152 1 1185 0 2640 0.461338 2641 0.538662 
2 1185 1 1151 0 1152 0 2640 0.538662 2641 0.461338 
2 1184 1 1151 0 2640 0.538662 2641 0.461338 
0 2640 2 1151 0.461338 1152 0.461338 1185 0.538662 1184 0.538662 
0 2641 2 1151 0.538662 1152 0.538662 1185 0.461338 1184 0.461338 
NanList HYP 0
d
18
0 0 -7.73243 0 0 -7.73243 0 0 7.73243 0 0 7.73243 1.05219 -0.718294 0 -1.05258 0.718392 0 
s	10
1514 1516 1546 1549 1580 1582 
1514 1515 1516 1546 1547 1548 1549 1580 1581 1582 
b
3 0
0.292517 0.972775 0.493583
1515 0 0 2
1547 0 0 1
1548 0 0 2
1581 0 0 1
g
0
2 2 0 0 1 2 0 2 5
t
2
20
9885.09 2265.07 100
9884.77 2265.73 -100
a
6
54
1516 1513 1549 1545 1582 1579 
1 1547 1 1514 0 1515 0 1581 0 1580 0 2640 0.456367 2641 0.543633 
1 1548 1 1515 0 1581 0 2640 0.456367 2641 0.543633 
1 1546 1 1514 0 2640 0.456367 2641 0.543633 
2 1514 1 1547 0 1546 0 2640 0.532725 2641 0.467275 
2 1515 1 1547 0 1548 0 2640 0.532725 2641 0.467275 
2 1581 1 1547 0 1548 0 2640 0.532725 2641 0.467275 
2 1580 1 1547 0 2640 0.532725 2641 0.467275 
0 2640 3.5 1547 0.456367 1548 0.456367 1546 0.456367 1514 0.532725 1515 0.532725 1581 0.532725 1580 0.532725 
0 2641 3.5 1547 0.543633 1548 0.543633 1546 0.543633 1514 0.467275 1515 0.467275 1581 0.467275 1580 0.467275 
NanList HYP 0
d
27
0 0 -8.7266 0 0 -8.7266 0 0 -8.7266 0 0 6.54495 0 0 6.54495 0 0 6.54495 0 0 6.54495 0.164154 -0.330999 0 -0.163529 0.330851 0 
s	11
1646 1648 1675 1677 
1646 1647 1648 1675 1676 1677 
b
2 0
0.769914 0.526745 0.771358
1647 0 0 1
1676 0 0 1
g
0
2 2 0 0 1 2 0 2 5
t
2
22
10644.2 2100.05 100
10643.2 2099.02 -100
a
4
60
1648 1645 1677 1674 
1 1647 1 1675 0 1676 0 2640 0.481256 2641 0.518744 
1 1646 1 1675 0 2640 0.481256 2641 0.518744 
2 1675 1 1647 0 1646 0 2640 0.518744 2641 0.481256 
2 1676 1 1647 0 2640 0.518744 2641 0.481256 
0 2640 2 1647 0.481256 1646 0.481256 1675 0.518744 1676 0.518744 
0 2641 2 1647 0.518744 1646 0.518744 1675 0.481256 1676 0.481256 
NanList HYP 0
d
18
0 0 -3.74889 0 0 -3.74889 0 0 3.74889 0 0 3.74889 0.513403 0.516311 0 -0.513794 -0.516135 0 
s	12
1744 1745 1746 1747 1778 1779 1780 1844 1845 1846 1910 1911 1912 
1744 1745 1746 1747 1778 1779 1780 1844 1845 1846 1910 1911 1912 
b
2 0
0.283315 0.891529 0.400229
1745 0 0 1
1779 0 0 1
b
3 0
0.919026 0.807725 0.352458
1746 0 0 2
1845 0 0 1
1911 0 0 1
g
0
2 2 0 0 1 2 0 2 5
t
2
24
11550.3 2100.48 100
11546.4 2102.81 -100
a
7
64
1747 1743 1780 1777 1846 1912 1909 
1 1745 1 1779 0 1845 0 1910 0 1844 0 2640 0.411579 2641 0.588421 
1 1746 1 1845 0 1910 0 1911 0 2640 0.411579 2641 0.588421 
1 1744 1 1779 0 1778 0 2640 0.411579 2641 0.588421 
2 1779 1 1745 0 1744 0 2640 0.544211 2641 0.455789 
2 1778 1 1744 0 2640 0.544211 2641 0.455789 
2 1845 1 1745 0 1746 0 2640 0.544211 2641 0.455789 
2 1844 1 1745 0 2640 0.544211 2641 0.455789 
2 1910 1 1745 0 1746 0 2640 0.544211 2641 0.455789 
2 1911 1 1746 0 2640 0.544211 2641 0.455789 
0 2640 4.5 1745 0.411579 1746 0.411579 1744 0.411579 1779 0.544211 1778 0.544211 1845 0.544211 1844 0.544211 1910 0.544211 1911 0.544211 
0 2641 4.5 1745 0.588421 1746 0.588421 1744 0.588421 1779 0.455789 1778 0.455789 1845 0.455789 1844 0.455789 1910 0.455789 1911 0.455789 
NanList HYP 0
d
33
0 0 -17.6843 0 0 -17.6843 0 0 -17.6843 0 0 8.84215 0 0 8.84215 0 0 8.84215 0 0 8.84215 0 0 8.84215 0 0 8.84215 1.95763 -1.16516 0 -1.95846 1.16504 0 
s	13
1811 1813 1841 1844 
1811 1812 1813 1841 1842 1843 1844 
b
2 0
0.525995 0.949327 0.0697553
1812 0 0 2
1842 0 0 1
1843 0 0 1
g
0
2 2 0 0 1 2 0 2 5
t
2
26
11620.6 1896.51 100
11620.1 1894.98 -100
a
4
71
1813 1810 1844 1840 
1 1812 1 1841 0 1842 0 1843 0 2640 0.479367 2641 0.520633 
1 1811 1 1841 0 1842 0 2640 0.479367 2641 0.520633 
2 1841 1 1812 0 1811 0 2640 0.513755 2641 0.486245 
2 1842 1 1812 0 1811 0 2640 0.513755 2641 0.486245 
2 1843 1 1812 0 2640 0.513755 2641 0.486245 
0 2640 2.5 1812 0.479367 1811 0.479367 1841 0.513755 1842 0.513755 1843 0.513755 
0 2641 2.5 1812 0.520633 1811 0.520633 1841 0.486245 1842 0.486245 1843 0.486245 
NanList HYP 0
d
21
0 0 -4.12655 0 0 -4.12655 0 0 2.75103 0 0 2.75103 0 0 2.75103 0.253018 0.767216 0 -0.253722 -0.767254 0 
s	14
1829 1837 1864 1873 
1829 1830 1831 1832 1833 1834 1835 1836 1837 1864 1865 1866 1867 1868 1869 1870 1871 1872 1873 
b
2 0
0.663227 0.192214 0.0860558
1830 0 0 2
1831 0 0 2
1832 0 0 3
1833 0 0 3
1834 0 0 3
1835 0 0 3
1836 0 0 2
1865 0 0 1
1866 0 0 2
1867 0 0 2
1868 0 0 2
1869 0 0 3
1870 0 0 3
1871 0 0 3
1872 0 0 2
g
0
2 2 0 0 1 2 0 2 5
t
2
28
12018.3 1297.9 100
12016.3 1299.61 -100
a
4
75
1837 1828 1873 1863 
1 1830 1 1867 0 1865 0 1866 0 2640 0.429437 2641 0.570563 
1 1831 1 1867 0 1868 0 1866 0 2640 0.429437 2641 0.570563 
1 1832 1 1867 0 1868 0 1869 0 2640 0.429437 2641 0.570563 
1 1833 1 1868 0 1869 0 1870 0 2640 0.429437 2641 0.570563 
1 1834 1 1869 0 1870 0 1871 0 2640 0.429437 2641 0.570563 
1 1835 1 1870 0 1871 0 1872 0 2640 0.429437 2641 0.570563 
1 1829 1 1865 0 1864 0 2640 0.429437 2641 0.570563 
1 1836 1 1871 0 1872 0 2640 0.429437 2641 0.570563 
2 1867 1 1830 0 1831 0 1832 0 2640 0.562722 2641 0.437278 
2 1868 1 1831 0 1832 0 1833 0 2640 0.562722 2641 0.437278 
2 1869 1 1832 0 1833 0 1834 0 2640 0.562722 2641 0.437278 
2 1870 1 1833 0 1834 0 1835 0 2640 0.562722 2641 0.437278 
2 1871 1 1834 0 1835 0 1836 0 2640 0.562722 2641 0.437278 
2 1865 1 1830 0 1829 0 2640 0.562722 2641 0.437278 
2 1866 1 1830 0 1831 0 2640 0.562722 2641 0.437278 
2 1872 1 1835 0 1836 0 2640 0.562722 2641 0.437278 
2 1864 1 1829 0 2640 0.562722 2641 0.437278 
0 2640 8.5 1830 0.429437 1831 0.429437 1832 0.429437 1833 0.429437 1834 0.429437 1835 0.429437 1829 0.429437 1836 0.429437 1867 0.562722 1868 0.562722 1869 0.562722 1870 0.562722 1871 0.562722 1865 0.562722 1866 0.562722 1872 0.562722 1864 0.562722 
0 2641 8.5 1830 0.570563 1831 0.570563 1832 0.570563 1833 0.570563 1834 0.570563 1835 0.570563 1829 0.570563 1836 0.570563 1867 0.437278 1868 0.437278 1869 0.437278 1870 0.437278 1871 0.437278 1865 0.437278 1866 0.437278 1872 0.437278 1864 0.437278 
NanList HYP 0
d
57
0 0 -14.1125 0 0 -14.1125 0 0 -14.1125 0 0 -14.1125 0 0 -14.1125 0 0 -14.1125 0 0 -14.1125 0 0 -14.1125 0 0 12.5445 0 0 12.5445 0 0 12.5445 0 0 12.5445 0 0 12.5445 0 0 12.5445 0 0 12.5445 0 0 12.5445 0 0 12.5445 1.03592 -0.854497 0 -1.03558 0.854521 0 
s	15
1976 1978 2008 2011 2040 2043 
1976 1977 1978 2008 2009 2010 2011 2040 2041 2042 2043 
b
3 0
0.0641713 0.348893 0.890233
1977 0 0 2
2009 0 0 1
2010 0 0 3
2041 0 0 1
2042 0 0 1
g
0
2 2 0 0 1 2 0 2 5
t
2
30
12564.7 2044.16 100
12565.9 2040.18 -100
a
6
79
1978 1975 2011 2007 2043 2039 
1 2009 1 1977 0 2040 0 2041 0 1976 0 2640 0.422885 2641 0.577115 
1 2010 1 1977 0 2040 0 2041 0 2042 0 2640 0.422885 2641 0.577115 
1 2008 1 1977 0 2640 0.422885 2641 0.577115 
2 2040 1 2009 0 2010 0 2640 0.546269 2641 0.453731 
2 2041 1 2009 0 2010 0 2640 0.546269 2641 0.453731 
2 2042 1 2010 0 2640 0.546269 2641 0.453731 
2 1977 1 2009 0 2010 0 2008 0 2640 0.546269 2641 0.453731 
2 1976 1 2009 0 2640 0.546269 2641 0.453731 
0 2640 4 2009 0.422885 2010 0.422885 2008 0.422885 2040 0.546269 2041 0.546269 2042 0.546269 1977 0.546269 1976 0.546269 
0 2641 4 2009 0.577115 2010 0.577115 2008 0.577115 2040 0.453731 2041 0.453731 2042 0.453731 1977 0.453731 1976 0.453731 
NanList HYP 0
d
30
0 0 -15.4231 0 0 -15.4231 0 0 -15.4231 0 0 9.25385 0 0 9.25385 0 0 9.25385 0 0 9.25385 0 0 9.25385 -0.596097 1.98918 0 0.596878 -1.98909 0 
s	16
2138 2140 2174 2176 
2138 2139 2140 2174 2175 2176 
b
2 0
0.0630958 0.457702 0.020023
2139 0 0 1
2175 0 0 1
g
0
2 2 0 0 1 2 0 2 5
t
2
32
14134.5 2090.9 100
14133.7 2091.53 -100
a
4
85
2140 2137 2176 2173 
1 2138 1 2175 0 2174 0 2640 0.484295 2641 0.515705 
1 2139 1 2175 0 2640 0.484295 2641 0.515705 
2 2175 1 2138 0 2139 0 2640 0.515705 2641 0.484295 
2 2174 1 2138 0 2640 0.515705 2641 0.484295 
0 2640 2 2138 0.484295 2139 0.484295 2175 0.515705 2174 0.515705 
0 2641 2 2138 0.515705 2139 0.515705 2175 0.484295 2174 0.484295 
NanList HYP 0
d
18
0 0 -3.14095 0 0 -3.14095 0 0 3.14095 0 0 3.14095 0.383981 -0.314026 0 -0.383981 0.31385 0 
s	17
2163 2169 2195 2201 
2163 2164 2165 2166 2167 2168 2169 2195 2196 2197 2198 2199 2200 2201 
b
2 0
0.902208 0.970634 0.23828
2164 0 0 2
2165 0 0 2
2166 0 0 3
2167 0 0 3
2168 0 0 2
2196 0 0 1
2197 0 0 3
2198 0 0 3
2199 0 0 3
2200 0 0 2
g
0
2 2 0 0 1 2 0 2 5
t
2
34
14036.6 1440.09 100
14034.2 1441.94 -100
a
4
89
2169 2162 2201 2194 
1 2165 1 2196 0 2197 0 2198 0 2640 0.451836 2641 0.548164 
1 2166 1 2197 0 2198 0 2199 0 2640 0.451836 2641 0.548164 
1 2167 1 2198 0 2199 0 2200 0 2640 0.451836 2641 0.548164 
1 2163 1 2196 0 2195 0 2640 0.451836 2641 0.548164 
1 2164 1 2196 0 2197 0 2640 0.451836 2641 0.548164 
1 2168 1 2199 0 2200 0 2640 0.451836 2641 0.548164 
2 2196 1 2165 0 2163 0 2164 0 2640 0.548164 2641 0.451836 
2 2197 1 2165 0 2166 0 2164 0 2640 0.548164 2641 0.451836 
2 2198 1 2165 0 2166 0 2167 0 2640 0.548164 2641 0.451836 
2 2199 1 2166 0 2167 0 2168 0 2640 0.548164 2641 0.451836 
2 2200 1 2167 0 2168 0 2640 0.548164 2641 0.451836 
2 2195 1 2163 0 2640 0.548164 2641 0.451836 
0 2640 6 2165 0.451836 2166 0.451836 2167 0.451836 2163 0.451836 2164 0.451836 2168 0.451836 2196 0.548164 2197 0.548164 2198 0.548164 2199 0.548164 2200 0.548164 2195 0.548164 
0 2641 6 2165 0.548164 2166 0.548164 2167 0.548164 2163 0.548164 2164 0.548164 2168 0.548164 2196 0.451836 2197 0.451836 2198 0.451836 2199 0.451836 2200 0.451836 2195 0.451836 
NanList HYP 0
d
42
0 0 -9.63272 0 0 -9.63272 0 0 -9.63272 0 0 -9.63272 0 0 -9.63272 0 0 -9.63272 0 0 9.63272 0 0 9.63272 0 0 9.63272 0 0 9.63272 0 0 9.63272 0 0 9.63272 1.17606 -0.923915 0 -1.17593 0.923961 0 
s	18
2205 2208 2240 2242 2273 2275 
2205 2206 2207 2208 2240 2241 2242 2273 2274 2275 
b
3 0
0.53976 0.266666 0.85092
2206 0 0 1
2207 0 0 2
2241 0 0 3
2274 0 0 2
g
0
2 2 0 0 1 2 0 2 5
t
2
36
14206.6 2033.17 100
14202.3 2033.1 -100
a
6
93
2208 2204 2242 2239 2275 2272 
1 2206 1 2241 0 2240 0 2273 0 2274 0 2640 0.445028 2641 0.554972 
1 2205 1 2241 0 2240 0 2640 0.445028 2641 0.554972 
1 2207 1 2241 0 2274 0 2640 0.445028 2641 0.554972 
2 2241 1 2206 0 2273 0 2274 0 2205 0 2207 0 2640 0.488089 2641 0.511911 
2 2240 1 2206 0 2273 0 2205 0 2640 0.488089 2641 0.511911 
3 2273 1 2241 0 2206 0 2240 0 2640 0.59437 2641 0.40563 
3 2274 1 2241 0 2206 0 2207 0 2640 0.59437 2641 0.40563 
0 2640 3.5 2206 0.445028 2205 0.445028 2207 0.445028 2241 0.488089 2240 0.488089 2273 0.59437 2274 0.59437 
0 2641 3.5 2206 0.554972 2205 0.554972 2207 0.554972 2241 0.511911 2240 0.511911 2273 0.40563 2274 0.40563 
NanList HYP 0
d
27
0 0 -10.9944 0 0 -10.9944 0 0 -10.9944 0 0 -2.38229 0 0 -2.38229 0 0 18.874 0 0 18.874 2.16352 0.0351259 0 -2.16307 -0.0350825 0 
s	19
2469 2473 2534 2538 
2469 2470 2471 2472 2473 2534 2535 2536 2537 2538 
b
2 0
0.512535 0.760249 0.375207
2470 0 0 2
2471 0 0 3
2472 0 0 2
2535 0 0 2
2536 0 0 3
2537 0 0 2
g
0
2 2 0 0 1 2 0 2 5
t
2
38
15804.6 2118.75 100
15803.9 2118.86 -100
a
4
99
2473 2468 2538 2533 
1 2470 1 2535 0 2536 0 2534 0 2640 0.425224 2641 0.574776 
1 2471 1 2535 0 2536 0 2537 0 2640 0.425224 2641 0.574776 
1 2469 1 2535 0 2640 0.425224 2641 0.574776 
1 2472 1 2536 0 2640 0.425224 2641 0.574776 
2 2535 1 2470 0 2471 0 2469 0 2640 0.574776 2641 0.425224 
2 2536 1 2470 0 2471 0 2472 0 2640 0.574776 2641 0.425224 
2 2534 1 2470 0 2640 0.574776 2641 0.425224 
2 2537 1 2471 0 2640 0.574776 2641 0.425224 
0 2640 4 2470 0.425224 2471 0.425224 2469 0.425224 2472 0.425224 2535 0.574776 2536 0.574776 2534 0.574776 2537 0.574776 
0 2641 4 2470 0.574776 2471 0.574776 2469 0.574776 2472 0.574776 2535 0.425224 2536 0.425224 2534 0.425224 2537 0.425224 
NanList HYP 0
d
30
0 0 -14.9552 0 0 -14.9552 0 0 -14.9552 0 0 -14.9552 0 0 14.9552 0 0 14.9552 0 0 14.9552 0 0 14.9552 0.370142 -0.0571355 0 -0.370142 0.0572722 0 
