33 2 0.1 0.3 1 0 19 1
p
0
30
1000 0 0
994.122 70.6429 0
988.244 141.286 0
982.436 211.935 0
976.718 282.591 0
971.123 353.257 0
965.694 423.936 0
960.466 494.631 0
955.478 565.343 0
950.766 636.075 0
946.366 706.827 0
942.316 777.601 0
938.65 848.397 0
935.401 919.214 0
932.602 990.051 0
930.313 1060.91 0
928.289 1131.77 0
926.758 1202.65 0
925.691 1273.54 0
924.765 1344.44 0
923.91 1415.33 0
922.974 1486.23 0
921.806 1557.12 0
920.255 1628 0
918.171 1698.86 0
915.402 1769.7 0
911.797 1840.5 0
907.207 1911.24 0
901.636 1981.9 0
895.633 2052.54 0
889.571 2123.17 0
p
1
30
1200 0 0
1206.4 83.3483 0
1212.8 166.697 0
1218.94 250.06 0
1224.77 333.443 0
1230.17 416.852 0
1235.04 500.287 0
1239.42 583.742 0
1244.3 667.17 0
1250.11 750.538 0
1257.47 833.783 0
1267 916.81 0
1278.67 999.579 0
1292.83 1081.98 0
1309.68 1163.91 0
1329.31 1245.26 0
1351.79 1325.92 0
1377.12 1405.8 0
1405.22 1484.83 0
1436 1562.95 0
1469.26 1640.13 0
1504.8 1716.39 0
1542.35 1791.77 0
1581.6 1866.36 0
1622.21 1940.3 0
1663.81 2013.73 0
1706 2086.86 0
1748.34 2159.91 0
1790.6 2233 0
1833.14 2305.98 0
1875.76 2378.93 0
p
2
30
1400 0 0
1397.66 76.1381 0
1395.32 152.276 0
1393.65 228.44 0
1392.84 304.626 0
1393.28 380.831 0
1395.38 457.034 0
1399.58 533.186 0
1405.52 609.239 0
1413.34 685.15 0
1423.04 760.873 0
1434.61 836.359 0
1447.83 911.599 0
1462.25 986.641 0
1477.76 1061.49 0
1494.18 1136.16 0
1511.38 1210.69 0
1529.25 1285.08 0
1547.74 1359.34 0
1566.81 1433.48 0
1586.44 1507.5 0
1606.66 1581.39 0
1627.5 1655.14 0
1649.02 1728.71 0
1671.3 1802.1 0
1694.43 1875.25 0
1718.53 1948.13 0
1743.72 2020.68 0
1770.07 2092.87 -22.149
1797.53 2164.7 -22.149
1826.29 2236.05 -22.149
p
3
30
1600 0 0
1600.56 71.3129 0
1601.11 142.626 0
1601.84 213.936 0
1602.8 285.241 0
1604.1 356.539 0
1605.91 427.822 0
1608.49 499.078 0
1611.6 570.322 0
1615.34 641.539 0
1619.71 712.728 0
1624.71 783.882 0
1630.31 854.999 0
1636.51 926.076 0
1643.3 997.109 0
1650.65 1068.1 0
1658.54 1139.04 0
1666.95 1209.93 0
1675.85 1280.77 0
1685.21 1351.57 0
1695.01 1422.31 0
1705.2 1493.01 0
1715.77 1563.67 0
1726.66 1634.29 0
1737.84 1704.87 0
1749.28 1775.42 0
1760.94 1845.94 0
1772.77 1916.43 0
1784.74 1986.91 26.4969
1796.79 2057.37 26.4969
1808.9 2127.81 26.4969
p
4
30
1800 0 0
1800.6 72.0609 0
1801.19 144.122 0
1801.79 216.183 0
1802.38 288.244 0
1802.98 360.305 0
1803.58 432.366 0
1804.17 504.427 0
1804.77 576.487 0
1805.36 648.548 0
1805.96 720.609 0
1806.56 792.67 0
1807.15 864.731 0
1807.75 936.792 0
1808.35 1008.85 0
1808.94 1080.91 0
1809.54 1152.97 0
1810.13 1225.04 0
1810.73 1297.1 0
1811.33 1369.16 0
1811.92 1441.22 0
1812.52 1513.28 0
1813.11 1585.34 0
1813.71 1657.4 0
1814.31 1729.46 0
1814.9 1801.52 0
1815.5 1873.58 0
1816.09 1945.65 0
1816.69 2017.71 0
1817.29 2089.77 0
1817.88 2161.83 0
p
5
30
2000 0 0
2012.06 81.7227 0
2024.13 163.445 0
2036.03 245.183 0
2047.51 326.978 0
2058.12 408.884 0
2067.27 490.967 0
2074.11 573.285 0
2077.78 655.83 0
2077.57 738.505 0
2073.29 821.14 0
2064.74 903.533 0
2052.14 985.501 0
2036.12 1066.96 0
2018.52 1148.14 0
2000.54 1229.26 0
1983.68 1310.59 0
1969.37 1392.33 0
1958.71 1474.52 0
1952.77 1557.08 0
1952.33 1639.75 0
1957.87 1722.17 0
1969.53 1803.91 0
1987.16 1884.58 0
2010.76 1963.74 0
2039.45 2041.27 0
2071.98 2117.33 0
2106.66 2192.49 0
2141.4 2267.7 0
2174.76 2343.57 10.8705
2208.59 2419.47 10.8705
p
6
30
2200 0 0
2192.12 78.7812 0
2184.24 157.562 0
2177 236.424 0
2170.56 315.371 0
2165.2 394.418 0
2161.17 473.575 0
2158.48 552.819 0
2157.45 632.15 0
2158.18 711.541 0
2160.39 790.956 0
2163.92 870.383 0
2168.59 949.816 0
2173.55 1029.27 0
2178.13 1108.77 0
2182.15 1188.3 0
2185.44 1267.88 0
2187.92 1347.48 0
2189.45 1427.11 0
2190.12 1506.79 0
2190.02 1586.53 0
2189.43 1666.37 0
2188.84 1746.33 0
2189.15 1826.44 0
2189.03 1906.67 0
2189.28 1986.97 0
2190.31 2067.28 0
2192.74 2147.5 0
2197.38 2227.52 0
2205.25 2307.12 -10.8705
2216.59 2386.2 -10.8705
p
7
30
2400 0 0
2406.13 85.5199 0
2412.26 171.04 0
2418.5 256.532 0
2424.73 342.01 0
2430.81 427.485 0
2436.52 512.969 0
2441.69 598.47 0
2445.95 684.006 0
2448.99 769.587 0
2452.52 855.147 0
2456.31 940.695 0
2460.32 1026.24 0
2464.74 1111.77 0
2467.69 1197.39 0
2468.66 1283.06 0
2467 1368.74 0
2462.5 1454.33 0
2455.04 1539.69 0
2443.51 1624.58 0
2427.65 1708.83 0
2407.68 1792.28 0
2384.75 1875.08 0
2357.35 1956.67 0
2327.5 2037.47 0
2298.19 2118.44 0
2272.37 2200.49 0
2252.91 2284.14 0
2240.92 2369.05 10.8705
2231.68 2454.39 10.8705
2222.57 2539.84 10.8705
p
8
30
2600 0 0
2589.88 85.8729 0
2579.76 171.746 0
2570.27 257.697 0
2561.54 343.733 0
2553.8 429.871 0
2547.24 516.114 0
2542.15 602.468 0
2538.55 688.908 0
2536.39 775.404 0
2534.68 861.916 0
2533.12 948.43 0
2531.22 1034.93 0
2528.96 1121.41 0
2525.2 1207.83 0
2519.45 1294.12 0
2511.02 1380.21 0
2499.24 1465.93 0
2484.14 1551.22 0
2468.14 1636.41 0
2451.79 1721.54 0
2435.11 1806.61 0
2417.61 1891.49 0
2399.38 1976.18 0
2380.17 2060.65 0
2359.72 2144.83 0
2337.8 2228.63 0
2314.26 2312 0
2289.05 2394.87 0
2262.16 2477.2 -10.8705
2233.9 2559.12 -10.8705
p
9
30
2800 0 0
2795.21 75.6422 0
2790.42 151.284 0
2785.63 226.927 0
2780.84 302.569 0
2776.05 378.211 0
2771.27 453.853 0
2766.48 529.495 0
2761.69 605.138 0
2756.9 680.78 0
2752.11 756.422 0
2747.32 832.064 0
2742.53 907.706 0
2737.74 983.349 0
2732.95 1058.99 0
2728.16 1134.63 0
2723.37 1210.28 0
2718.58 1285.92 0
2713.8 1361.56 0
2709.01 1437.2 0
2704.22 1512.84 0
2699.43 1588.49 0
2694.64 1664.13 0
2689.85 1739.77 0
2685.06 1815.41 0
2680.27 1891.06 0
2675.48 1966.7 0
2670.69 2042.34 0
2665.9 2117.98 0
2661.11 2193.62 0
2656.33 2269.27 0
p
10
30
3000 0 0
2995.81 61.8591 0
2991.61 123.718 0
2987.42 185.577 0
2983.23 247.437 0
2979.03 309.296 0
2974.84 371.155 0
2970.64 433.014 0
2966.45 494.873 0
2962.26 556.732 0
2958.06 618.591 0
2953.87 680.45 0
2949.68 742.31 0
2945.48 804.169 0
2941.29 866.028 0
2937.09 927.887 0
2932.9 989.746 0
2928.71 1051.61 0
2924.51 1113.46 0
2920.32 1175.32 0
2916.13 1237.18 0
2911.93 1299.04 0
2907.74 1360.9 0
2903.54 1422.76 0
2899.35 1484.62 0
2895.16 1546.48 0
2890.96 1608.34 0
2886.77 1670.2 0
2882.58 1732.06 0
2878.38 1793.91 0
2874.19 1855.77 0
p
11
30
3200 0 0
3199.12 69.9975 0
3198.24 139.995 0
3197.37 209.993 0
3196.49 279.99 0
3195.61 349.988 0
3194.73 419.985 0
3193.86 489.983 0
3192.98 559.98 0
3192.1 629.978 0
3191.22 699.975 0
3190.35 769.973 0
3189.47 839.97 0
3188.59 909.968 0
3187.71 979.966 0
3186.83 1049.96 0
3185.96 1119.96 0
3185.08 1189.96 0
3184.2 1259.96 0
3183.32 1329.95 0
3182.45 1399.95 0
3181.57 1469.95 0
3180.69 1539.95 0
3179.81 1609.94 0
3178.93 1679.94 0
3178.06 1749.94 0
3177.18 1819.94 0
3176.3 1889.93 0
3175.42 1959.93 0
3174.55 2029.93 0
3173.67 2099.93 0
p
12
30
3400 0 0
3401.14 80.8885 0
3402.28 161.777 0
3403.09 242.67 0
3403.5 323.568 0
3403.38 404.469 0
3402.58 485.368 0
3400.98 566.26 0
3398.47 647.134 0
3394.94 727.975 0
3390.27 808.767 0
3384.38 889.487 0
3377.17 970.11 0
3368.57 1050.61 0
3358.51 1130.95 0
3347.48 1211.17 0
3335.55 1291.27 0
3322.94 1371.28 0
3309.84 1451.22 0
3296.46 1531.12 0
3283.01 1611 0
3269.69 1690.9 0
3256.69 1770.85 0
3244.23 1850.88 0
3232.5 1931.01 0
3221.72 2011.27 0
3212.09 2091.65 0
3203.83 2172.17 0
3197.15 2252.82 0
3192.26 2333.59 -4.38231
3189.02 2414.44 -4.38231
p
13
30
3600 0 0
3592.01 59.2756 0
3584.03 118.551 0
3576.04 177.827 0
3568.06 237.103 0
3560.07 296.378 0
3552.08 355.654 0
3544.1 414.93 0
3536.11 474.205 0
3528.12 533.481 0
3520.14 592.756 0
3512.15 652.032 0
3504.17 711.308 0
3496.18 770.583 0
3488.19 829.859 0
3480.21 889.135 0
3472.22 948.41 0
3464.24 1007.69 0
3456.25 1066.96 0
3448.26 1126.24 0
3440.28 1185.51 0
3432.29 1244.79 0
3424.3 1304.06 0
3416.32 1363.34 0
3408.33 1422.62 0
3400.35 1481.89 0
3392.36 1541.17 0
3384.37 1600.44 0
3376.39 1659.72 0
3368.4 1718.99 0
3360.42 1778.27 0
p
14
30
3800 0 0
3780.13 80.9147 0
3760.26 161.829 0
3740.41 242.75 0
3720.6 323.679 0
3700.85 404.621 0
3681.16 485.581 0
3661.58 566.565 0
3642.12 647.579 0
3622.82 728.63 0
3603.7 809.726 0
3584.81 890.876 0
3566.2 972.088 0
3547.91 1053.38 0
3530.01 1134.75 0
3512.26 1216.16 0
3494.63 1297.6 0
3477.02 1379.04 0
3459.33 1460.46 0
3441.48 1541.85 0
3423.36 1623.18 0
3404.87 1704.43 0
3385.93 1785.57 0
3366.44 1866.59 0
3346.29 1947.44 0
3325.41 2028.1 0
3303.7 2108.55 0
3281.06 2188.75 0
3257.42 2268.65 0
3232.69 2348.23 4.38231
3206.99 2427.51 4.38231
p
15
30
4000 0 0
4013.58 67.2327 0
4027.15 134.465 0
4039.98 201.851 0
4051.91 269.408 0
4062.65 337.176 0
4071.93 405.175 0
4079.54 473.403 0
4085.29 541.839 0
4089.04 610.445 0
4090.69 679.166 0
4090.18 747.94 0
4087.48 816.7 0
4082.59 885.374 0
4075.5 953.889 0
4066.14 1022.16 0
4054.27 1090.06 0
4039.4 1157.4 0
4020.83 1223.84 0
3997.83 1288.92 0
3971.51 1352.89 0
3941.98 1415.57 0
3909.78 1477.05 0
3875.52 1537.51 0
3839.86 1597.24 0
3803.52 1656.59 0
3767.19 1715.95 0
3731.56 1775.7 0
3697.32 1836.16 0
3665.07 1897.61 0
3634.85 1960.04 0
p
16
30
4200 0 0
4204.79 71.3358 0
4209.59 142.672 0
4213.71 214.054 0
4217.01 285.487 0
4219.17 356.973 0
4219.91 428.503 0
4218.97 500.052 0
4216.12 571.577 0
4211.16 643.019 0
4203.92 714.304 0
4194.25 785.347 0
4182.04 856.05 0
4167.2 926.309 0
4149.66 996.018 0
4129.4 1065.08 0
4106.46 1133.4 0
4081.02 1200.96 0
4053.33 1267.77 0
4023.7 1333.91 0
3993.15 1399.53 0
3961.27 1464.55 0
3929.18 1529.46 0
3896.46 1594.09 0
3862.96 1658.36 0
3828.37 1722.11 0
3792.3 1785.09 0
3754.28 1846.99 0
3713.78 1907.4 0
3670.43 1965.96 -9.24586
3625.05 2022.84 -9.24586
p
17
30
4400 0 0
4388.43 75.3802 0
4376.86 150.76 0
4365.34 226.145 0
4353.84 301.531 0
4342.32 376.912 0
4330.71 452.278 0
4318.93 527.613 0
4306.85 602.899 0
4294.35 678.114 0
4281.28 753.232 0
4267.52 828.223 0
4252.92 903.054 0
4237.37 977.694 0
4220.79 1052.11 0
4203.11 1126.27 0
4184.28 1200.15 0
4164.23 1273.71 0
4142.79 1346.87 0
4119.67 1419.51 0
4093.38 1491.16 0
4063.44 1561.43 0
4029.25 1629.81 0
3990.38 1695.74 0
3946.67 1758.71 0
3898.25 1818.3 0
3845.5 1874.29 0
3789.03 1926.74 0
3729.6 1976.02 0
3668.19 2023 9.24586
3605.94 2069.14 9.24586
p
18
30
4600 0 0
4597.47 80.7235 0
4594.95 161.447 0
4592.42 242.17 0
4589.89 322.894 0
4587.37 403.617 0
4584.84 484.341 0
4582.31 565.064 0
4579.79 645.788 0
4577.26 726.511 0
4574.73 807.235 0
4572.21 887.958 0
4569.68 968.682 0
4567.15 1049.41 0
4564.63 1130.13 0
4562.1 1210.85 0
4559.57 1291.58 0
4557.05 1372.3 0
4554.52 1453.02 0
4551.99 1533.75 0
4549.47 1614.47 0
4546.94 1695.19 0
4544.41 1775.92 0
4541.89 1856.64 0
4539.36 1937.36 0
4536.83 2018.09 0
4534.31 2098.81 0
4531.78 2179.53 0
4529.25 2260.26 0
4526.73 2340.98 0
4524.2 2421.7 0
p
19
30
4800 0 0
4795.18 71.3492 0
4790.36 142.698 0
4785.53 214.048 0
4780.71 285.397 0
4775.89 356.746 0
4771.07 428.095 0
4766.25 499.445 0
4761.42 570.794 0
4756.6 642.143 0
4751.78 713.492 0
4746.96 784.842 0
4742.13 856.191 0
4737.31 927.54 0
4732.49 998.889 0
4727.67 1070.24 0
4722.85 1141.59 0
4718.02 1212.94 0
4713.2 1284.29 0
4708.38 1355.64 0
4703.56 1426.98 0
4698.74 1498.33 0
4693.91 1569.68 0
4689.09 1641.03 0
4684.27 1712.38 0
4679.45 1783.73 0
4674.62 1855.08 0
4669.8 1926.43 0
4664.98 1997.78 0
4660.16 2069.13 0
4655.34 2140.48 0
p
20
30
5000 0 0
4996.63 61.762 0
4993.26 123.524 0
4989.88 185.286 0
4986.51 247.048 0
4983.14 308.81 0
4979.77 370.572 0
4976.4 432.334 0
4973.03 494.096 0
4969.65 555.858 0
4966.28 617.62 0
4962.91 679.382 0
4959.54 741.144 0
4956.17 802.906 0
4952.79 864.669 0
4949.42 926.431 0
4946.05 988.193 0
4942.68 1049.95 0
4939.31 1111.72 0
4935.94 1173.48 0
4932.56 1235.24 0
4929.19 1297 0
4925.82 1358.76 0
4922.45 1420.53 0
4919.08 1482.29 0
4915.7 1544.05 0
4912.33 1605.81 0
4908.96 1667.58 0
4905.59 1729.34 0
4902.22 1791.1 0
4898.85 1852.86 0
p
21
30
5200 0 0
5193.48 74.9009 0
5186.96 149.802 0
5180.44 224.703 0
5173.91 299.604 0
5167.39 374.504 0
5160.87 449.405 0
5154.35 524.306 0
5147.83 599.207 0
5141.31 674.108 0
5134.79 749.009 0
5128.27 823.91 0
5121.74 898.811 0
5115.22 973.712 0
5108.7 1048.61 0
5102.18 1123.51 0
5095.66 1198.41 0
5089.14 1273.32 0
5082.62 1348.22 0
5076.1 1423.12 0
5069.57 1498.02 0
5063.05 1572.92 0
5056.53 1647.82 0
5050.01 1722.72 0
5043.49 1797.62 0
5036.97 1872.52 0
5030.45 1947.42 0
5023.93 2022.32 0
5017.4 2097.22 0
5010.88 2172.13 0
5004.36 2247.03 0
p
22
30
5400 0 0
5399.83 78.7383 0
5399.67 157.477 0
5397.72 236.196 0
5393.41 314.842 0
5387.89 393.432 0
5381.05 471.941 0
5373.66 550.405 0
5366.5 628.875 0
5360.64 707.417 0
5357.4 786.063 0
5358.31 864.729 0
5365.01 943.098 0
5378.97 1020.54 0
5401.03 1096.16 0
5430.5 1169.34 0
5464.88 1240.47 0
5501.08 1310.78 0
5536.79 1381.37 0
5569.07 1453.46 0
5595.32 1527.77 0
5613.4 1604.3 0
5622.44 1682.29 0
5624.11 1760.67 0
5619.22 1838.92 0
5608.85 1916.67 0
5594.29 1993.78 0
5577.46 2070.46 0
5560.78 2147.16 0
5546.12 2224.32 0
5532.67 2301.94 0
p
23
30
5600 0 0
5605.36 73.0045 0
5610.71 146.009 0
5615.63 219.063 0
5620.06 292.164 0
5624.3 365.282 0
5628.35 438.423 0
5632.13 511.589 0
5635.71 584.779 0
5639.11 657.996 0
5642.36 731.243 0
5645.46 804.528 0
5648.41 877.864 0
5651.15 951.283 0
5653.37 1024.85 0
5654.25 1098.7 0
5653.51 1172.87 0
5651.11 1247.31 0
5650.61 1321.74 0
5650.99 1396.19 0
5652.15 1470.6 0
5653.51 1545 0
5653.92 1619.52 0
5654.61 1694.2 0
5654.29 1769.12 0
5652.45 1844.21 0
5648.06 1919.31 0
5640.11 1994.12 0
5626.62 2067.97 0
5603.94 2139.34 14.6243
5570.38 2205.91 14.6243
p
24
30
5800 0 0
5786.81 81.4783 0
5773.61 162.957 0
5760.76 244.489 0
5748.51 326.118 0
5736.72 407.81 0
5725.74 489.615 0
5715.92 571.571 0
5707.73 653.714 0
5701.77 736.065 0
5698.83 818.608 0
5699.88 901.251 0
5706.12 983.756 0
5718.93 1065.65 0
5739.71 1146.13 0
5768.96 1224.25 0
5805.16 1299.72 0
5845.47 1373.29 0
5884.07 1447.8 0
5917 1524.76 0
5939.66 1604.97 0
5948.13 1687.51 0
5940.2 1769.82 0
5916.12 1848.87 0
5877.13 1921.9 0
5826.54 1987.79 0
5768.47 2047.61 0
5707.17 2104.43 0
5646.97 2162.51 -26.2574
5590.68 2224.34 -26.2574
5534.44 2286.49 -26.2574
p
25
30
6000 0 0
5999.52 83.0782 0
5999.05 166.156 0
5998.65 249.227 0
5998.39 332.292 0
5998.15 415.362 0
5997.92 498.432 0
5997.68 581.503 0
5997.4 664.573 0
5997.03 747.642 0
5996.55 830.711 0
5995.93 913.779 0
5995.13 996.846 0
5994.11 1079.91 0
5992.86 1162.97 0
5991.34 1246.03 0
5989.52 1329.09 0
5987.37 1412.14 0
5984.87 1495.19 0
5981.99 1578.22 0
5978.74 1661.25 0
5975.21 1744.3 0
5971.36 1827.35 0
5967.45 1910.37 0
5963.53 1993.39 0
5959.62 2076.41 0
5955.7 2159.44 0
5951.79 2242.46 0
5947.87 2325.48 0
5943.96 2408.51 0
5940.04 2491.53 0
p
26
30
6200 0 0
6204.56 73.961 0
6209.11 147.922 0
6213.67 221.883 0
6218.23 295.844 0
6222.78 369.805 0
6227.34 443.766 0
6231.9 517.727 0
6236.46 591.688 0
6241.01 665.649 0
6245.57 739.61 0
6250.13 813.571 0
6254.68 887.532 0
6259.24 961.493 0
6263.8 1035.45 0
6268.35 1109.42 0
6272.91 1183.38 0
6277.47 1257.34 0
6282.02 1331.3 0
6286.58 1405.26 0
6291.14 1479.22 0
6295.69 1553.18 0
6300.25 1627.14 0
6304.81 1701.1 0
6309.37 1775.06 0
6313.92 1849.03 0
6318.48 1922.99 0
6323.04 1996.95 0
6327.59 2070.91 0
6332.15 2144.87 0
6336.71 2218.83 0
p
27
30
6400 0 0
6403.32 72.0845 0
6406.65 144.169 0
6410.83 216.209 0
6415.2 288.243 0
6419.96 360.259 0
6425.1 432.257 0
6430.61 504.238 0
6436.47 576.204 0
6442.67 648.153 0
6449.19 720.088 0
6456.02 792.008 0
6463.15 863.915 0
6470.55 935.809 0
6478.23 1007.69 0
6486.15 1079.56 0
6494.32 1151.42 0
6502.71 1223.27 0
6511.31 1295.11 0
6520.11 1366.94 0
6529.09 1438.76 0
6538.24 1510.57 0
6547.54 1582.38 0
6556.98 1654.18 0
6566.55 1725.97 0
6576.22 1797.76 0
6585.92 1869.55 0
6595.63 1941.34 -13.701
6605.34 2013.13 -13.701
6615.05 2084.92 -13.701
6624.76 2156.71 -13.701
p
28
30
6600 0 0
6596.99 59.6795 0
6593.99 119.359 0
6591.66 179.08 0
6589.48 238.805 0
6587.62 298.546 0
6586.06 358.303 0
6584.78 418.073 0
6583.79 477.858 0
6583.07 537.656 0
6582.6 597.468 0
6582.37 657.291 0
6582.38 717.126 0
6582.6 776.972 0
6583.04 836.829 0
6583.68 896.696 0
6584.5 956.573 0
6585.5 1016.46 0
6586.67 1076.35 0
6587.98 1136.25 0
6589.44 1196.16 0
6591.03 1256.08 0
6592.74 1316 0
6594.55 1375.92 0
6596.46 1435.85 0
6598.45 1495.79 0
6600.52 1555.73 0
6602.65 1615.67 0
6604.83 1675.61 0
6607.04 1735.56 0
6609.28 1795.51 0
p
29
30
6800 0 0
6793.02 77.5656 0
6786.04 155.131 0
6779.06 232.697 0
6772.09 310.262 0
6765.11 387.828 0
6758.13 465.393 0
6751.15 542.959 0
6744.17 620.525 0
6737.19 698.09 0
6730.21 775.656 0
6723.24 853.221 0
6716.26 930.787 0
6709.28 1008.35 0
6702.3 1085.92 0
6695.32 1163.48 0
6688.34 1241.05 0
6681.37 1318.61 0
6674.39 1396.18 0
6667.41 1473.75 0
6660.43 1551.31 0
6653.45 1628.88 0
6646.47 1706.44 0
6639.49 1784.01 0
6632.52 1861.57 0
6625.54 1939.14 13.701
6618.56 2016.7 13.701
6611.58 2094.27 13.701
6604.6 2171.84 13.701
6597.62 2249.4 13.701
6590.64 2326.97 0
p
30
30
7000 0 0
6997.35 68.6397 0
6994.71 137.279 0
6992.06 205.919 0
6989.42 274.559 0
6986.77 343.198 0
6984.13 411.838 0
6981.48 480.478 0
6978.84 549.117 0
6976.19 617.757 0
6973.55 686.397 0
6970.9 755.036 0
6968.26 823.676 0
6965.61 892.316 0
6962.96 960.955 0
6960.32 1029.6 0
6957.67 1098.23 0
6955.03 1166.87 0
6952.38 1235.51 0
6949.74 1304.15 0
6947.09 1372.79 0
6944.45 1441.43 0
6941.8 1510.07 0
6939.16 1578.71 0
6936.51 1647.35 0
6933.87 1715.99 0
6931.22 1784.63 0
6928.58 1853.27 0
6925.93 1921.91 0
6923.28 1990.55 0
6920.64 2059.19 0
p
31
30
7200 0 0
7195 85.3831 0
7190 170.766 0
7184.99 256.149 0
7179.99 341.532 0
7174.99 426.915 0
7169.99 512.298 0
7164.98 597.682 0
7159.98 683.065 0
7154.98 768.448 0
7149.98 853.831 0
7144.97 939.214 0
7139.97 1024.6 0
7134.97 1109.98 0
7129.97 1195.36 0
7124.96 1280.75 0
7119.96 1366.13 0
7114.96 1451.51 0
7109.96 1536.9 0
7104.95 1622.28 0
7099.95 1707.66 0
7094.95 1793.04 0
7089.95 1878.43 0
7084.94 1963.81 0
7079.94 2049.19 0
7074.94 2134.58 0
7069.94 2219.96 0
7064.93 2305.34 0
7059.93 2390.73 0
7054.93 2476.11 0
7049.93 2561.49 0
p
32
30
7400 0 0
7390.21 77.7969 0
7380.42 155.594 0
7370.62 233.391 0
7360.83 311.188 0
7351.04 388.984 0
7341.25 466.781 0
7331.45 544.578 0
7321.66 622.375 0
7311.87 700.172 0
7302.08 777.969 0
7292.28 855.766 0
7282.49 933.563 0
7272.7 1011.36 0
7262.91 1089.16 0
7253.11 1166.95 0
7243.32 1244.75 0
7233.53 1322.55 0
7223.74 1400.34 0
7213.95 1478.14 0
7204.15 1555.94 0
7194.36 1633.73 0
7184.57 1711.53 0
7174.78 1789.33 0
7164.98 1867.13 0
7155.19 1944.92 0
7145.4 2022.72 0
7135.61 2100.52 0
7125.81 2178.31 0
7116.02 2256.11 0
7106.23 2333.91 0
p
33
30
7600 0 0
7594.98 70.6096 0
7589.96 141.219 0
7584.94 211.829 0
7579.92 282.438 0
7574.9 353.048 0
7569.88 423.658 0
7564.86 494.267 0
7559.84 564.877 0
7554.82 635.486 0
7549.8 706.096 0
7544.78 776.706 0
7539.75 847.315 0
7534.73 917.925 0
7529.71 988.534 0
7524.69 1059.14 0
7519.67 1129.75 0
7514.65 1200.36 0
7509.63 1270.97 0
7504.61 1341.58 0
7499.59 1412.19 0
7494.57 1482.8 0
7489.55 1553.41 0
7484.53 1624.02 0
7479.51 1694.63 0
7474.49 1765.24 0
7469.47 1835.85 0
7464.45 1906.46 0
7459.43 1977.07 0
7454.41 2047.68 0
7449.39 2118.29 0
p
34
30
7800 0 0
7810.86 72.924 0
7821.73 145.848 0
7832.47 218.838 0
7842.93 291.92 0
7853.14 365.103 0
7863.13 438.266 0
7872.82 511.472 0
7882.15 584.727 0
7891.04 658.043 0
7899.37 731.434 0
7906.98 804.917 0
7913.66 878.51 0
7919.15 952.231 0
7923.15 1026.09 0
7925.25 1100.1 0
7924.98 1174.24 0
7922.4 1248.43 13.5151
7920.08 1322.68 13.5151
7921.1 1396.71 13.5151
7926.44 1470.27 13.5151
7935.17 1543.4 13.5151
7946.26 1616.21 13.5151
7959.39 1688.71 13.5151
7974.3 1760.96 13.5151
7990.18 1833.03 13.5151
8006.21 1905.07 0
8022.23 1977.1 0
8038.26 2049.14 0
8054.29 2121.17 0
8070.32 2193.21 0
p
35
30
8000 0 0
8014.43 88.0663 0
8028.87 176.133 0
8048.01 263.294 0
8072.41 349.177 0
8101.02 433.684 0
8122.05 520.356 0
8131.75 608.945 0
8127.04 698.162 0
8109.85 786.269 0
8089.1 874.052 -13.5151
8061.99 960.438 -13.5151
8030.13 1045.74 -13.5151
7996.46 1130.7 -13.5151
7964.34 1216.27 -13.5151
7938.02 1303.4 -13.5151
7921.72 1392.39 -13.5151
7917.76 1482.43 -13.5151
7926.54 1571.88 -13.5151
7948.24 1658.88 -13.5151
7983.05 1741.37 -13.5151
8030.63 1817.37 -13.5151
8090.29 1884.74 0
8160.11 1942.2 0
8237.95 1989.26 0
8321.45 2026.71 0
8408.76 2055.78 0
8498.32 2078.54 0
8588.91 2097.65 0
8679.82 2115.23 0
8771.35 2130.47 0
p
36
30
8200 0 0
8191.55 81.891 0
8183.1 163.782 0
8179.07 246.22 0
8179.06 328.935 0
8183.5 411.772 0
8187.03 494.75 0
8188.15 578.029 0
8183.28 661.316 0
8169.42 743.477 0
8147.3 823.795 0
8113.21 900.332 13.5151
8077.33 976.521 13.5151
8043.65 1053.89 13.5151
8014.78 1133.17 13.5151
7993.8 1214.68 13.5151
7982.34 1297.9 0
7979.11 1381.89 0
7986.12 1465.52 0
8005.43 1546.97 0
8037.68 1624.08 0
8082.42 1694.76 0
8138.27 1757.43 0
8203.34 1811.22 0
8275.51 1856.06 0
8350.55 1896.59 0
8426.64 1935.35 0
8501.58 1976 26.5847
8574.3 2020.28 26.5847
8648.28 2062.64 26.5847
8725.67 2099.46 26.5847
p
37
30
8400 0 0
8408.38 73.9285 0
8416.77 147.857 0
8424.71 221.828 0
8431.66 295.901 0
8436.73 370.138 0
8437.78 444.601 0
8432.61 519.045 0
8418.17 592.608 0
8389.65 662.758 0
8355.35 730.831 0
8316.9 797.37 0
8277.63 863.695 0
8241.01 931.335 0
8210.34 1001.35 0
8187.97 1073.78 0
8176.02 1148.01 0
8175.62 1222.73 0
8186.95 1296.35 0
8209.2 1367.48 0
8240.72 1435.26 0
8279.29 1499.66 0
8322.35 1561.49 0
8367.1 1622.26 0
8410.64 1683.82 0
8449.86 1747.91 0
8484.11 1814.67 -27.2951
8521.1 1880.13 -27.2951
8562.89 1942.54 -27.2951
8606.05 2004.13 -27.2951
8649.58 2065.58 0
p
38
30
8600 0 0
8602.65 59.1882 0
8605.3 118.376 0
8607.03 177.653 0
8607.54 237.015 0
8605.84 296.493 0
8602.22 355.971 0
8596.91 415.453 0
8589.43 474.885 0
8582.79 534.722 0
8576 594.456 0
8569.06 654.191 0
8562.27 713.963 0
8555.65 773.761 0
8549.23 833.578 0
8542.98 893.411 0
8536.87 953.263 0
8530.82 1013.14 0
8524.77 1073.05 0
8518.63 1132.98 0
8512.33 1192.94 0
8505.84 1252.92 0
8499.19 1312.9 0
8492.55 1372.88 0
8486.29 1432.87 0
8481.13 1492.91 0
8478.34 1553.03 0
8479.21 1613.15 -27.2951
8483.29 1673.22 -27.2951
8491.22 1732.82 -27.2951
8504.31 1791.08 -27.2951
p
39
30
8800 0 0
8796.69 69.8884 0
8793.37 139.777 0
8792.28 209.747 0
8794.3 279.735 0
8800.89 349.516 0
8809.66 419.083 0
8818.97 488.552 0
8825.88 558.192 0
8828.26 627.956 0
8825.67 697.734 0
8817.18 767.029 0
8802.66 835.383 0
8782.54 902.442 0
8757.64 968.072 0
8729.11 1032.4 0
8698.28 1095.81 0
8666.57 1158.85 0
8635.36 1222.1 0
8605.94 1286.08 0
8579.4 1351.12 0
8556.54 1417.37 0
8537.79 1484.72 0
8523.14 1552.97 0
8512.34 1621.79 0
8505.93 1691.07 0
8505.9 1760.68 0
8512.67 1830.3 0
8524.67 1899.53 0
8541.72 1967.97 0
8560.22 2036.1 0
p
40
30
9000 0 0
8997.15 76.1759 0
8994.31 152.352 0
8991.46 228.528 0
8988.62 304.704 0
8985.77 380.879 0
8982.93 457.055 0
8980.08 533.231 0
8977.24 609.407 0
8974.39 685.583 0
8971.55 761.759 0
8968.7 837.935 0
8965.86 914.111 0
8963.01 990.287 0
8960.16 1066.46 0
8957.32 1142.64 0
8954.47 1218.81 0
8951.63 1294.99 0
8948.78 1371.17 0
8945.94 1447.34 0
8943.09 1523.52 0
8940.25 1599.69 0
8937.4 1675.87 0
8934.56 1752.05 0
8931.71 1828.22 0
8928.87 1904.4 0
8926.02 1980.57 0
8923.17 2056.75 0
8920.33 2132.93 0
8917.48 2209.1 0
8914.64 2285.28 0
p
41
30
9200 0 0
9191.12 96.876 0
9182.25 193.752 0
9173.37 290.628 0
9164.49 387.504 0
9155.61 484.38 0
9146.74 581.256 0
9137.86 678.132 0
9128.98 775.008 0
9120.1 871.884 0
9111.23 968.76 0
9102.35 1065.64 0
9093.47 1162.51 0
9084.59 1259.39 0
9075.72 1356.26 0
9066.84 1453.14 0
9057.96 1550.02 0
9049.08 1646.89 0
9040.21 1743.77 0
9031.33 1840.64 0
9022.45 1937.52 0
9013.57 2034.4 0
9004.7 2131.27 0
8995.82 2228.15 0
8986.94 2325.02 0
8978.06 2421.9 0
8969.19 2518.78 0
8960.31 2615.65 0
8951.43 2712.53 0
8942.55 2809.4 0
8933.68 2906.28 0
p
42
30
9400 0 0
9398.59 80.3477 0
9397.17 160.695 0
9395.76 241.043 0
9394.34 321.391 0
9392.93 401.738 0
9391.52 482.086 0
9390.1 562.434 0
9388.69 642.781 0
9387.28 723.129 0
9385.86 803.477 0
9384.45 883.824 0
9383.03 964.172 0
9381.62 1044.52 0
9380.21 1124.87 0
9378.79 1205.21 0
9377.38 1285.56 0
9375.97 1365.91 0
9374.55 1446.26 0
9373.14 1526.61 0
9371.72 1606.95 0
9370.31 1687.3 0
9368.9 1767.65 0
9367.48 1848 0
9366.07 1928.34 0
9364.66 2008.69 0
9363.24 2089.04 0
9361.83 2169.39 0
9360.41 2249.73 0
9359 2330.08 0
9357.59 2410.43 0
p
43
30
9600 0 0
9601.1 80.0257 0
9602.2 160.051 0
9599 240.093 0
9592.1 319.966 0
9584.39 399.879 0
9576.22 479.848 0
9568.04 559.882 0
9560.77 640.02 0
9555.14 720.271 0
9551.81 800.595 0
9551.3 880.922 0
9554.07 961.142 0
9560.44 1041.12 0
9570.58 1120.71 0
9584.57 1199.77 0
9602.33 1278.15 0
9623.65 1355.78 0
9648.19 1432.6 0
9675.5 1508.64 0
9704.98 1584 0
9735.98 1658.86 0
9767.69 1733.47 0
9799.28 1808.15 0
9829.81 1883.25 0
9858.63 1959.01 -4.45504
9885.77 2035.52 -4.45504
9909.52 2113.27 -13.1802
9930.75 2191.83 -13.1802
9951.43 2270.55 -13.1802
9972.11 2349.27 -13.1802
p
44
30
9800 0 0
9794.01 65.9486 0
9788.02 131.897 0
9783.83 198.075 0
9783.02 264.506 0
9783.45 330.933 0
9785.58 397.383 0
9789.07 463.811 0
9793.73 530.19 0
9798.84 596.542 0
9804.24 662.875 0
9809.68 729.204 0
9815.01 795.547 0
9820.11 861.92 0
9824.9 928.335 0
9829.36 994.803 0
9833.49 1061.33 0
9837.31 1127.92 0
9840.88 1194.58 0
9844.25 1261.3 0
9847.5 1328.08 0
9850.73 1394.91 0
9854.03 1461.77 0
9857.53 1528.65 0
9861.35 1595.53 0
9865.65 1662.38 0
9870.57 1729.18 0
9876.3 1795.9 0
9883.02 1862.51 0
9890.95 1928.97 4.45504
9900.03 1995.3 4.45504
p
45
30
10000 0 0
9999.71 75.9636 0
9999.41 151.927 0
9999.37 227.808 0
9999.75 303.658 0
10000.3 379.545 0
10001.1 455.431 0
10002 531.316 0
10003 607.201 0
10004 683.086 0
10005.1 758.971 0
10006 834.857 0
10006.7 910.744 0
10007.2 986.632 0
10007.4 1062.52 0
10007.2 1138.41 0
10006.6 1214.3 0
10005.5 1290.19 0
10003.8 1366.08 0
10001.5 1441.96 0
9998.7 1517.83 0
9995.23 1593.7 0
9991.15 1669.55 0
9986.46 1745.38 0
9981.21 1821.19 0
9975.43 1896.98 0
9969.2 1972.75 0
9962.61 2048.5 0
9955.78 2124.23 13.1802
9948.77 2199.99 13.1802
9941.54 2275.75 13.1802
p
46
30
10200 0 0
10200.2 64.5359 0
10200.4 129.072 0
10200.6 193.608 0
10200.9 258.143 0
10201.1 322.679 0
10201.3 387.215 0
10201.5 451.751 0
10201.7 516.287 0
10201.9 580.823 0
10202.1 645.359 0
10202.3 709.894 0
10202.6 774.43 0
10202.8 838.966 0
10203 903.502 0
10203.2 968.038 0
10203.4 1032.57 0
10203.6 1097.11 0
10203.8 1161.65 0
10204 1226.18 0
10204.3 1290.72 0
10204.5 1355.25 0
10204.7 1419.79 0
10204.9 1484.32 0
10205.1 1548.86 0
10205.3 1613.4 0
10205.5 1677.93 0
10205.7 1742.47 0
10206 1807 0
10206.2 1871.54 0
10206.4 1936.08 0
p
47
30
10400 0 0
10398.5 76.3304 0
10397 152.661 0
10395.5 228.991 0
10394 305.322 0
10392.5 381.652 0
10391 457.983 0
10389.5 534.313 0
10388 610.644 0
10386.5 686.974 0
10385 763.304 0
10383.5 839.635 0
10382 915.965 0
10380.5 992.296 0
10379 1068.63 0
10377.5 1144.96 0
10376 1221.29 0
10374.5 1297.62 0
10373 1373.95 0
10371.5 1450.28 0
10370 1526.61 0
10368.5 1602.94 0
10367 1679.27 0
10365.5 1755.6 0
10364 1831.93 0
10362.4 1908.26 0
10360.9 1984.59 0
10359.4 2060.92 0
10357.9 2137.25 0
10356.4 2213.58 0
10354.9 2289.91 0
p
48
30
10600 0 0
10598.5 77.5357 0
10597.1 155.071 0
10595.5 232.606 0
10593.9 310.138 0
10592 387.667 0
10590.1 465.191 0
10587.8 542.71 0
10585.4 620.221 0
10582.6 697.723 0
10579.4 775.212 0
10575.9 852.686 0
10572 930.141 0
10567.7 1007.57 0
10562.8 1084.98 0
10557.7 1162.37 0
10552.3 1239.73 0
10546.6 1317.09 0
10540.9 1394.43 0
10535.1 1471.78 0
10529.3 1549.12 0
10523.5 1626.47 0
10518 1703.83 0
10512.7 1781.21 0
10507.7 1858.6 0
10503.1 1936.02 0
10498.9 2013.46 0
10495.3 2090.93 0
10492.3 2168.42 0
10490 2245.94 0
10488.3 2323.47 0
p
49
30
10800 0 0
10789.5 77.9168 0
10778.9 155.834 0
10768.5 233.757 0
10758.1 311.69 0
10747.7 389.635 0
10737.5 467.595 0
10727.5 545.574 0
10717.6 623.575 0
10707.9 701.6 0
10698.4 779.653 0
10689.2 857.735 0
10680.2 935.85 0
10671.6 1014 0
10663.2 1092.18 0
10655.1 1170.39 0
10647.1 1248.61 0
10639.2 1326.84 0
10631.4 1405.08 0
10623.6 1483.32 0
10615.7 1561.55 0
10607.7 1639.77 0
10599.5 1717.97 0
10591.1 1796.15 0
10582.4 1874.29 0
10573.4 1952.4 0
10564 2030.46 0
10554.1 2108.46 0
10543.7 2186.39 0
10532.7 2264.25 0
10521.2 2342.03 0
p
50
30
11000 0 0
10988.3 83.5033 0
10976.7 167.007 0
10965 250.51 0
10953.3 334.013 0
10941.6 417.516 0
10930 501.02 0
10918.3 584.523 0
10906.6 668.026 0
10894.9 751.529 0
10883.3 835.033 0
10871.6 918.536 0
10859.9 1002.04 0
10848.2 1085.54 0
10836.6 1169.05 0
10824.9 1252.55 0
10813.2 1336.05 0
10801.6 1419.56 0
10789.9 1503.06 0
10778.2 1586.56 0
10766.5 1670.07 0
10754.9 1753.57 0
10743.2 1837.07 0
10731.5 1920.58 0
10719.8 2004.08 0
10708.2 2087.58 0
10696.5 2171.09 0
10684.8 2254.59 0
10673.1 2338.09 0
10661.5 2421.6 0
10649.8 2505.1 0
p
51
30
11200 0 0
11210.7 78.9049 0
11221.3 157.81 0
11232 236.708 0
11242.8 315.596 0
11253.7 394.469 0
11264.7 473.322 0
11275.9 552.148 0
11287.4 630.939 0
11299.1 709.688 0
11311.1 788.385 0
11323.6 867.021 0
11336.5 945.594 0
11349.8 1024.09 0
11363.6 1102.52 0
11377.8 1180.85 0
11392.7 1259.09 0
11408 1337.22 0
11424 1415.25 0
11440.5 1493.16 0
11457.6 1570.94 0
11475.4 1648.59 0
11493.7 1726.1 0
11512.7 1803.47 0
11532.4 1880.68 0
11552.7 1957.73 0
11573.6 2034.62 0
11595.2 2111.35 0
11617.4 2187.91 0
11640.2 2264.32 -1.62941
11663.2 2340.66 -1.62941
p
52
30
11400 0 0
11402.6 77.5424 0
11405.1 155.085 0
11408 232.62 0
11411.1 310.144 0
11414.7 387.651 0
11418.9 465.135 0
11423.6 542.587 0
11429.1 619.999 0
11435.3 697.358 0
11442.3 774.651 0
11450.2 851.865 0
11458.8 929.019 0
11467.8 1006.12 0
11477.5 1083.15 0
11487.7 1160.12 0
11498.3 1237.03 0
11509.4 1313.89 0
11520.9 1390.69 0
11532.8 1467.44 0
11545 1544.14 0
11557.6 1620.79 0
11570.5 1697.4 0
11583.7 1773.95 0
11597.1 1850.46 0
11610.9 1926.92 0
11624.9 2003.34 0
11639.2 2079.72 0
11653.7 2156.05 0
11668.4 2232.33 1.62941
11683.5 2308.55 1.62941
p
53
30
11600 0 0
11593.5 76.7052 0
11587 153.41 0
11580.8 230.143 0
11575 306.907 0
11569.8 383.714 0
11565.3 460.57 0
11561.7 537.477 0
11559.1 614.432 0
11557.7 691.426 0
11557.7 768.443 0
11559.1 845.46 0
11561.9 922.455 0
11566 999.404 0
11571.2 1076.3 0
11577.5 1153.13 0
11584.8 1229.89 0
11592.9 1306.59 0
11601.6 1383.23 0
11610.9 1459.81 0
11620.7 1536.34 0
11630.7 1612.84 0
11641 1689.32 0
11651.3 1765.79 0
11661.6 1842.27 0
11671.7 1918.77 0
11681.5 1995.31 0
11690.8 2071.89 0
11699.6 2148.53 0
11707.7 2225.23 0
11715.2 2301.98 0
p
54
30
11800 0 0
11801.5 78.8329 0
11803 157.666 0
11803.6 236.511 0
11802.8 315.361 0
11800.1 394.184 0
11794.8 472.906 0
11786.3 551.4 0
11774.2 629.484 0
11758.5 706.993 0
11740.8 784.134 0
11722.9 861.321 0
11706.5 938.901 0
11689.5 1016.36 0
11674.8 1094.25 0
11662.8 1172.59 0
11654.8 1251.35 0
11651.7 1330.4 0
11654.6 1409.38 0
11664.2 1487.81 0
11681.1 1565.01 0
11705.5 1640.26 0
11736.6 1713.17 0
11773.7 1783.36 0
11816.2 1850.74 0
11862.9 1915.52 0
11912.7 1978.19 0
11964.5 2039.48 0
12017 2100.27 0
12069.4 2161.19 0
12121.7 2222.25 0
p
55
30
12000 0 0
11985.3 69.2723 0
11970.6 138.545 0
11956.6 207.982 0
11943.4 277.592 0
11931 347.396 0
11919.5 417.374 0
11908.3 487.438 0
11898.1 557.733 0
11889.7 628.524 0
11886 700.444 0
11884.6 772.835 0
11884.4 845.576 0
11884 918.493 0
11882.5 991.421 0
11880.6 1064.25 0
11879.1 1136.88 0
11878.8 1209.25 0
11880.9 1281.35 0
11886 1353.16 -6.45217
11893 1424.86 -6.45217
11902.4 1496.41 -6.45217
11912.7 1567.96 -6.45217
11924.4 1639.47 -6.45217
11937.7 1710.87 0
11953 1782.05 0
11970.2 1852.89 0
11989.4 1923.25 0
12011.2 1992.71 0
12037.6 2060.41 16.9861
12069.8 2125.3 16.9861
p
56
30
12200 0 0
12198.3 79.4764 0
12196.7 158.953 0
12195.5 238.419 0
12194.5 317.871 0
12192.7 397.292 0
12189 476.633 0
12181.6 555.721 0
12168 634.075 0
12144.6 710.287 0
12113 783.492 0
12077.1 854.89 0
12040.4 925.942 0
12004.5 997.428 0
11972.5 1070.52 0
11946.5 1145.66 0
11928.2 1222.73 0
11918.2 1301.11 0
11916.4 1379.93 6.45217
11921.8 1458.6 6.45217
11933.4 1536.7 6.45217
11950.2 1614.02 6.45217
11971.1 1690.54 0
11995 1766.35 0
12020.1 1841.79 0
12044.6 1917.38 0
12066.6 1993.59 0
12084.5 2070.75 -29.7323
12096.9 2149.06 -29.7323
12107.7 2227.93 -29.7323
12118.5 2306.83 -29.7323
p
57
30
12400 0 0
12389.7 70.2018 0
12379.3 140.404 0
12368.8 210.581 0
12358 280.721 0
12346.8 350.808 0
12335.2 420.821 0
12322.9 490.737 0
12309.9 560.52 0
12296.5 630.31 0
12284 700.44 0
12272.4 770.845 0
12260.6 841.314 0
12249.1 911.748 0
12237.3 982.138 0
12225.2 1052.5 0
12213 1122.84 0
12200.8 1193.16 0
12188.7 1263.5 0
12176.9 1333.88 0
12165.5 1404.34 0
12154.8 1474.91 0
12145.1 1545.61 0
12136.5 1616.47 0
12129.4 1687.5 0
12123.9 1758.68 0
12120.1 1829.99 0
12118.1 1901.39 0
12117.7 1972.85 0
12118.2 2044.34 0
12119 2115.82 0
p
58
30
12600 0 0
12604.9 82.7337 0
12609.9 165.467 0
12614.5 248.214 0
12618.9 330.975 0
12622.9 413.754 0
12626.7 496.54 0
12630.5 579.327 0
12634.4 662.108 0
12638.6 744.872 0
12643.4 827.603 0
12649 910.283 0
12655.7 992.884 0
12663.6 1075.37 0
12673.1 1157.71 0
12684.2 1239.85 0
12697 1321.74 0
12711.8 1403.32 0
12728.7 1484.53 0
12747.6 1565.29 0
12768.7 1645.56 0
12792 1725.26 0
12817.8 1804.22 0
12846.2 1882.33 0
12877.3 1959.47 0
12911.1 2035.53 0
12947.5 2110.44 0
12986.3 2184.17 0
13027.4 2256.72 0
13070.5 2328.12 13.0258
13115.4 2398.49 13.0258
p
59
30
12800 0 0
12789.4 79.0892 0
12778.9 158.178 0
12769.2 237.387 0
12760.6 316.726 0
12753.4 396.221 0
12747.6 475.849 0
12743.5 555.6 0
12741.2 635.445 0
12740.7 715.344 0
12742.2 795.255 0
12745.6 875.132 0
12751 954.929 0
12758.2 1034.6 0
12767.3 1114.11 0
12778.1 1193.43 0
12790.7 1272.52 0
12805 1351.34 0
12821 1429.85 0
12838.9 1508 0
12858.8 1585.71 0
12880.8 1662.86 0
12904 1739.7 0
12928.4 1816.22 0
12953.6 1892.47 0
12979.6 1968.51 0
13006 2044.38 0
13032.8 2120.15 0
13059.6 2195.88 -13.0258
13086.3 2271.69 -13.0258
13112.2 2347.73 -13.0258
p
60
30
13000 0 0
13002.7 78.2197 0
13005.3 156.439 0
13008 234.657 0
13010.8 312.872 0
13013.7 391.082 0
13016.7 469.289 0
13019.7 547.493 0
13022.9 625.694 0
13026.2 703.891 0
13029.5 782.084 0
13033 860.273 0
13036.5 938.458 0
13040.1 1016.64 0
13043.9 1094.82 0
13047.7 1172.99 0
13051.6 1251.16 0
13055.6 1329.32 0
13059.7 1407.49 0
13063.9 1485.64 0
13068.2 1563.8 0
13072.5 1641.94 0
13077 1720.09 0
13081.5 1798.23 0
13086.2 1876.36 0
13090.9 1954.49 0
13095.7 2032.62 0
13100.6 2110.74 0
13105.5 2188.86 13.0258
13110.6 2266.97 13.0258
13115.8 2345.07 13.0258
p
61
30
13200 0 0
13206.8 72.1153 0
13213.5 144.231 0
13220.3 216.338 0
13227.1 288.433 0
13234.2 360.501 0
13241.9 432.523 0
13249.9 504.479 0
13258.7 576.35 0
13268.2 648.106 0
13278.7 719.712 0
13290.5 791.121 0
13303.6 862.277 0
13318.1 933.116 0
13334.2 1003.57 0
13351.7 1073.61 0
13369.8 1143.39 0
13387.9 1213.24 0
13405.5 1283.23 0
13422 1353.46 0
13437 1424.03 0
13450.2 1494.95 0
13461.3 1566.21 0
13470.5 1637.76 0
13477.9 1709.52 0
13484 1781.41 0
13489.1 1853.44 -28.1215
13491.5 1925.56 -28.1215
13485.7 1997.8 -28.1215
13468.4 2068.85 -28.1215
13447.5 2139.23 -28.1215
p
62
30
13400 0 0
13398.7 70.1449 0
13397.3 140.29 0
13396.7 210.462 0
13396.8 280.647 0
13397.8 350.836 0
13399.8 421.014 0
13402.8 491.181 0
13407 561.317 0
13412.1 631.411 0
13418.2 701.459 0
13425.2 771.465 0
13432.8 841.443 0
13441.1 911.415 0
13449.8 981.435 0
13458.7 1051.62 0
13465.9 1122.31 0
13473.9 1192.76 0
13481.9 1263.24 0
13490.4 1333.64 0
13499.1 1404.06 0
13507.8 1474.53 0
13516.2 1545.09 0
13523.7 1615.79 0
13529.5 1686.66 0
13532 1757.69 0
13528.6 1828.65 0
13516.5 1898.75 0
13496.8 1967.15 0
13469 2032.69 0
13435.4 2095.57 0
p
63
30
13600 0 0
13584.8 79.7157 0
13569.7 159.431 0
13554.2 239.082 0
13538.5 318.667 0
13522.4 398.183 0
13506.2 477.648 0
13491.4 557.402 0
13479 637.557 0
13470.2 718.214 0
13466.5 799.316 0
13469.4 880.558 0
13480.4 961.289 0
13500.9 1040.43 0
13531.9 1116.44 0
13573.6 1187.65 0
13623.3 1253.89 0
13672.4 1320.76 0
13716.7 1390.59 0
13751.2 1465.15 -12.175
13773 1543.79 -12.175
13779 1624.73 -12.175
13767.8 1704.92 -12.175
13739.9 1781.05 -12.175
13696.9 1850.28 0
13643.5 1912.42 0
13585.1 1970.36 0
13527.1 2028.92 9.02055
13473.3 2091.36 9.02055
13419.9 2154.25 9.02055
13366.3 2217.16 0
p
64
30
13800 0 0
13795.2 67.3426 0
13790.4 134.685 0
13785.8 202.043 0
13781.5 269.423 0
13777.7 336.835 0
13774.3 404.286 0
13771.4 471.753 0
13769 539.242 0
13767 606.752 0
13765.5 674.278 0
13764.5 741.82 0
13763.9 809.374 0
13763.8 876.938 0
13764.2 944.511 0
13765.1 1012.09 0
13766.5 1079.67 0
13768.4 1147.25 0
13770.8 1214.82 0
13773.7 1282.4 0
13777.2 1349.96 0
13781.2 1417.5 0
13785.6 1485.09 12.175
13789.3 1552.71 12.175
13791.7 1620.35 12.175
13792.7 1687.98 12.175
13792.9 1755.59 12.175
13792.9 1823.14 0
13793 1890.7 0
13793.1 1958.26 0
13793.1 2025.81 0
p
65
30
14000 0 0
13993.1 79.4888 0
13986.3 158.978 0
13979.4 238.466 0
13972.6 317.955 0
13965.7 397.444 0
13958.9 476.933 0
13952 556.421 0
13945.2 635.91 0
13938.3 715.399 0
13931.4 794.888 0
13924.6 874.377 0
13917.7 953.865 0
13910.9 1033.35 0
13904 1112.84 0
13897.2 1192.33 0
13890.3 1271.82 0
13883.5 1351.31 0
13876.6 1430.8 0
13869.7 1510.29 0
13862.9 1589.78 0
13856 1669.26 0
13849.2 1748.75 0
13842.3 1828.24 0
13835.5 1907.73 0
13828.6 1987.22 0
13821.8 2066.71 0
13814.9 2146.2 0
13808 2225.69 0
13801.2 2305.17 0
13794.3 2384.66 0
p
66
30
14200 0 0
14198.8 77.9023 0
14197.7 155.805 0
14196.5 233.705 0
14195.5 311.606 0
14194.6 389.506 0
14193.9 467.408 0
14193.6 545.311 0
14193.7 623.214 0
14194.4 701.113 0
14195.8 779.004 0
14198 856.878 0
14201.2 934.721 0
14205.4 1012.53 0
14210.5 1090.28 0
14216.7 1167.97 0
14224 1245.57 0
14232.4 1323.08 0
14241.9 1400.47 0
14252.5 1477.74 0
14264.2 1554.87 0
14277 1631.84 0
14290.8 1708.66 0
14305.6 1785.31 0
14321.3 1861.79 0
14337.9 1938.11 0
14355.4 2014.26 0
14373.6 2090.25 0
14392.5 2166.1 0
14411.8 2241.84 0
14431.4 2317.54 0
p
67
30
14400 0 0
14390.4 74.1871 0
14380.9 148.374 0
14371.6 222.593 0
14362.6 296.849 0
14354.1 371.173 0
14346.3 445.574 0
14339.4 520.063 0
14333.4 594.642 0
14328.5 669.31 0
14324.8 744.057 0
14322.4 818.87 0
14321.5 893.728 0
14321.7 968.605 0
14323.1 1043.48 0
14325.6 1118.35 0
14329 1193.2 0
14333.4 1268.01 0
14338.6 1342.78 -8.6242
14344.6 1417.52 -8.6242
14351.3 1492.21 -8.6242
14358.8 1566.85 -8.6242
14366.8 1641.44 0
14375.2 1716 0
14384 1790.51 0
14393.2 1865 0
14402.7 1939.45 0
14412.4 2013.88 0
14422.4 2088.28 0
14432.5 2162.66 0
14442.8 2237.02 0
p
68
30
14600 0 0
14613.1 72.7265 0
14626.2 145.453 0
14639.1 218.223 0
14651.5 291.071 0
14663.9 363.91 0
14676.1 436.787 0
14687.7 509.746 0
14698.3 582.866 0
14707 656.245 0
14712.3 729.953 0
14712.6 803.918 0
14705.4 877.681 0
14687.4 949.938 0
14654.9 1017.65 0
14605.2 1075.61 0
14550.3 1129.76 0
14493.8 1182.92 0
14442 1240.06 0
14399.8 1303.55 0
14374.3 1374.1 8.6242
14368.7 1447.98 8.6242
14383.9 1520.1 8.6242
14417.3 1586.1 0
14463.6 1644.53 0
14515.6 1698.56 0
14565.2 1754.68 0
14602.9 1819 0
14622.2 1890.89 0
14631.6 1965.41 -12.0476
14620.9 2041.59 -12.0476
p
69
30
14800 0 0
14798.8 63.375 0
14797.5 126.75 0
14796.4 190.131 0
14795.4 253.517 0
14794.2 316.902 0
14792.9 380.286 0
14791.3 443.669 0
14789.3 507.047 0
14786.9 570.416 0
14783.7 633.767 0
14779.8 697.089 0
14774.9 760.364 0
14768.9 823.576 0
14761.9 886.738 0
14756 950.166 0
14749.6 1013.53 0
14743.4 1076.96 0
14737.3 1140.46 0
14731.1 1204.02 0
14724.3 1267.6 0
14717 1331.23 0
14709.2 1394.93 0
14701 1458.69 0
14692.4 1522.54 0
14683.8 1586.49 0
14675.4 1650.54 0
14667.7 1714.72 0
14661.2 1779.01 0
14656.5 1843.43 0
14653.8 1907.97 0
p
70
30
15000 0 0
14998.7 76.041 0
14997.4 152.082 0
14997.4 228.138 0
14998.9 304.191 0
15001.6 380.228 0
15005.7 456.222 0
15011.3 532.147 0
15018.3 607.973 0
15026.7 683.682 0
15036.1 759.268 0
15046.2 834.759 0
15056.3 910.216 0
15065.7 985.733 0
15073.2 1061.38 0
15078.3 1137.09 0
15079.1 1213.02 0
15074.7 1288.82 0
15064.1 1364.05 0
15046.7 1438.08 0
15022 1510.19 0
14990.1 1579.7 0
14951.7 1646.1 0
14907.6 1709.23 0
14859.1 1769.32 0
14807.5 1827.13 0
14754.4 1883.84 0
14701.8 1940.96 12.0476
14651 1999.63 12.0476
14601.5 2059.4 12.0476
14552.3 2119.5 0
p
71
30
15200 0 0
15196 81.5644 0
15192.1 163.129 0
15188.1 244.693 0
15184.1 326.257 0
15180.2 407.822 0
15176.2 489.386 0
15172.2 570.95 0
15168.3 652.515 0
15164.3 734.079 0
15160.3 815.644 0
15156.4 897.208 0
15152.4 978.772 0
15148.4 1060.34 0
15144.5 1141.9 0
15140.5 1223.47 0
15136.5 1305.03 0
15132.6 1386.59 0
15128.6 1468.16 0
15124.6 1549.72 0
15120.7 1631.29 0
15116.7 1712.85 0
15112.7 1794.42 0
15108.8 1875.98 0
15104.8 1957.54 0
15100.8 2039.11 0
15096.9 2120.67 0
15092.9 2202.24 0
15088.9 2283.8 0
15084.9 2365.37 0
15081 2446.93 0
p
72
30
15400 0 0
15394.5 81.6797 0
15388.9 163.359 0
15383.4 245.039 0
15377.9 326.719 0
15372.3 408.398 0
15366.8 490.078 0
15361.3 571.758 0
15355.7 653.437 0
15350.2 735.117 0
15344.7 816.797 0
15339.1 898.476 0
15333.6 980.156 0
15328 1061.84 0
15322.5 1143.52 0
15317 1225.2 0
15311.4 1306.87 0
15305.9 1388.55 0
15300.4 1470.23 0
15294.8 1551.91 0
15289.3 1633.59 0
15283.8 1715.27 0
15278.2 1796.95 0
15272.7 1878.63 0
15267.2 1960.31 0
15261.6 2041.99 0
15256.1 2123.67 0
15250.6 2205.35 0
15245 2287.03 0
15239.5 2368.71 0
15234 2450.39 0
p
73
30
15600 0 0
15594.5 78.0404 0
15589 156.081 0
15583.5 234.121 0
15578.1 312.162 0
15572.6 390.202 0
15567.1 468.242 0
15561.6 546.283 0
15556.1 624.323 0
15550.6 702.363 0
15545.1 780.404 0
15539.7 858.444 0
15534.2 936.485 0
15528.7 1014.52 0
15523.2 1092.57 0
15517.7 1170.61 0
15512.2 1248.65 0
15506.7 1326.69 0
15501.2 1404.73 0
15495.8 1482.77 0
15490.3 1560.81 0
15484.8 1638.85 0
15479.3 1716.89 0
15473.8 1794.93 0
15468.3 1872.97 0
15462.8 1951.01 0
15457.4 2029.05 0
15451.9 2107.09 0
15446.4 2185.13 0
15440.9 2263.17 0
15435.4 2341.21 0
p
74
30
15800 0 0
15802.2 73.7882 0
15804.3 147.576 0
15804.9 221.33 0
15805 295.021 0
15804.7 368.778 0
15804 442.544 0
15803.2 516.313 0
15802.4 590.084 0
15801.8 663.851 0
15801.7 737.612 0
15802.1 811.36 0
15803.4 885.089 0
15805.5 958.79 0
15808.7 1032.45 0
15813 1106.07 0
15818.6 1179.62 0
15825.6 1253.09 0
15834 1326.47 0
15843.8 1399.75 0
15855 1472.9 0
15867.7 1545.91 0
15881.8 1618.78 0
15897.1 1691.51 0
15913.5 1764.09 0
15930.9 1836.56 0
15948.8 1909.02 0
15966.9 1981.48 0
15985 2053.94 13.6816
16003.1 2126.4 13.6816
16021.1 2198.87 13.6816
p
75
30
16000 0 0
15997.5 61.0722 0
15994.9 122.144 0
15994.6 183.453 0
15993.8 244.907 0
15993.4 306.305 0
15993.6 367.728 0
15994 429.163 0
15994.5 490.597 0
15995.1 552.017 0
15995.6 613.42 0
15995.9 674.808 0
15996 736.189 0
15995.8 797.573 0
15995.3 858.971 0
15994.6 920.392 0
15993.5 981.842 0
15992.3 1043.32 0
15990.9 1104.81 0
15989.3 1166.31 0
15987.6 1227.81 0
15985.8 1289.27 0
15983.7 1350.7 0
15981.1 1412.08 0
15977.6 1473.38 0
15972.8 1534.56 0
15966.4 1595.62 0
15959.9 1656.62 0
15954.9 1717.71 0
15956.1 1779.17 0
15962.8 1840.61 0
p
76
30
16200 0 0
16210.2 79.0354 0
16220.4 158.071 0
16233.4 236.716 0
16251.7 314.47 0
16271.6 391.892 0
16292.6 469.094 0
16313.5 546.391 0
16332.2 624.209 0
16346.4 702.908 0
16353.1 782.517 0
16349.8 862.331 0
16334.1 940.79 0
16305.8 1015.93 0
16268.8 1087.81 0
16224.9 1156.3 0
16177.6 1222.74 0
16130.1 1289.05 0
16085.5 1357.13 0
16047.1 1428.32 0
16017.4 1503.03 0
15998.1 1580.59 0
15988.9 1659.7 0
15988.4 1739.24 0
15992.4 1818.71 0
15999.1 1898.19 0
16007.2 1977.77 0
16014.8 2057.52 -13.6816
16019.7 2137.48 -13.6816
16021 2217.5 -13.6816
16022.3 2297.8 -13.6816
p
77
30
16400 0 0
16400 74.6691 0
16400.1 149.338 0
16402.1 223.993 0
16406 298.59 0
16409.5 373.268 0
16412 448.049 0
16412.7 522.947 0
16410.9 597.921 0
16406.3 672.882 0
16398.2 747.71 0
16388.5 822.515 0
16375.6 897.106 0
16362.7 972.002 0
16348.7 1046.51 0
16333.8 1120.83 0
16318 1194.96 0
16301.6 1268.9 0
16284.3 1342.61 0
16266.2 1416.1 0
16247.1 1489.37 0
16227.1 1562.4 0
16206 1635.18 0
16183.9 1707.72 0
16161 1780.04 0
16137.5 1852.22 0
16114.2 1924.45 0
16092.4 1997.13 0
16073.5 2070.65 -13.6816
16058.1 2144.95 -13.6816
16048 2219.85 -13.6816
p
78
30
16600 0 0
16591.1 81.7572 0
16582.2 163.514 0
16575.5 245.494 0
16572.1 327.737 0
16569.7 410.059 0
16569.6 492.477 0
16571.4 574.927 0
16574.4 657.364 0
16577.7 739.776 0
16579.6 822.16 0
16578.8 904.439 0
16573 986.361 0
16561.5 1067.53 0
16543.9 1147.74 0
16520.3 1226.42 0
16491 1303.32 0
16457.1 1378.37 0
16419.6 1451.82 0
16379.8 1524.12 0
16338.8 1595.84 0
16298 1667.59 0
16258.3 1739.89 0
16220.3 1813.08 0
16184.6 1887.33 0
16151.1 1962.58 0
16119.6 2038.64 13.6816
16090 2115.51 13.6816
16065 2194.11 13.6816
16043.6 2274.09 13.6816
16023 2354.41 13.6816
p
79
30
16800 0 0
16806.6 64.4132 0
16813.1 128.826 0
16819.6 193.251 0
16825.9 257.691 0
16832 322.15 0
16837.9 386.633 0
16843.4 451.145 0
16848.6 515.689 0
16853.4 580.266 0
16857.6 644.879 0
16861.3 709.528 0
16864.4 774.21 0
16866.9 838.924 0
16868.6 903.665 0
16869.5 968.425 0
16870 1033.19 0
16869.5 1097.97 0
16868.3 1162.74 0
16866.7 1227.5 0
16864.9 1292.26 0
16862.9 1357.02 0
16861.1 1421.78 0
16859.7 1486.55 0
16858.8 1551.32 0
16858.7 1616.1 0
16859.6 1680.86 0
16861.6 1745.59 0
16865 1810.25 0
16870 1874.81 0
16876.4 1939.25 0
s	0
61 63 94 97 127 130 159 163 
61 62 63 94 95 96 97 127 128 129 130 159 160 161 162 163 
b
4 0
0.783099 0.394383 0.840188
62 0 0 1
95 0 0 2
96 0 0 2
128 0 0 2
129 0 0 3
160 0 0 1
161 0 0 2
162 0 0 3
g
0
2 2 0 0 1 2 0 2 4
t
2
0
1806.33 2118.3 100
1806.33 2118.3 -100
a
8
0
63 60 97 93 130 126 163 158 
1 95 1 129 0 162 0 161 0 61 0 2640 0.5 2641 0.5 
1 94 1 129 0 162 0 128 0 2640 0.5 2641 0.5 
1 96 1 162 0 61 0 62 0 2640 0.5 2641 0.5 
2 162 1 95 0 129 0 94 0 96 0 2640 0.5 2641 0.5 
2 161 1 95 0 129 0 128 0 2640 0.5 2641 0.5 
2 160 1 128 0 127 0 2640 0.5 2641 0.5 
2 159 1 127 0 2640 0.5 2641 0.5 
3 129 1 95 0 162 0 94 0 161 0 2640 0.5 2641 0.5 
3 128 1 94 0 161 0 160 0 2640 0.5 2641 0.5 
3 127 1 160 0 159 0 2640 0.5 2641 0.5 
2 61 1 95 0 96 0 2640 0.5 2641 0.5 
2 62 1 96 0 2640 0.5 2641 0.5 
0 2640 6 95 0.5 94 0.5 96 0.5 162 0.5 161 0.5 160 0.5 159 0.5 129 0.5 128 0.5 127 0.5 61 0.5 62 0.5 
0 2641 6 95 0.5 94 0.5 96 0.5 162 0.5 161 0.5 160 0.5 159 0.5 129 0.5 128 0.5 127 0.5 61 0.5 62 0.5 
NanList DIR 0
d
42
0 0 -22.149 0 0 -22.149 0 0 -22.149 0 0 0 0 0 0 0 0 0 0 0 0 0 0 26.4969 0 0 26.4969 0 0 26.4969 0 0 0 0 0 0 0 0 0 0 0 0 
s	1
194 195 196 227 228 229 259 260 261 262 293 294 295 
194 195 196 227 228 229 259 260 261 262 293 294 295 
b
3 0
0.197551 0.911647 0.79844
195 0 0 1
228 0 0 2
260 0 0 1
b
2 0
0.277775 0.76823 0.335223
261 0 0 1
294 0 0 1
g
0
2 2 0 0 1 2 0 2 4
t
2
2
2221.82 2428.44 100
2221.82 2428.44 -100
a
8
8
196 193 229 226 262 258 295 292 
1 228 1 194 0 259 0 260 0 195 0 2640 0.5 2641 0.5 
1 227 1 194 0 259 0 2640 0.5 2641 0.5 
2 259 1 228 0 227 0 2640 0.5 2641 0.5 
2 260 1 228 0 293 0 2640 0.5 2641 0.5 
2 261 1 293 0 294 0 2640 0.5 2641 0.5 
2 194 1 228 0 227 0 2640 0.5 2641 0.5 
2 195 1 228 0 2640 0.5 2641 0.5 
1 293 1 260 0 261 0 2640 0.5 2641 0.5 
1 294 1 261 0 2640 0.5 2641 0.5 
0 2640 4.5 228 0.5 227 0.5 259 0.5 260 0.5 261 0.5 194 0.5 195 0.5 293 0.5 294 0.5 
0 2641 4.5 228 0.5 227 0.5 259 0.5 260 0.5 261 0.5 194 0.5 195 0.5 293 0.5 294 0.5 
NanList DIR 0
d
33
0 0 -10.8705 0 0 -10.8705 0 0 10.8705 0 0 10.8705 0 0 10.8705 0 0 10.8705 0 0 10.8705 0 0 -10.8705 0 0 -10.8705 0 0 0 0 0 0 
s	2
425 427 491 493 
425 426 427 491 492 493 
b
2 0
0.628871 0.477397 0.55397
426 0 0 1
492 0 0 1
g
0
2 2 0 0 1 2 0 2 4
t
2
4
3205.24 2380.94 100
3205.24 2380.94 -100
a
4
16
427 424 493 490 
1 426 1 491 0 492 0 2640 0.5 2641 0.5 
1 425 1 491 0 2640 0.5 2641 0.5 
2 491 1 426 0 425 0 2640 0.5 2641 0.5 
2 492 1 426 0 2640 0.5 2641 0.5 
0 2640 2 426 0.5 425 0.5 491 0.5 492 0.5 
0 2641 2 426 0.5 425 0.5 491 0.5 492 0.5 
NanList DIR 0
d
18
0 0 -4.38231 0 0 -4.38231 0 0 4.38231 0 0 4.38231 0 0 0 0 0 0 
s	3
557 559 590 592 
557 558 559 590 591 592 
b
2 0
0.95223 0.513401 0.364784
558 0 0 1
591 0 0 1
g
0
2 2 0 0 1 2 0 2 4
t
2
6
3642.4 2020.23 100
3642.4 2020.23 -100
a
4
20
559 556 592 589 
1 558 1 590 0 591 0 2640 0.5 2641 0.5 
1 557 1 590 0 2640 0.5 2641 0.5 
2 590 1 558 0 557 0 2640 0.5 2641 0.5 
2 591 1 558 0 2640 0.5 2641 0.5 
0 2640 2 558 0.5 557 0.5 590 0.5 591 0.5 
0 2641 2 558 0.5 557 0.5 590 0.5 591 0.5 
NanList DIR 0
d
18
0 0 -9.24586 0 0 -9.24586 0 0 9.24586 0 0 9.24586 0 0 0 0 0 0 
s	4
754 757 788 790 820 823 
754 755 756 757 788 789 790 820 821 822 823 
b
3 0
0.717297 0.635712 0.916195
755 0 0 1
756 0 0 1
789 0 0 3
821 0 0 1
822 0 0 2
g
0
2 2 0 0 1 2 0 2 4
t
2
8
5573.25 2211.5 100
5573.25 2211.5 -100
a
6
24
757 753 790 787 823 819 
1 821 1 789 0 755 0 756 0 788 0 2640 0.5 2641 0.5 
1 822 1 789 0 755 0 756 0 2640 0.5 2641 0.5 
1 820 1 789 0 2640 0.5 2641 0.5 
2 755 1 789 0 821 0 822 0 2640 0.5 2641 0.5 
2 754 1 789 0 788 0 2640 0.5 2641 0.5 
2 756 1 821 0 822 0 2640 0.5 2641 0.5 
3 789 1 821 0 755 0 822 0 754 0 820 0 2640 0.5 2641 0.5 
3 788 1 821 0 754 0 2640 0.5 2641 0.5 
0 2640 4 821 0.5 822 0.5 820 0.5 755 0.5 754 0.5 756 0.5 789 0.5 788 0.5 
0 2641 4 821 0.5 822 0.5 820 0.5 755 0.5 754 0.5 756 0.5 789 0.5 788 0.5 
NanList DIR 0
d
30
0 0 -26.2574 0 0 -26.2574 0 0 -26.2574 0 0 0 0 0 0 0 0 0 0 0 14.6243 0 0 14.6243 0 0 0 0 0 0 
s	5
918 922 982 987 
918 919 920 921 922 982 983 984 985 986 987 
b
2 0
0.0163006 0.606969 0.141603
919 0 0 2
920 0 0 3
921 0 0 3
983 0 0 2
984 0 0 3
985 0 0 2
986 0 0 1
g
0
2 2 0 0 1 2 0 2 4
t
2
10
6610.96 2074.16 100
6610.96 2074.16 -100
a
4
30
922 917 987 981 
1 919 1 983 0 984 0 982 0 2640 0.5 2641 0.5 
1 920 1 983 0 984 0 985 0 2640 0.5 2641 0.5 
1 921 1 984 0 985 0 986 0 2640 0.5 2641 0.5 
1 918 1 983 0 982 0 2640 0.5 2641 0.5 
2 983 1 919 0 920 0 918 0 2640 0.5 2641 0.5 
2 984 1 919 0 920 0 921 0 2640 0.5 2641 0.5 
2 982 1 919 0 918 0 2640 0.5 2641 0.5 
2 985 1 920 0 921 0 2640 0.5 2641 0.5 
2 986 1 921 0 2640 0.5 2641 0.5 
0 2640 4.5 919 0.5 920 0.5 921 0.5 918 0.5 983 0.5 984 0.5 982 0.5 985 0.5 986 0.5 
0 2641 4.5 919 0.5 920 0.5 921 0.5 918 0.5 983 0.5 984 0.5 982 0.5 985 0.5 986 0.5 
NanList DIR 0
d
33
0 0 -13.701 0 0 -13.701 0 0 -13.701 0 0 -13.701 0 0 13.701 0 0 13.701 0 0 13.701 0 0 13.701 0 0 13.701 0 0 0 0 0 0 
s	6
1139 1140 1141 1142 1143 1144 1145 1146 1147 1148 1165 1166 1167 1168 1169 1170 1171 1172 1173 1174 1175 1176 1177 1199 1200 1201 1202 1203 1204 
1139 1140 1141 1142 1143 1144 1145 1146 1147 1148 1165 1166 1167 1168 1169 1170 1171 1172 1173 1174 1175 1176 1177 1199 1200 1201 1202 1203 1204 
b
2 0
0.804177 0.137232 0.242887
1140 0 0 2
1141 0 0 3
1142 0 0 3
1143 0 0 2
1144 0 0 2
1145 0 0 2
1146 0 0 2
1147 0 0 2
1170 0 0 2
1171 0 0 3
1172 0 0 3
1173 0 0 3
1174 0 0 2
1175 0 0 3
1176 0 0 2
b
2 0
0.12979 0.400944 0.156679
1166 0 0 2
1167 0 0 3
1168 0 0 3
1169 0 0 2
1200 0 0 2
1201 0 0 3
1202 0 0 3
1203 0 0 2
g
0
2 2 0 0 1 2 0 2 4
t
2
12
7982.54 1359.77 100
7982.54 1359.77 -100
a
6
34
1148 1138 1177 1164 1204 1198 
1 1169 1 1140 0 1202 0 1139 0 1203 0 2640 0.5 2641 0.5 
1 1175 1 1144 0 1146 0 1145 0 1147 0 2640 0.5 2641 0.5 
1 1166 1 1200 0 1201 0 1199 0 2640 0.5 2641 0.5 
1 1167 1 1200 0 1201 0 1202 0 2640 0.5 2641 0.5 
1 1168 1 1201 0 1202 0 1203 0 2640 0.5 2641 0.5 
1 1170 1 1140 0 1141 0 1139 0 2640 0.5 2641 0.5 
1 1171 1 1140 0 1141 0 1142 0 2640 0.5 2641 0.5 
1 1172 1 1141 0 1142 0 1143 0 2640 0.5 2641 0.5 
1 1173 1 1142 0 1144 0 1143 0 2640 0.5 2641 0.5 
1 1174 1 1144 0 1146 0 1145 0 2640 0.5 2641 0.5 
1 1165 1 1200 0 1199 0 2640 0.5 2641 0.5 
1 1176 1 1146 0 1147 0 2640 0.5 2641 0.5 
2 1140 1 1169 0 1170 0 1171 0 2640 0.5 2641 0.5 
2 1141 1 1170 0 1171 0 1172 0 2640 0.5 2641 0.5 
2 1142 1 1171 0 1172 0 1173 0 2640 0.5 2641 0.5 
2 1144 1 1175 0 1173 0 1174 0 2640 0.5 2641 0.5 
2 1146 1 1175 0 1174 0 1176 0 2640 0.5 2641 0.5 
2 1139 1 1169 0 1170 0 2640 0.5 2641 0.5 
2 1143 1 1172 0 1173 0 2640 0.5 2641 0.5 
2 1145 1 1175 0 1174 0 2640 0.5 2641 0.5 
2 1147 1 1175 0 1176 0 2640 0.5 2641 0.5 
2 1200 1 1166 0 1167 0 1165 0 2640 0.5 2641 0.5 
2 1201 1 1166 0 1167 0 1168 0 2640 0.5 2641 0.5 
2 1202 1 1169 0 1167 0 1168 0 2640 0.5 2641 0.5 
2 1199 1 1166 0 1165 0 2640 0.5 2641 0.5 
2 1203 1 1169 0 1168 0 2640 0.5 2641 0.5 
0 2640 13 1169 0.5 1175 0.5 1166 0.5 1167 0.5 1168 0.5 1170 0.5 1171 0.5 1172 0.5 1173 0.5 1174 0.5 1165 0.5 1176 0.5 1140 0.5 1141 0.5 1142 0.5 1144 0.5 1146 0.5 1139 0.5 1143 0.5 1145 0.5 1147 0.5 1200 0.5 1201 0.5 1202 0.5 1199 0.5 1203 0.5 
0 2641 13 1169 0.5 1175 0.5 1166 0.5 1167 0.5 1168 0.5 1170 0.5 1171 0.5 1172 0.5 1173 0.5 1174 0.5 1165 0.5 1176 0.5 1140 0.5 1141 0.5 1142 0.5 1144 0.5 1146 0.5 1139 0.5 1143 0.5 1145 0.5 1147 0.5 1200 0.5 1201 0.5 1202 0.5 1199 0.5 1203 0.5 
NanList DIR 0
d
84
0 0 -13.5151 0 0 -13.5151 0 0 -13.5151 0 0 -13.5151 0 0 -13.5151 0 0 -13.5151 0 0 -13.5151 0 0 -13.5151 0 0 -13.5151 0 0 -13.5151 0 0 -13.5151 0 0 -13.5151 0 0 13.5151 0 0 13.5151 0 0 13.5151 0 0 13.5151 0 0 13.5151 0 0 13.5151 0 0 13.5151 0 0 13.5151 0 0 13.5151 0 0 13.5151 0 0 13.5151 0 0 13.5151 0 0 13.5151 0 0 13.5151 0 0 0 0 0 0 
s	7
1184 1185 1186 1215 1216 1217 1218 1219 1247 1248 1249 1250 1251 1252 1281 1282 1283 1284 1285 1311 1312 1313 1314 1315 1316 1317 1318 
1184 1185 1186 1215 1216 1217 1218 1219 1247 1248 1249 1250 1251 1252 1281 1282 1283 1284 1285 1311 1312 1313 1314 1315 1316 1317 1318 
b
4 0
0.218257 0.998924 0.108809
1185 0 0 1
1216 0 0 1
1217 0 0 2
1218 0 0 2
1251 0 0 2
1317 0 0 2
b
3 0
0.61264 0.839112 0.512932
1248 0 0 3
1249 0 0 2
1282 0 0 1
1283 0 0 2
1284 0 0 2
1312 0 0 2
1313 0 0 2
1314 0 0 2
1315 0 0 2
1316 0 0 2
g
0
2 2 0 0 1 2 0 2 4
t
2
14
8561.19 1896.77 100
8561.19 1896.77 -100
a
10
40
1186 1183 1219 1214 1252 1246 1285 1280 1318 1310 
1 1314 1 1247 0 1248 0 1249 0 1284 0 2640 0.5 2641 0.5 
1 1316 1 1216 0 1248 0 1249 0 1215 0 2640 0.5 2641 0.5 
1 1313 1 1247 0 1283 0 1284 0 2640 0.5 2641 0.5 
1 1315 1 1247 0 1248 0 1249 0 2640 0.5 2641 0.5 
1 1317 1 1216 0 1217 0 1215 0 2640 0.5 2641 0.5 
1 1311 1 1282 0 1281 0 2640 0.5 2641 0.5 
1 1312 1 1282 0 1283 0 2640 0.5 2641 0.5 
2 1247 1 1314 0 1313 0 1315 0 2640 0.5 2641 0.5 
2 1248 1 1314 0 1316 0 1315 0 2640 0.5 2641 0.5 
2 1249 1 1314 0 1316 0 1315 0 2640 0.5 2641 0.5 
1 1251 1 1216 0 1217 0 1218 0 2640 0.5 2641 0.5 
2 1250 1 1216 0 1217 0 2640 0.5 2641 0.5 
3 1216 1 1316 0 1251 0 1317 0 1250 0 2640 0.5 2641 0.5 
3 1217 1 1251 0 1317 0 1184 0 1250 0 2640 0.5 2641 0.5 
3 1218 1 1251 0 1184 0 1185 0 2640 0.5 2641 0.5 
3 1215 1 1316 0 1317 0 2640 0.5 2641 0.5 
2 1282 1 1311 0 1312 0 2640 0.5 2641 0.5 
2 1283 1 1313 0 1312 0 2640 0.5 2641 0.5 
2 1284 1 1314 0 1313 0 2640 0.5 2641 0.5 
2 1281 1 1311 0 2640 0.5 2641 0.5 
1 1184 1 1217 0 1218 0 2640 0.5 2641 0.5 
1 1185 1 1218 0 2640 0.5 2641 0.5 
0 2640 11 1314 0.5 1316 0.5 1313 0.5 1315 0.5 1317 0.5 1311 0.5 1312 0.5 1247 0.5 1248 0.5 1249 0.5 1251 0.5 1250 0.5 1216 0.5 1217 0.5 1218 0.5 1215 0.5 1282 0.5 1283 0.5 1284 0.5 1281 0.5 1184 0.5 1185 0.5 
0 2641 11 1314 0.5 1316 0.5 1313 0.5 1315 0.5 1317 0.5 1311 0.5 1312 0.5 1247 0.5 1248 0.5 1249 0.5 1251 0.5 1250 0.5 1216 0.5 1217 0.5 1218 0.5 1215 0.5 1282 0.5 1283 0.5 1284 0.5 1281 0.5 1184 0.5 1185 0.5 
NanList DIR 12
36 29
36 30
36 31
36 28
37 27
37 28
37 29
37 30
38 29
38 30
38 31
38 28
d
72
0 0 0 0 0 0 0 0 0 0 0 0 0 0 0 0 0 0 0 0 0 0 0 -27.2951 0 0 -27.2951 0 0 -27.2951 0 0 0 0 0 -27.2951 0 0 26.5847 0 0 26.5847 0 0 26.5847 0 0 26.5847 0 0 -27.2951 0 0 -27.2951 0 0 -27.2951 0 0 -27.2951 0 0 0 0 0 0 0 0 0 0 0 0 
s	8
1444 1446 1481 1483 
1444 1445 1446 1481 1482 1483 
b
2 0
0.524287 0.637552 0.296032
1445 0 0 1
1482 0 0 1
g
0
2 2 0 0 1 2 0 2 4
t
2
16
9883.84 1979.7 100
9883.84 1979.7 -100
a
4
50
1446 1443 1483 1480 
1 1444 1 1482 0 1481 0 2640 0.5 2641 0.5 
1 1445 1 1482 0 2640 0.5 2641 0.5 
2 1482 1 1444 0 1445 0 2640 0.5 2641 0.5 
2 1481 1 1444 0 2640 0.5 2641 0.5 
0 2640 2 1444 0.5 1445 0.5 1482 0.5 1481 0.5 
0 2641 2 1444 0.5 1445 0.5 1482 0.5 1481 0.5 
NanList DIR 0
d
18
0 0 -4.45504 0 0 -4.45504 0 0 4.45504 0 0 4.45504 0 0 0 0 0 0 
s	9
1446 1450 1513 1516 
1446 1447 1448 1449 1450 1513 1514 1515 1516 
b
2 0
0.292517 0.972775 0.493583
1447 0 0 2
1448 0 0 2
1449 0 0 1
1514 0 0 2
1515 0 0 3
g
0
2 2 0 0 1 2 0 2 4
t
2
18
9944.27 2217.84 100
9944.27 2217.84 -100
a
3
54
1450 1516 1512 
1 1447 1 1514 0 1515 0 1513 0 2640 0.5 2641 0.5 
1 1446 1 1514 0 1513 0 2640 0.5 2641 0.5 
1 1448 1 1514 0 1515 0 2640 0.5 2641 0.5 
1 1449 1 1515 0 2640 0.5 2641 0.5 
2 1514 1 1447 0 1446 0 1448 0 2640 0.5 2641 0.5 
2 1515 1 1447 0 1448 0 1449 0 2640 0.5 2641 0.5 
2 1513 1 1447 0 1446 0 2640 0.5 2641 0.5 
0 2640 3.5 1447 0.5 1446 0.5 1448 0.5 1449 0.5 1514 0.5 1515 0.5 1513 0.5 
0 2641 3.5 1447 0.5 1446 0.5 1448 0.5 1449 0.5 1514 0.5 1515 0.5 1513 0.5 
NanList DIR 0
d
27
0 0 -13.1802 0 0 -13.1802 0 0 -13.1802 0 0 -13.1802 0 0 13.1802 0 0 13.1802 0 0 13.1802 0 0 0 0 0 0 
s	10
1712 1714 1745 1747 
1712 1713 1714 1745 1746 1747 
b
2 0
0.769914 0.526745 0.771358
1713 0 0 1
1746 0 0 1
g
0
2 2 0 0 1 2 0 2 4
t
2
20
11663.8 2286.47 100
11663.8 2286.47 -100
a
4
57
1714 1711 1747 1744 
1 1712 1 1746 0 1745 0 2640 0.5 2641 0.5 
1 1713 1 1746 0 2640 0.5 2641 0.5 
2 1746 1 1712 0 1713 0 2640 0.5 2641 0.5 
2 1745 1 1712 0 2640 0.5 2641 0.5 
0 2640 2 1712 0.5 1713 0.5 1746 0.5 1745 0.5 
0 2641 2 1712 0.5 1713 0.5 1746 0.5 1745 0.5 
NanList DIR 0
d
18
0 0 -1.62941 0 0 -1.62941 0 0 1.62941 0 0 1.62941 0 0 0 0 0 0 
s	11
1810 1813 1844 1846 1875 1879 1910 1912 
1810 1811 1812 1813 1844 1845 1846 1875 1876 1877 1878 1879 1910 1911 1912 
b
4 0
0.283315 0.891529 0.400229
1811 0 0 2
1812 0 0 3
1845 0 0 2
1876 0 0 3
1877 0 0 2
1878 0 0 1
1911 0 0 1
g
0
2 2 0 0 1 2 0 2 4
t
2
22
12087.3 2144.01 100
12087.3 2144.01 -100
a
8
61
1813 1809 1846 1843 1879 1874 1912 1909 
1 1875 1 1811 0 1845 0 1844 0 1911 0 1910 0 2640 0.5 2641 0.5 
1 1876 1 1811 0 1845 0 1810 0 1812 0 1911 0 2640 0.5 2641 0.5 
1 1877 1 1811 0 1812 0 2640 0.5 2641 0.5 
1 1878 1 1812 0 2640 0.5 2641 0.5 
2 1811 1 1875 0 1876 0 1845 0 1877 0 2640 0.5 2641 0.5 
2 1810 1 1876 0 1845 0 1844 0 2640 0.5 2641 0.5 
2 1812 1 1876 0 1877 0 1878 0 2640 0.5 2641 0.5 
3 1845 1 1875 0 1876 0 1811 0 1810 0 2640 0.5 2641 0.5 
3 1844 1 1875 0 1810 0 2640 0.5 2641 0.5 
2 1911 1 1875 0 1876 0 2640 0.5 2641 0.5 
2 1910 1 1875 0 2640 0.5 2641 0.5 
0 2640 5.5 1875 0.5 1876 0.5 1877 0.5 1878 0.5 1811 0.5 1810 0.5 1812 0.5 1845 0.5 1844 0.5 1911 0.5 1910 0.5 
0 2641 5.5 1875 0.5 1876 0.5 1877 0.5 1878 0.5 1811 0.5 1810 0.5 1812 0.5 1845 0.5 1844 0.5 1911 0.5 1910 0.5 
NanList DIR 0
d
39
0 0 -29.7323 0 0 -29.7323 0 0 -29.7323 0 0 -29.7323 0 0 0 0 0 0 0 0 0 0 0 16.9861 0 0 16.9861 0 0 0 0 0 0 0 0 0 0 0 0 
s	12
1834 1839 1866 1870 
1834 1835 1836 1837 1838 1839 1866 1867 1868 1869 1870 
b
2 0
0.919026 0.807725 0.352458
1835 0 0 1
1836 0 0 2
1837 0 0 2
1838 0 0 1
1867 0 0 2
1868 0 0 2
1869 0 0 2
g
0
2 2 0 0 1 2 0 2 4
t
2
24
11915.6 1496.79 100
11915.6 1496.79 -100
a
4
69
1839 1833 1870 1865 
1 1835 1 1866 0 1867 0 2640 0.5 2641 0.5 
1 1836 1 1867 0 1868 0 2640 0.5 2641 0.5 
1 1837 1 1868 0 1869 0 2640 0.5 2641 0.5 
1 1834 1 1866 0 2640 0.5 2641 0.5 
1 1838 1 1869 0 2640 0.5 2641 0.5 
2 1866 1 1835 0 1834 0 2640 0.5 2641 0.5 
2 1867 1 1835 0 1836 0 2640 0.5 2641 0.5 
2 1868 1 1836 0 1837 0 2640 0.5 2641 0.5 
2 1869 1 1837 0 1838 0 2640 0.5 2641 0.5 
0 2640 4.5 1835 0.5 1836 0.5 1837 0.5 1834 0.5 1838 0.5 1866 0.5 1867 0.5 1868 0.5 1869 0.5 
0 2641 4.5 1835 0.5 1836 0.5 1837 0.5 1834 0.5 1838 0.5 1866 0.5 1867 0.5 1868 0.5 1869 0.5 
NanList DIR 0
d
33
0 0 -6.45217 0 0 -6.45217 0 0 -6.45217 0 0 -6.45217 0 0 -6.45217 0 0 6.45217 0 0 6.45217 0 0 6.45217 0 0 6.45217 0 0 0 0 0 0 
s	13
1943 1945 1975 1978 2008 2011 
1943 1944 1945 1975 1976 1977 1978 2008 2009 2010 2011 
b
3 0
0.525995 0.949327 0.0697553
1944 0 0 1
1976 0 0 2
1977 0 0 3
2009 0 0 2
2010 0 0 2
g
0
2 2 0 0 1 2 0 2 4
t
2
26
13097 2292.85 100
13097 2292.85 -100
a
6
73
1945 1942 1978 1974 2011 2007 
1 1976 1 2009 0 1943 0 2010 0 2008 0 2640 0.5 2641 0.5 
1 1977 1 2009 0 1943 0 2010 0 1944 0 2640 0.5 2641 0.5 
1 1975 1 2009 0 2640 0.5 2641 0.5 
2 2009 1 1976 0 1977 0 1975 0 2640 0.5 2641 0.5 
2 2010 1 1976 0 1977 0 2640 0.5 2641 0.5 
2 2008 1 1976 0 2640 0.5 2641 0.5 
2 1943 1 1976 0 1977 0 2640 0.5 2641 0.5 
2 1944 1 1977 0 2640 0.5 2641 0.5 
0 2640 4 1976 0.5 1977 0.5 1975 0.5 2009 0.5 2010 0.5 2008 0.5 1943 0.5 1944 0.5 
0 2641 4 1976 0.5 1977 0.5 1975 0.5 2009 0.5 2010 0.5 2008 0.5 1943 0.5 1944 0.5 
NanList DIR 0
d
30
0 0 -13.0258 0 0 -13.0258 0 0 -13.0258 0 0 13.0258 0 0 13.0258 0 0 13.0258 0 0 13.0258 0 0 13.0258 0 0 0 0 0 0 
s	14
2039 2044 2072 2077 2106 2109 
2039 2040 2041 2042 2043 2044 2072 2073 2074 2075 2076 2077 2106 2107 2108 2109 
b
3 0
0.663227 0.192214 0.0860558
2040 0 0 2
2041 0 0 2
2042 0 0 4
2043 0 0 3
2073 0 0 1
2074 0 0 2
2075 0 0 2
2076 0 0 3
2107 0 0 2
2108 0 0 3
g
0
2 2 0 0 1 2 0 2 4
t
2
28
13480.7 2006.32 100
13480.7 2006.32 -100
a
6
79
2044 2038 2077 2071 2109 2105 
1 2042 1 2107 0 2075 0 2076 0 2108 0 2106 0 2640 0.5 2641 0.5 
1 2041 1 2107 0 2075 0 2074 0 2106 0 2640 0.5 2641 0.5 
1 2040 1 2075 0 2073 0 2074 0 2640 0.5 2641 0.5 
1 2043 1 2107 0 2076 0 2108 0 2640 0.5 2641 0.5 
1 2039 1 2073 0 2072 0 2640 0.5 2641 0.5 
2 2075 1 2042 0 2107 0 2041 0 2040 0 2640 0.5 2641 0.5 
2 2076 1 2042 0 2107 0 2043 0 2108 0 2640 0.5 2641 0.5 
2 2073 1 2040 0 2039 0 2640 0.5 2641 0.5 
2 2074 1 2041 0 2040 0 2640 0.5 2641 0.5 
2 2072 1 2039 0 2640 0.5 2641 0.5 
3 2107 1 2042 0 2041 0 2075 0 2076 0 2043 0 2640 0.5 2641 0.5 
3 2108 1 2042 0 2076 0 2043 0 2640 0.5 2641 0.5 
3 2106 1 2042 0 2041 0 2640 0.5 2641 0.5 
0 2640 6.5 2042 0.5 2041 0.5 2040 0.5 2043 0.5 2039 0.5 2075 0.5 2076 0.5 2073 0.5 2074 0.5 2072 0.5 2107 0.5 2108 0.5 2106 0.5 
0 2641 6.5 2042 0.5 2041 0.5 2040 0.5 2043 0.5 2039 0.5 2075 0.5 2076 0.5 2073 0.5 2074 0.5 2072 0.5 2107 0.5 2108 0.5 2106 0.5 
NanList DIR 0
d
45
0 0 -28.1215 0 0 -28.1215 0 0 -28.1215 0 0 -28.1215 0 0 -28.1215 0 0 0 0 0 0 0 0 0 0 0 0 0 0 0 0 0 9.02055 0 0 9.02055 0 0 9.02055 0 0 0 0 0 0 
s	15
2098 2103 2134 2139 
2098 2099 2100 2101 2102 2103 2134 2135 2136 2137 2138 2139 
b
2 0
0.0641713 0.348893 0.890233
2099 0 0 2
2100 0 0 3
2101 0 0 3
2102 0 0 1
2135 0 0 2
2136 0 0 3
2137 0 0 2
2138 0 0 2
g
0
2 2 0 0 1 2 0 2 4
t
2
30
13776.3 1622.14 100
13776.3 1622.14 -100
a
4
85
2103 2097 2139 2133 
1 2099 1 2135 0 2136 0 2134 0 2640 0.5 2641 0.5 
1 2100 1 2135 0 2136 0 2137 0 2640 0.5 2641 0.5 
1 2101 1 2136 0 2137 0 2138 0 2640 0.5 2641 0.5 
1 2098 1 2135 0 2134 0 2640 0.5 2641 0.5 
1 2102 1 2138 0 2640 0.5 2641 0.5 
2 2135 1 2099 0 2100 0 2098 0 2640 0.5 2641 0.5 
2 2136 1 2099 0 2100 0 2101 0 2640 0.5 2641 0.5 
2 2134 1 2099 0 2098 0 2640 0.5 2641 0.5 
2 2137 1 2100 0 2101 0 2640 0.5 2641 0.5 
2 2138 1 2101 0 2102 0 2640 0.5 2641 0.5 
0 2640 5 2099 0.5 2100 0.5 2101 0.5 2098 0.5 2102 0.5 2135 0.5 2136 0.5 2134 0.5 2137 0.5 2138 0.5 
0 2641 5 2099 0.5 2100 0.5 2101 0.5 2098 0.5 2102 0.5 2135 0.5 2136 0.5 2134 0.5 2137 0.5 2138 0.5 
NanList DIR 0
d
36
0 0 -12.175 0 0 -12.175 0 0 -12.175 0 0 -12.175 0 0 -12.175 0 0 12.175 0 0 12.175 0 0 12.175 0 0 12.175 0 0 12.175 0 0 0 0 0 0 
s	16
2229 2233 2264 2267 
2229 2230 2231 2232 2233 2264 2265 2266 2267 
b
2 0
0.0630958 0.457702 0.020023
2230 0 0 1
2231 0 0 2
2232 0 0 1
2265 0 0 2
2266 0 0 2
g
0
2 2 0 0 1 2 0 2 4
t
2
32
14360 1451.65 100
14360 1451.65 -100
a
4
89
2233 2228 2267 2263 
1 2230 1 2264 0 2265 0 2640 0.5 2641 0.5 
1 2231 1 2265 0 2266 0 2640 0.5 2641 0.5 
1 2229 1 2264 0 2640 0.5 2641 0.5 
1 2232 1 2266 0 2640 0.5 2641 0.5 
2 2264 1 2230 0 2229 0 2640 0.5 2641 0.5 
2 2265 1 2230 0 2231 0 2640 0.5 2641 0.5 
2 2266 1 2231 0 2232 0 2640 0.5 2641 0.5 
0 2640 3.5 2230 0.5 2231 0.5 2229 0.5 2232 0.5 2264 0.5 2265 0.5 2266 0.5 
0 2641 3.5 2230 0.5 2231 0.5 2229 0.5 2232 0.5 2264 0.5 2265 0.5 2266 0.5 
NanList DIR 0
d
27
0 0 -8.6242 0 0 -8.6242 0 0 -8.6242 0 0 -8.6242 0 0 8.6242 0 0 8.6242 0 0 8.6242 0 0 0 0 0 0 
s	17
2273 2275 2337 2340 
2273 2274 2275 2337 2338 2339 2340 
b
2 0
0.902208 0.970634 0.23828
2274 0 0 2
2338 0 0 1
2339 0 0 1
g
0
2 2 0 0 1 2 0 2 4
t
2
34
14641.4 2001.4 100
14641.4 2001.4 -100
a
4
93
2275 2272 2340 2336 
1 2273 1 2338 0 2339 0 2337 0 2640 0.5 2641 0.5 
1 2274 1 2338 0 2339 0 2640 0.5 2641 0.5 
2 2338 1 2273 0 2274 0 2640 0.5 2641 0.5 
2 2339 1 2273 0 2274 0 2640 0.5 2641 0.5 
2 2337 1 2273 0 2640 0.5 2641 0.5 
0 2640 2.5 2273 0.5 2274 0.5 2338 0.5 2339 0.5 2337 0.5 
0 2641 2.5 2273 0.5 2274 0.5 2338 0.5 2339 0.5 2337 0.5 
NanList DIR 0
d
21
0 0 -12.0476 0 0 -12.0476 0 0 12.0476 0 0 12.0476 0 0 12.0476 0 0 0 0 0 0 
s	18
2470 2473 2535 2539 2569 2572 2600 2605 
2470 2471 2472 2473 2535 2536 2537 2538 2539 2569 2570 2571 2572 2600 2601 2602 2603 2604 2605 
b
4 0
0.53976 0.266666 0.85092
2471 0 0 2
2472 0 0 3
2536 0 0 2
2537 0 0 2
2538 0 0 3
2570 0 0 2
2571 0 0 2
2601 0 0 1
2602 0 0 2
2603 0 0 2
2604 0 0 1
g
0
2 2 0 0 1 2 0 2 4
t
2
36
16040.5 2166.78 100
16040.5 2166.78 -100
a
8
97
2473 2469 2539 2534 2572 2568 2605 2599 
1 2537 1 2471 0 2472 0 2602 0 2603 0 2640 0.5 2641 0.5 
1 2536 1 2471 0 2472 0 2470 0 2640 0.5 2641 0.5 
1 2538 1 2472 0 2603 0 2604 0 2640 0.5 2641 0.5 
1 2535 1 2471 0 2470 0 2640 0.5 2641 0.5 
2 2602 1 2537 0 2570 0 2571 0 2640 0.5 2641 0.5 
2 2603 1 2537 0 2538 0 2571 0 2640 0.5 2641 0.5 
2 2601 1 2569 0 2570 0 2640 0.5 2641 0.5 
2 2600 1 2569 0 2640 0.5 2641 0.5 
2 2604 1 2538 0 2640 0.5 2641 0.5 
2 2471 1 2537 0 2536 0 2535 0 2640 0.5 2641 0.5 
2 2472 1 2537 0 2536 0 2538 0 2640 0.5 2641 0.5 
2 2470 1 2536 0 2535 0 2640 0.5 2641 0.5 
1 2569 1 2601 0 2600 0 2640 0.5 2641 0.5 
1 2570 1 2602 0 2601 0 2640 0.5 2641 0.5 
1 2571 1 2602 0 2603 0 2640 0.5 2641 0.5 
0 2640 7.5 2537 0.5 2536 0.5 2538 0.5 2535 0.5 2602 0.5 2603 0.5 2601 0.5 2600 0.5 2604 0.5 2471 0.5 2472 0.5 2470 0.5 2569 0.5 2570 0.5 2571 0.5 
0 2641 7.5 2537 0.5 2536 0.5 2538 0.5 2535 0.5 2602 0.5 2603 0.5 2601 0.5 2600 0.5 2604 0.5 2471 0.5 2472 0.5 2470 0.5 2569 0.5 2570 0.5 2571 0.5 
NanList DIR 0
d
51
0 0 -13.6816 0 0 -13.6816 0 0 -13.6816 0 0 -13.6816 0 0 13.6816 0 0 13.6816 0 0 13.6816 0 0 13.6816 0 0 13.6816 0 0 13.6816 0 0 13.6816 0 0 13.6816 0 0 -13.6816 0 0 -13.6816 0 0 -13.6816 0 0 0 0 0 0 
