33 0.5 0.1 0.3 1 0 24 1
p
0
30
1000 0 0
1013.19 80.4353 0
1026.38 160.871 0
1029.02 242.914 0
1018.24 325.252 0
1005.56 407.691 0
992.616 490.285 0
984.443 573.083 0
985.475 655.549 0
1002.08 735.785 0
1035.66 810.511 0
1080 879.758 0
1130.88 944.88 0
1181.09 1010.72 12.5136
1224.33 1081.47 12.5136
1257.71 1157.52 12.5136
1275.22 1239.03 12.5136
1269.54 1323.09 12.5136
1244.28 1404.16 0
1210.78 1482.52 0
1175.75 1559.51 0
1147.17 1637.89 0
1132.86 1718.85 0
1136.27 1800.18 0
1156.53 1878.79 0
1191.81 1952.11 0
1241.61 2017.04 0
1295.69 2078.71 0
1341.84 2146.43 -9.04088
1366.29 2224.94 -9.04088
1362.98 2308.11 -9.04088
p
1
30
1200 0 0
1195.6 72.6314 0
1191.21 145.263 0
1187.23 218.169 0
1186.64 291.543 0
1185.85 364.819 0
1184.7 438.26 0
1183.04 512.058 0
1181.6 586.416 0
1180.19 661.293 0
1181.53 736.438 0
1186.79 811.198 0
1198.3 884.866 -12.5136
1213.76 957.581 -12.5136
1232.93 1029.19 -12.5136
1252.71 1100.7 -12.5136
1273.24 1172.1 -12.5136
1290.77 1244.53 -12.5136
1312.61 1317.07 -12.5136
1328.01 1390.9 0
1340.09 1465.46 0
1349.94 1540.18 0
1357.01 1614.91 0
1362.48 1689.58 0
1366.78 1764.38 0
1370.18 1839.48 0
1372.85 1914.89 0
1374.96 1990.46 0
1376.86 2065.9 0
1379.47 2140.98 9.04088
1383.72 2215.44 9.04088
p
2
30
1400 0 0
1392.8 91.0397 0
1385.6 182.079 0
1376.46 272.78 0
1364.21 363.044 0
1347.84 452.873 0
1326.44 541.832 0
1299.75 629.576 0
1268.91 716.069 0
1241.45 803.465 12.5136
1226.46 893.47 12.5136
1230.78 984.502 12.5136
1258.73 1071.92 12.5136
1304.49 1152.81 12.5136
1363.64 1225.96 0
1431.67 1292.27 0
1502.6 1355.79 0
1569.23 1422.78 0
1625.58 1497.14 0
1664.87 1580.54 -7.59232
1690.14 1668.72 -7.59232
1700.33 1759.76 -7.59232
1692.54 1851.23 -7.59232
1662.47 1938.32 0
1614.5 2017.63 0
1555.73 2090.11 0
1493.39 2159.93 0
1435.12 2232.94 9.04088
1385.22 2311.44 9.04088
1333.01 2389.22 9.04088
1279.61 2466.56 0
p
3
30
1600 0 0
1588.74 67.6834 0
1577.49 135.367 0
1567 203.199 0
1558.49 271.359 0
1551.14 339.66 0
1545.54 408.168 0
1542.21 476.904 0
1542.35 545.907 0
1546.19 615.033 0
1553.21 684.154 0
1560.68 753.303 0
1568.79 822.555 0
1577.11 891.935 0
1585.47 961.44 0
1593.89 1031.04 0
1602.52 1100.69 0
1611.61 1170.31 0
1621.48 1239.84 0
1632.48 1309.17 0
1644.95 1378.2 0
1659.23 1446.82 0
1675.56 1514.91 0
1693.18 1582.71 7.59232
1708.31 1650.92 7.59232
1719.92 1719.53 7.59232
1728.54 1788.33 7.59232
1735.3 1857.02 0
1741.72 1925.72 0
1748.15 1994.43 0
1754.57 2063.14 0
p
4
30
1800 0 0
1806.51 79.6706 0
1813.03 159.341 0
1818.11 239.031 0
1822.59 318.775 0
1824.65 398.515 0
1825.58 478.391 0
1825.15 558.317 0
1823.61 638.274 0
1821.22 718.249 0
1818.32 798.23 0
1815.24 878.211 0
1812.34 958.189 0
1810 1038.16 0
1808.58 1118.1 0
1808.41 1198.02 0
1809.8 1277.88 0
1813.03 1357.65 0
1818.31 1437.29 0
1825.81 1516.77 0
1835.61 1596.03 0
1847.71 1675.04 0
1862.05 1753.75 0
1878.46 1832.14 0
1896.69 1910.22 0
1916.37 1988.03 0
1937.06 2065.63 0
1958.21 2143.13 -10.2468
1979.22 2220.69 -10.2468
1999.8 2298.43 -10.2468
2020.4 2376.23 0
p
5
30
2000 0 0
2003 63.175 0
2006 126.35 0
2004.67 189.971 0
2005.78 253.611 0
2001.13 317.835 0
1996.89 382.08 0
1992.3 446.59 0
1987.73 511.339 0
1983.46 576.245 0
1979.71 641.2 0
1976.59 706.089 0
1974.19 770.815 0
1972.56 835.31 0
1971.72 899.549 0
1971.66 963.551 0
1972.35 1027.37 0
1973.72 1091.1 0
1975.69 1154.82 0
1978.15 1218.62 0
1980.97 1282.58 0
1984.01 1346.74 0
1987.11 1411.09 0
1990.12 1475.6 0
1992.92 1540.2 0
1995.4 1604.81 0
1997.51 1669.33 0
1999.21 1733.69 0
2000.5 1797.86 0
2001.36 1861.82 0
2001.8 1925.55 0
p
6
30
2200 0 0
2203.65 75.4994 0
2207.3 150.999 0
2212.75 226.384 0
2218.51 301.769 0
2224.9 377.088 0
2231.77 452.368 0
2238.18 527.705 0
2243.79 603.108 0
2248.09 678.596 0
2250.64 754.162 0
2251.07 829.778 0
2249.05 905.383 0
2244.33 980.898 0
2236.75 1056.22 0
2226.22 1131.25 0
2213.21 1205.94 0
2197.91 1280.26 0
2180.66 1354.21 0
2161.87 1427.83 0
2141.99 1501.18 0
2121.51 1574.38 0
2100.92 1647.54 0
2080.78 1720.79 0
2061.6 1794.28 0
2043.95 1868.15 0
2028.6 1942.56 0
2017.2 2017.81 0
2010.74 2093.96 0
2007.42 2170.42 10.2468
2005.12 2246.85 10.2468
p
7
30
2400 0 0
2393.34 77.8635 0
2386.67 155.727 0
2383 233.811 0
2381.98 312.02 0
2385.39 390.211 0
2388.92 468.549 0
2393.76 546.891 0
2398.74 625.276 0
2403.13 703.7 0
2406.2 782.149 0
2407.33 860.58 0
2405.96 938.919 0
2401.63 1017.07 0
2394.01 1094.9 0
2382.89 1172.27 0
2368.16 1249.05 0
2349.88 1325.11 0
2328.22 1400.37 0
2303.51 1474.78 0
2276.19 1548.39 0
2246.84 1621.28 0
2216.15 1693.66 0
2184.9 1765.78 0
2153.98 1837.96 0
2124.36 1910.57 0
2097.06 1983.96 0
2073.19 2058.5 0
2053.9 2134.48 0
2039.41 2211.79 0
2026.61 2289.64 0
p
8
30
2600 0 0
2587.53 81.7063 0
2575.07 163.413 0
2562.6 245.119 0
2550.13 326.825 0
2537.67 408.532 0
2525.2 490.238 0
2512.74 571.944 0
2500.27 653.65 0
2487.8 735.357 0
2475.34 817.063 0
2462.87 898.769 0
2450.4 980.476 0
2437.94 1062.18 0
2425.47 1143.89 0
2413 1225.59 0
2400.54 1307.3 0
2388.07 1389.01 0
2375.61 1470.71 0
2363.14 1552.42 0
2350.67 1634.13 0
2338.21 1715.83 0
2325.74 1797.54 0
2313.27 1879.24 0
2300.81 1960.95 0
2288.34 2042.66 0
2275.87 2124.36 0
2263.41 2206.07 0
2250.94 2287.78 0
2238.47 2369.48 0
2226.01 2451.19 0
p
9
30
2800 0 0
2796.73 71.4964 0
2793.45 142.993 0
2790.18 214.489 0
2786.91 285.986 0
2783.63 357.482 0
2780.36 428.978 0
2777.09 500.475 0
2773.82 571.971 0
2770.54 643.468 0
2767.27 714.964 0
2764 786.46 0
2760.72 857.957 0
2757.45 929.453 0
2754.18 1000.95 0
2750.9 1072.45 0
2747.63 1143.94 0
2744.36 1215.44 0
2741.09 1286.94 0
2737.81 1358.43 0
2734.54 1429.93 0
2731.27 1501.42 0
2727.99 1572.92 0
2724.72 1644.42 0
2721.45 1715.91 0
2718.17 1787.41 0
2714.9 1858.91 0
2711.63 1930.4 0
2708.36 2001.9 0
2705.08 2073.4 0
2701.81 2144.89 0
p
10
30
3000 0 0
2994.61 73.0896 0
2989.22 146.179 0
2983.82 219.269 0
2978.43 292.358 0
2973.04 365.448 0
2967.65 438.537 0
2962.26 511.627 0
2956.86 584.716 0
2951.47 657.806 0
2946.08 730.896 0
2940.69 803.985 0
2935.3 877.075 0
2929.9 950.164 0
2924.51 1023.25 0
2919.12 1096.34 0
2913.73 1169.43 0
2908.34 1242.52 0
2902.94 1315.61 0
2897.55 1388.7 0
2892.16 1461.79 0
2886.77 1534.88 0
2881.38 1607.97 0
2875.98 1681.06 0
2870.59 1754.15 0
2865.2 1827.24 0
2859.81 1900.33 0
2854.42 1973.42 0
2849.02 2046.51 0
2843.63 2119.6 0
2838.24 2192.69 0
p
11
30
3200 0 0
3197.25 58.6682 0
3194.5 117.336 0
3191.51 175.995 0
3188.25 234.641 0
3184.61 293.266 0
3180.5 351.862 0
3176.05 410.436 0
3171.24 468.984 0
3166.08 527.505 0
3160.59 586 0
3154.8 644.47 0
3148.72 702.914 0
3142.39 761.335 0
3135.81 819.733 0
3129 878.108 0
3121.99 936.463 0
3114.79 994.799 0
3107.43 1053.12 0
3099.91 1111.42 0
3092.27 1169.71 0
3084.51 1227.98 0
3076.65 1286.25 0
3068.72 1344.5 0
3060.72 1402.75 0
3052.68 1460.99 0
3044.61 1519.23 0
3036.54 1577.47 0
3028.47 1635.71 0
3020.42 1693.96 0
3012.41 1752.2 0
p
12
30
3400 0 0
3390.4 60.9662 0
3380.8 121.932 0
3371.08 182.88 0
3361.23 243.804 0
3351.17 304.695 0
3340.86 365.542 0
3330.34 426.356 0
3319.59 487.13 0
3308.61 547.864 0
3297.39 608.558 0
3285.95 669.21 0
3274.29 729.822 0
3262.39 790.391 0
3250.28 850.918 0
3237.94 911.403 0
3225.38 971.846 0
3212.61 1032.25 0
3199.62 1092.6 0
3186.43 1152.92 0
3173.03 1213.19 0
3159.43 1273.43 0
3145.62 1333.62 0
3131.63 1393.76 0
3117.45 1453.87 0
3103.08 1513.94 0
3088.53 1573.97 0
3073.81 1633.96 0
3058.93 1693.91 0
3043.9 1753.84 0
3028.82 1813.75 0
p
13
30
3600 0 0
3601.68 71.8477 0
3603.37 143.695 0
3605.05 215.543 0
3606.73 287.391 0
3608.42 359.238 0
3610.1 431.086 0
3611.78 502.934 0
3613.47 574.781 0
3615.15 646.629 0
3616.83 718.477 0
3618.51 790.324 0
3620.2 862.172 0
3621.88 934.02 0
3623.56 1005.87 0
3625.25 1077.71 0
3626.93 1149.56 0
3628.61 1221.41 0
3630.3 1293.26 0
3631.98 1365.11 0
3633.66 1436.95 0
3635.35 1508.8 0
3637.03 1580.65 0
3638.71 1652.5 0
3640.4 1724.34 0
3642.08 1796.19 0
3643.76 1868.04 0
3645.45 1939.89 0
3647.13 2011.73 0
3648.81 2083.58 0
3650.5 2155.43 0
p
14
30
3800 0 0
3796.16 93.8481 0
3792.32 187.696 0
3788.48 281.544 0
3784.64 375.392 0
3780.81 469.24 0
3776.97 563.089 0
3773.13 656.937 0
3769.29 750.785 0
3765.45 844.633 0
3761.61 938.481 0
3757.77 1032.33 0
3753.93 1126.18 0
3750.09 1220.03 0
3746.25 1313.87 0
3742.42 1407.72 0
3738.58 1501.57 0
3734.74 1595.42 0
3730.9 1689.27 0
3727.06 1783.11 0
3723.22 1876.96 0
3719.38 1970.81 0
3715.54 2064.66 0
3711.7 2158.51 0
3707.86 2252.35 0
3704.03 2346.2 0
3700.19 2440.05 0
3696.35 2533.9 0
3692.51 2627.75 0
3688.67 2721.59 0
3684.83 2815.44 0
p
15
30
4000 0 0
4002.97 73.9814 0
4005.94 147.963 0
4008.96 221.942 0
4011.8 295.928 0
4015.81 369.868 0
4020.18 443.789 0
4025.17 517.675 0
4030.63 591.548 0
4036.54 665.403 0
4042.82 739.246 0
4049.4 813.082 0
4056.2 886.915 0
4063.16 960.752 0
4070.2 1034.6 0
4077.24 1108.46 0
4084.21 1182.34 0
4091.05 1256.25 0
4097.66 1330.19 0
4104 1404.16 0
4109.97 1478.17 0
4115.52 1552.22 0
4120.57 1626.31 0
4125.06 1700.44 0
4128.91 1774.61 0
4132.07 1848.82 0
4134.46 1923.05 0
4136.03 1997.32 0
4136.72 2071.6 0
4136.47 2145.89 0
4135.39 2220.17 0
p
16
30
4200 0 0
4206.21 67.9334 0
4212.42 135.867 0
4218.46 203.829 0
4224.02 271.824 0
4230.45 339.765 0
4236.6 407.735 0
4242.61 475.739 0
4248.64 543.753 0
4254.61 611.791 0
4260.51 679.857 0
4266.31 747.955 0
4271.94 816.09 0
4277.33 884.267 0
4282.33 952.495 0
4286.75 1020.79 0
4290.8 1089.12 0
4294.37 1157.51 0
4297.46 1225.93 0
4300.03 1294.4 0
4302.04 1362.89 0
4303.44 1431.4 0
4304.16 1499.93 0
4304.14 1568.46 0
4303.27 1636.98 0
4301.47 1705.46 0
4298.61 1773.9 0
4294.57 1842.27 0
4289.22 1910.53 0
4282.54 1978.64 13.2289
4275.1 2046.67 13.2289
p
17
30
4400 0 0
4413.97 71.471 0
4427.94 142.942 0
4435.79 215.534 0
4442.97 288.234 0
4452.91 360.735 0
4463.11 433.21 0
4475.3 505.351 -12.2352
4489.44 577.11 -12.2352
4505.51 648.415 -12.2352
4522.96 719.387 -12.2352
4540.1 790.494 0
4555.69 862.009 -12.2352
4569.15 933.993 -12.2352
4580.41 1006.45 -12.2352
4589.33 1079.46 -12.2352
4595.32 1152.85 0
4596.38 1226.41 0
4591.94 1299.74 0
4581.84 1372.48 0
4565.96 1444.21 0
4544.57 1514.59 0
4519.52 1583.89 0
4491.16 1652.09 0
4460.22 1719.35 0
4427.33 1785.86 0
4393.05 1851.82 0
4357.88 1917.42 0
4322.26 1982.89 -13.2289
4286.03 2048.21 -13.2289
4247.81 2112.61 -13.2289
p
18
30
4600 0 0
4598.04 83.5852 0
4596.08 167.17 0
4593.49 250.506 0
4572.96 332.72 0
4548.89 414.05 0
4524.75 495.695 12.2352
4505.4 578.287 12.2352
4495.18 661.962 12.2352
4496.42 745.926 12.2352
4508.95 828.856 0
4532.46 909.732 12.2352
4566.45 987.595 12.2352
4609.92 1061.53 12.2352
4659.15 1132.34 12.2352
4709.25 1202.24 0
4747.59 1277.8 0
4766.67 1359.26 -4.37778
4771.96 1442.85 -4.37778
4763.93 1526.37 -4.37778
4740.97 1607.31 -4.37778
4705.99 1683.89 0
4660.51 1754.91 0
4606.29 1820.11 0
4545.41 1880.01 0
4480.3 1936.03 0
4413.72 1990.58 0
4348.74 2046.93 0
4287.46 2107.01 13.2289
4227.09 2168.32 13.2289
4169.23 2232.27 0
p
19
30
4800 0 0
4795.79 60.625 0
4791.58 121.25 0
4789.31 182.198 0
4788.61 243.254 0
4789.39 304.293 0
4790.61 365.317 0
4792.29 426.348 0
4794.19 487.388 0
4796.14 548.446 0
4798.03 609.531 0
4799.78 670.652 0
4801.34 731.817 0
4802.65 793.029 0
4803.68 854.29 0
4804.38 915.597 0
4804.73 976.941 0
4804.69 1038.31 0
4804.24 1099.69 0
4803.37 1161.08 0
4802.11 1222.46 0
4800.52 1283.82 0
4798.7 1345.18 0
4796.53 1406.6 4.37778
4793 1467.98 4.37778
4787.76 1529.22 4.37778
4781.13 1590.32 4.37778
4772.84 1651.3 0
4762.09 1712.04 -10.9421
4750.19 1772.67 -10.9421
4738.1 1833.26 -10.9421
p
20
30
5000 0 0
4992.78 71.1924 0
4985.57 142.385 0
4981.17 213.729 0
4977.36 285.082 0
4974.42 356.575 0
4972.14 428.131 0
4970.25 499.727 0
4968.48 571.338 0
4966.55 642.94 0
4964.22 714.51 0
4961.23 786.022 0
4957.35 857.454 0
4952.38 928.779 0
4946.12 999.971 0
4938.41 1071.01 0
4929.13 1141.86 0
4918.18 1212.5 0
4905.5 1282.91 0
4891.06 1353.07 0
4874.91 1422.97 0
4857.1 1492.6 0
4837.77 1561.96 0
4817.1 1631.06 0
4795.4 1699.96 10.9421
4773.2 1768.84 10.9421
4750.63 1837.67 10.9421
4727.94 1906.47 10.9421
4705.23 1975.28 0
4682.52 2044.09 0
4659.81 2112.89 0
p
21
30
5200 0 0
5200.81 73.4464 0
5201.63 146.893 0
5202.44 220.339 0
5203.25 293.786 0
5204.07 367.232 0
5204.88 440.678 0
5205.69 514.125 0
5206.51 587.571 0
5207.32 661.017 0
5208.13 734.464 0
5208.95 807.91 0
5209.76 881.357 0
5210.57 954.803 0
5211.39 1028.25 0
5212.2 1101.7 0
5213.01 1175.14 0
5213.83 1248.59 0
5214.64 1322.03 0
5215.46 1395.48 0
5216.27 1468.93 0
5217.08 1542.37 0
5217.9 1615.82 0
5218.71 1689.27 0
5219.52 1762.71 0
5220.34 1836.16 0
5221.15 1909.61 0
5221.96 1983.05 0
5222.78 2056.5 0
5223.59 2129.95 0
5224.4 2203.39 0
p
22
30
5400 0 0
5400.04 74.6416 0
5400.08 149.283 0
5400.13 223.925 0
5400.17 298.567 0
5400.21 373.208 0
5400.25 447.85 0
5400.29 522.491 0
5400.33 597.133 0
5400.38 671.775 0
5400.42 746.416 0
5400.46 821.058 0
5400.5 895.7 0
5400.54 970.341 0
5400.58 1044.98 0
5400.63 1119.62 0
5400.67 1194.27 0
5400.71 1268.91 0
5400.75 1343.55 0
5400.79 1418.19 0
5400.84 1492.83 0
5400.88 1567.47 0
5400.92 1642.12 0
5400.96 1716.76 0
5401 1791.4 0
5401.04 1866.04 0
5401.09 1940.68 0
5401.13 2015.32 0
5401.17 2089.97 0
5401.21 2164.61 0
5401.25 2239.25 0
p
23
30
5600 0 0
5597.88 60.3894 0
5595.75 120.779 0
5593.63 181.168 0
5591.51 241.558 0
5589.38 301.947 0
5587.26 362.336 0
5585.14 422.726 0
5583.01 483.115 0
5580.89 543.504 0
5578.77 603.894 0
5576.64 664.283 0
5574.52 724.673 0
5572.4 785.062 0
5570.27 845.451 0
5568.15 905.841 0
5566.03 966.23 0
5563.91 1026.62 0
5561.78 1087.01 0
5559.66 1147.4 0
5557.54 1207.79 0
5555.41 1268.18 0
5553.29 1328.57 0
5551.17 1388.96 0
5549.04 1449.35 0
5546.92 1509.73 0
5544.8 1570.12 0
5542.67 1630.51 0
5540.55 1690.9 0
5538.43 1751.29 0
5536.3 1811.68 0
p
24
30
5800 0 0
5794.42 70.648 0
5788.85 141.296 0
5783.27 211.944 0
5777.69 282.592 0
5772.11 353.24 0
5766.54 423.888 0
5760.96 494.536 0
5755.38 565.184 0
5749.81 635.832 0
5744.23 706.48 0
5738.65 777.128 0
5733.07 847.776 0
5727.5 918.423 0
5721.92 989.071 0
5716.34 1059.72 0
5710.77 1130.37 0
5705.19 1201.02 0
5699.61 1271.66 0
5694.03 1342.31 0
5688.46 1412.96 0
5682.88 1483.61 0
5677.3 1554.26 0
5671.73 1624.9 0
5666.15 1695.55 0
5660.57 1766.2 0
5654.99 1836.85 0
5649.42 1907.49 0
5643.84 1978.14 0
5638.26 2048.79 0
5632.69 2119.44 0
p
25
30
6000 0 0
6004.44 73.5521 0
6008.88 147.104 0
6013.31 220.656 0
6017.75 294.208 0
6022.19 367.76 0
6026.63 441.312 0
6031.07 514.865 0
6035.5 588.417 0
6039.94 661.969 0
6044.38 735.521 0
6048.82 809.073 0
6053.26 882.625 0
6057.69 956.177 0
6062.13 1029.73 0
6066.57 1103.28 0
6071.01 1176.83 0
6075.45 1250.39 0
6079.88 1323.94 0
6084.32 1397.49 0
6088.76 1471.04 0
6093.2 1544.59 0
6097.64 1618.15 0
6102.07 1691.7 0
6106.51 1765.25 0
6110.95 1838.8 0
6115.39 1912.35 0
6119.82 1985.91 0
6124.26 2059.46 0
6128.7 2133.01 0
6133.14 2206.56 0
p
26
30
6200 0 0
6200.93 68.1983 0
6201.87 136.397 0
6202.8 204.595 0
6203.73 272.793 0
6204.67 340.991 0
6205.6 409.19 0
6206.53 477.388 0
6207.46 545.586 0
6208.4 613.784 0
6209.33 681.983 0
6210.26 750.181 0
6211.2 818.379 0
6212.13 886.577 0
6213.06 954.776 0
6214 1022.97 0
6214.93 1091.17 0
6215.86 1159.37 0
6216.8 1227.57 0
6217.73 1295.77 0
6218.66 1363.97 0
6219.6 1432.16 0
6220.53 1500.36 0
6221.46 1568.56 0
6222.39 1636.76 0
6223.33 1704.96 0
6224.26 1773.15 0
6225.19 1841.35 0
6226.13 1909.55 0
6227.06 1977.75 0
6227.99 2045.95 0
p
27
30
6400 0 0
6401.49 84.0435 0
6402.98 168.087 0
6404.74 252.118 0
6406.77 336.141 0
6409.14 420.155 0
6411.76 504.164 0
6414.69 588.165 0
6417.89 672.158 0
6421.37 756.142 0
6425.12 840.117 0
6429.11 924.083 0
6433.33 1008.04 0
6437.78 1091.99 0
6442.44 1175.93 0
6447.28 1259.86 0
6452.29 1343.79 0
6457.46 1427.7 0
6462.77 1511.61 0
6468.19 1595.52 0
6473.71 1679.42 0
6479.3 1763.32 0
6484.95 1847.21 0
6490.64 1931.1 0
6496.34 2014.99 0
6502.03 2098.88 0
6507.69 2182.78 0
6513.3 2266.67 0
6518.87 2350.57 -13.0556
6524.48 2434.47 -13.0556
6530.11 2518.37 -13.0556
p
28
30
6600 0 0
6612.01 75.8493 0
6624.02 151.699 0
6634.35 227.836 0
6642.77 304.24 0
6648.86 380.907 0
6653.45 457.697 0
6656.42 534.594 0
6657.95 611.552 0
6658.21 688.535 0
6657.35 765.518 0
6655.48 842.488 0
6652.66 919.44 0
6648.9 996.369 0
6644.91 1073.31 0
6640.71 1150.28 0
6636.47 1227.3 0
6632.28 1304.37 0
6628.18 1381.52 0
6624.17 1458.74 0
6620.2 1536.03 0
6616.17 1613.39 0
6611.95 1690.8 0
6607.37 1768.25 0
6602.22 1845.7 0
6596.26 1923.12 0
6589.2 2000.47 0
6580.72 2077.67 0
6570.43 2154.65 0
6557.93 2231.28 0
6543.28 2307.51 0
p
29
30
6800 0 0
6803.38 83.289 0
6806.75 166.578 0
6811.74 249.792 0
6818.34 332.905 0
6826.83 415.867 0
6836.15 498.766 0
6846.11 581.614 0
6856.1 664.472 0
6865.49 747.408 0
6873.59 830.479 0
6879.72 913.713 0
6883.21 997.093 0
6883.48 1080.54 0
6880.63 1163.96 0
6874.4 1247.21 0
6864.77 1330.16 0
6851.79 1412.71 0
6835.62 1494.75 0
6816.48 1576.21 0
6794.67 1657.08 0
6770.58 1737.36 0
6744.63 1817.14 0
6717.31 1896.52 0
6689.14 1975.67 0
6660.7 2054.77 0
6632.59 2134.03 0
6605.44 2213.67 0
6579.55 2293.76 0
6553.96 2374.01 13.0556
6528.37 2454.25 13.0556
p
30
30
7000 0 0
7008.29 76.8101 0
7016.59 153.62 0
7023.4 230.58 0
7028.51 307.686 0
7031.58 384.92 0
7032.65 462.232 0
7032.41 539.568 0
7032.45 616.914 0
7034.04 694.239 0
7038.9 771.424 0
7048.78 848.143 0
7065.3 923.773 0
7087.74 997.982 0
7116.69 1070.1 0
7151.98 1139.59 0
7193.28 1206.04 0
7240.03 1269.18 0
7291.54 1328.98 0
7347.03 1385.6 0
7405.65 1439.48 0
7466.54 1491.25 0
7528.79 1541.74 0
7591.49 1591.93 0
7653.71 1642.87 0
7714.61 1695.39 0
7774.26 1749.44 0
7832.76 1804.73 0
7890.56 1860.73 0
7948.24 1916.87 -9.49784
8006.16 1972.73 -9.49784
p
31
30
7200 0 0
7197.91 59.4006 0
7195.82 118.801 0
7195.78 178.298 0
7198.26 237.812 0
7203.97 297.201 0
7213.42 356.237 0
7225.73 414.832 0
7240.68 472.896 0
7258.04 530.359 0
7277.49 587.209 0
7298.69 643.473 0
7321.43 699.189 0
7344.4 754.842 0
7367.52 810.499 0
7390.47 866.302 0
7413.08 922.34 0
7435.23 978.661 0
7456.93 1035.28 0
7478.23 1092.17 0
7499.23 1149.29 0
7520.12 1206.58 0
7541.12 1263.96 0
7562.53 1321.3 0
7584.72 1378.46 0
7608.13 1435.24 0
7633.29 1491.36 0
7660.82 1546.44 0
7691.45 1599.98 0
7725.99 1651.23 0
7764.35 1699.88 0
p
32
30
7400 0 0
7412.15 70.2691 0
7424.31 140.538 0
7435.17 211.022 0
7444.35 281.753 0
7451.27 352.767 0
7455.43 424.028 0
7459.96 495.346 0
7463.58 566.746 0
7467.22 638.174 0
7471.45 709.582 0
7476.84 780.901 0
7483.95 852.041 0
7493.33 922.88 0
7505.46 993.258 0
7520.75 1062.98 0
7539.38 1131.88 0
7561.5 1199.74 0
7587.14 1266.39 0
7616.18 1331.68 0
7648.42 1395.54 0
7683.54 1457.95 0
7721.12 1519 0
7760.68 1578.88 0
7801.63 1637.87 0
7843.36 1696.34 0
7885.17 1754.75 0
7926.31 1813.6 0
7965.99 1873.44 9.49784
8003.92 1934.48 9.49784
8041.54 1995.69 9.49784
p
33
30
7600 0 0
7601.41 66.8329 0
7602.81 133.666 0
7603.64 200.505 0
7603.99 267.349 0
7603.99 334.195 0
7603.99 401.045 0
7604.51 467.892 0
7605.77 534.739 0
7608.15 601.563 0
7611.98 668.333 0
7617.52 734.996 0
7625.05 801.485 0
7634.78 867.715 0
7646.9 933.581 0
7661.56 998.967 0
7678.3 1063.89 0
7697.1 1128.29 0
7717.77 1192.17 0
7740.1 1255.52 0
7763.92 1318.39 0
7788.99 1380.8 0
7815.12 1442.82 0
7842.09 1504.51 0
7869.68 1565.96 0
7897.67 1627.24 0
7925.84 1688.45 0
7953.97 1749.69 0
7981.83 1811.05 0
8009.21 1872.62 0
8036.03 1934.43 0
p
34
30
7800 0 0
7813.81 81.8486 0
7827.62 163.697 0
7841.43 245.546 0
7855.23 327.395 0
7869.04 409.243 0
7882.85 491.092 0
7896.66 572.94 0
7910.47 654.789 0
7924.28 736.638 0
7938.09 818.486 0
7951.89 900.335 0
7965.7 982.184 0
7979.51 1064.03 0
7993.32 1145.88 0
8007.13 1227.73 0
8020.94 1309.58 0
8034.75 1391.43 0
8048.55 1473.28 0
8062.36 1555.12 0
8076.17 1636.97 0
8089.98 1718.82 0
8103.79 1800.67 0
8117.6 1882.52 0
8131.41 1964.37 0
8145.21 2046.22 0
8159.02 2128.06 0
8172.83 2209.91 0
8186.64 2291.76 0
8200.45 2373.61 0
8214.26 2455.46 0
p
35
30
8000 0 0
8008.07 73.0001 0
8016.14 146 0
8024.06 219.018 0
8031.96 292.045 0
8039.87 365.08 0
8047.85 438.123 0
8055.95 511.187 0
8064.14 584.312 0
8071.97 657.594 0
8079.95 730.78 0
8087.99 803.961 0
8096.15 877.131 0
8104.48 950.283 0
8113.01 1023.41 0
8121.8 1096.51 0
8130.9 1169.57 0
8140.39 1242.58 0
8150.36 1315.52 0
8160.94 1388.38 0
8172.28 1461.13 0
8184.59 1533.72 0
8198.13 1606.11 0
8213.3 1678.25 0
8230.62 1749.95 0
8249.55 1821.14 0
8268.79 1892.16 0
8288.02 1963.19 0
8307.26 2034.21 0
8326.49 2105.24 0
8345.73 2176.26 0
p
36
30
8200 0 0
8203.64 77.2507 0
8207.28 154.501 0
8211.51 231.711 0
8216.93 308.844 0
8224.29 385.823 0
8234.64 462.479 0
8249.29 538.485 0
8269.5 613.298 0
8294.75 686.613 0
8319.49 760.152 0
8341.57 834.411 0
8357.57 909.985 0
8364.72 986.62 0
8359.72 1063.39 0
8345.01 1139.07 0
8322.6 1213.04 0
8296.21 1285.84 0
8270.11 1358.73 0
8248.69 1433 0
8235.82 1509.04 0
8234.19 1586.05 0
8243.9 1662.48 0
8261.63 1737.59 0
8287.54 1810.61 0
8324.95 1879.06 0
8370.55 1942.85 0
8419.19 2004.53 0
8465.56 2067.68 -13.2183
8505.92 2134.34 -13.2183
8544.19 2202.52 -13.2183
p
37
30
8400 0 0
8408.15 64.0335 0
8416.3 128.067 0
8424.09 192.167 0
8431.51 256.322 0
8438.45 320.543 0
8444.89 384.828 0
8451.02 449.153 0
8457.44 513.449 0
8465.25 577.587 0
8472.46 641.884 0
8479.39 706.315 0
8484.1 771.235 0
8488.04 836.535 0
8486.57 903.023 0
8488.19 969.375 0
8490.51 1036.09 0
8494.93 1102.83 0
8500.52 1169.44 0
8506.86 1235.75 0
8513.57 1301.74 0
8520.34 1367.53 0
8526.92 1433.34 0
8533.17 1499.37 0
8538.94 1565.79 0
8544 1632.63 0
8547.97 1699.8 0
8550.14 1767.12 0
8549.24 1834.34 0
8543.05 1901.04 -3.43289
8530.31 1966.49 -3.43289
p
38
30
8600 0 0
8596.45 86.7249 0
8592.91 173.45 0
8588 260.103 0
8581.73 346.668 0
8573.69 433.089 0
8563.69 519.307 0
8551.85 605.287 0
8539.02 691.102 0
8528.64 777.145 0
8532.96 863.781 0
8557.45 947.415 0
8605.26 1021.52 0
8674.45 1078.93 0
8751.92 1126.22 0
8825.17 1179.51 0
8882.88 1247.68 -13.6948
8917.5 1328.49 -13.6948
8928.4 1415.05 -13.6948
8915.47 1501.23 -13.6948
8881.83 1582.21 -13.6948
8833.04 1656.14 0
8771.48 1721.05 0
8704.12 1780.59 0
8638.59 1841.98 0
8583.1 1911.98 3.43289
8545.73 1992.71 3.43289
8528.56 2080.11 13.2183
8531.91 2170.15 13.2183
8540.22 2259.78 13.2183
8548.68 2349.46 0
p
39
30
8800 0 0
8802.57 66.9397 0
8805.15 133.879 0
8807.89 200.822 0
8810.97 267.756 0
8814.53 334.679 0
8818.72 401.584 0
8823.73 468.466 0
8829.61 535.336 0
8836.17 602.241 0
8843.42 669.028 0
8851.46 735.749 0
8860.31 802.41 0
8869.94 869.025 0
8880.28 935.62 0
8891.16 1002.24 0
8902.29 1068.93 0
8913.19 1135.77 0
8923.13 1202.83 0
8931.79 1270.09 13.6948
8937.36 1337.72 13.6948
8937.46 1405.44 13.6948
8931.65 1472.82 13.6948
8921.01 1539.56 13.6948
8906.75 1605.58 13.6948
8889.81 1670.87 0
8870.67 1735.52 0
8849.41 1799.52 0
8826.04 1862.83 0
8800.53 1925.36 0
8773.22 1987.14 0
p
40
30
9000 0 0
8989.92 70.2098 0
8979.85 140.42 0
8970.36 210.71 0
8961.76 281.115 0
8954.59 351.688 0
8949.57 422.465 0
8947.66 493.433 0
8950.19 564.458 0
8958.9 635.135 0
8970.78 705.509 0
8985.78 775.46 0
9002.86 845.08 0
9020.88 914.55 0
9038.69 984.097 0
9055.13 1053.93 0
9069.1 1124.2 0
9079.55 1194.93 0
9085.61 1266 -7.73635
9086.59 1337.17 -7.73635
9081.97 1408.06 -7.73635
9071.43 1478.24 -7.73635
9054.86 1547.22 -7.73635
9032.3 1614.5 0
9004.21 1679.75 0
8971.36 1742.86 0
8934.7 1803.96 0
8895.35 1863.47 0
8854.54 1922.08 0
8813.37 1980.45 0
8772.02 2038.83 0
p
41
30
9200 0 0
9194.2 64.8354 0
9188.41 129.671 0
9183.15 194.549 0
9177.99 259.439 0
9173.04 324.347 0
9168.28 389.273 0
9163.68 454.212 0
9159.22 519.164 0
9154.87 584.126 0
9150.61 649.096 0
9146.41 714.072 0
9142.24 779.05 0
9138.09 844.03 0
9133.93 909.009 0
9129.72 973.984 0
9125.46 1038.95 0
9121.11 1103.92 0
9116.64 1168.87 0
9112.06 1233.81 7.73635
9107.4 1298.76 7.73635
9102.63 1363.7 7.73635
9097.71 1428.63 7.73635
9092.65 1493.54 7.73635
9087.47 1558.44 0
9082.28 1623.33 0
9077.08 1688.22 0
9071.88 1753.11 0
9066.68 1817.99 0
9061.48 1882.88 0
9056.28 1947.77 0
p
42
30
9400 0 0
9392.81 78.284 0
9385.63 156.568 0
9378.96 234.879 0
9372.74 313.221 0
9366.91 391.591 0
9361.36 469.982 0
9356.12 548.403 0
9351.14 626.845 0
9346.36 705.302 0
9341.74 783.772 0
9337.23 862.252 0
9332.8 940.738 0
9328.38 1019.23 0
9323.95 1097.71 0
9319.45 1176.2 0
9314.84 1254.67 0
9310.09 1333.14 0
9305.15 1411.59 0
9299.99 1490.03 0
9294.58 1568.45 0
9288.88 1646.84 0
9282.87 1725.21 0
9276.53 1803.55 0
9269.82 1881.85 0
9262.74 1960.12 0
9255.27 2038.35 0
9247.4 2116.55 0
9239.13 2194.7 0
9230.55 2272.84 -15.0586
9221.91 2350.98 -15.0586
p
43
30
9600 0 0
9605.45 73.4791 0
9610.9 146.958 0
9613.28 220.716 0
9612.03 294.62 0
9606.82 368.473 0
9597.78 442.073 0
9586.81 515.456 0
9574.07 588.607 0
9560.13 661.565 0
9545.43 734.376 0
9530.18 807.081 0
9515.44 879.881 0
9501.19 952.792 0
9487.59 1025.85 0
9474.7 1099.08 0
9462.52 1172.47 0
9450.97 1246.03 0
9439.99 1319.74 0
9429.46 1393.6 0
9419.26 1467.59 0
9409.26 1541.69 0
9399.25 1615.88 0
9389.03 1690.11 0
9378.28 1764.33 0
9366.6 1838.46 0
9353.45 1912.39 0
9338.14 1985.91 0
9319.73 2058.74 0
9297.04 2130.38 0
9269.89 2200.42 0
p
44
30
9800 0 0
9796.98 86.1442 0
9793.95 172.288 0
9793.16 258.497 0
9794.72 344.719 0
9798.68 430.9 0
9804.81 516.996 0
9811.48 603.091 0
9817.82 689.232 0
9822.51 775.484 0
9824.22 861.845 0
9821.67 948.186 0
9815.14 1034.33 0
9804.02 1120.04 0
9788.13 1205.06 0
9767.48 1289.13 0
9742.19 1372.05 0
9712.51 1453.64 0
9678.82 1533.82 0
9641.59 1612.6 0
9601.37 1690.08 0
9558.8 1766.46 0
9514.56 1842.03 0
9469.37 1917.15 0
9424.01 1992.24 0
9379.27 2067.76 0
9335.97 2144.13 0
9294.44 2221.49 15.0586
9253.2 2299.06 15.0586
9211.89 2376.62 15.0586
9170.57 2454.18 15.0586
p
45
30
10000 0 0
9996.5 90.4275 0
9993 180.855 0
9989.49 271.282 0
9985.99 361.71 0
9982.49 452.137 0
9978.99 542.565 0
9975.48 632.992 0
9971.98 723.42 0
9968.48 813.847 0
9964.98 904.275 0
9961.48 994.702 0
9957.97 1085.13 0
9954.47 1175.56 0
9950.97 1265.98 0
9947.47 1356.41 0
9943.97 1446.84 0
9940.46 1537.27 0
9936.96 1627.69 0
9933.46 1718.12 0
9929.96 1808.55 0
9926.45 1898.98 0
9922.95 1989.4 0
9919.45 2079.83 0
9915.95 2170.26 0
9912.45 2260.69 0
9908.94 2351.11 0
9905.44 2441.54 0
9901.94 2531.97 0
9898.44 2622.4 0
9894.94 2712.82 0
p
46
30
10200 0 0
10192.7 66.0424 0
10185.4 132.085 0
10178.1 198.127 0
10170.8 264.17 0
10163.5 330.212 0
10156.2 396.254 0
10148.9 462.297 0
10141.6 528.339 0
10134.3 594.382 0
10127 660.424 0
10119.7 726.466 0
10112.4 792.509 0
10105.1 858.551 0
10097.8 924.594 0
10090.4 990.636 0
10083.1 1056.68 0
10075.8 1122.72 0
10068.5 1188.76 0
10061.2 1254.81 0
10053.9 1320.85 0
10046.6 1386.89 0
10039.3 1452.93 0
10032 1518.98 0
10024.7 1585.02 0
10017.4 1651.06 0
10010.1 1717.1 0
10002.8 1783.14 0
9995.5 1849.19 0
9988.2 1915.23 0
9980.9 1981.27 0
p
47
30
10400 0 0
10397 66.0224 0
10394 132.045 0
10391 198.067 0
10388 264.09 0
10384.9 330.112 0
10381.9 396.135 0
10378.9 462.157 0
10375.9 528.179 0
10372.9 594.202 0
10369.9 660.224 0
10366.9 726.247 0
10363.9 792.269 0
10360.9 858.292 0
10357.8 924.314 0
10354.8 990.336 0
10351.8 1056.36 0
10348.8 1122.38 0
10345.8 1188.4 0
10342.8 1254.43 0
10339.8 1320.45 0
10336.8 1386.47 0
10333.8 1452.49 0
10330.7 1518.52 0
10327.7 1584.54 0
10324.7 1650.56 0
10321.7 1716.58 0
10318.7 1782.61 0
10315.7 1848.63 0
10312.7 1914.65 0
10309.7 1980.67 0
p
48
30
10600 0 0
10611.2 68.9989 0
10622.5 137.998 0
10633 207.125 0
10642.6 276.374 0
10651.4 345.761 0
10659.4 415.239 0
10666.7 484.816 0
10673.3 554.477 0
10679.2 624.214 0
10684.5 694.017 0
10689.3 763.878 0
10693.5 833.789 0
10697.3 903.744 0
10700.7 973.737 0
10703.7 1043.76 0
10706.4 1113.82 0
10708.8 1183.9 0
10711 1254 0
10713 1324.12 0
10714.9 1394.25 0
10716.6 1464.39 0
10718.3 1534.55 0
10720 1604.71 0
10721.7 1674.88 0
10723.5 1745.04 0
10725.4 1815.21 0
10727.5 1885.38 0
10729.9 1955.54 0
10732.5 2025.68 -4.47139
10735.3 2095.82 -4.47139
p
49
30
10800 0 0
10806.1 81.9978 0
10812.1 163.996 0
10817.4 246.04 0
10822.4 328.11 0
10826.9 410.212 0
10830.8 492.35 0
10834.2 574.524 0
10836.9 656.731 0
10839 738.971 0
10840.3 821.242 0
10841 903.541 0
10841 985.863 0
10840.1 1068.21 0
10838.5 1150.56 0
10836.1 1232.93 0
10832.8 1315.3 0
10828.7 1397.67 0
10823.7 1480.02 0
10817.9 1562.36 0
10811.2 1644.68 0
10803.7 1726.97 0
10795.2 1809.22 0
10786 1891.42 0
10775.8 1973.57 0
10764.9 2055.67 4.47139
10753.2 2137.72 4.47139
10741.5 2219.77 0
10729.8 2301.81 0
10718 2383.86 0
10706.3 2465.9 0
p
50
30
11000 0 0
11000.4 67.2727 0
11000.8 134.545 0
11001.2 201.818 0
11001.6 269.091 0
11002 336.364 0
11002.3 403.636 0
11002.7 470.909 0
11003.1 538.182 0
11003.5 605.455 0
11003.9 672.727 0
11004.3 740 0
11004.7 807.273 0
11005.1 874.546 0
11005.5 941.818 0
11005.9 1009.09 0
11006.3 1076.36 0
11006.6 1143.64 0
11007 1210.91 0
11007.4 1278.18 0
11007.8 1345.45 0
11008.2 1412.73 0
11008.6 1480 0
11009 1547.27 0
11009.4 1614.55 0
11009.8 1681.82 0
11010.2 1749.09 0
11010.6 1816.36 0
11010.9 1883.64 0
11011.3 1950.91 0
11011.7 2018.18 0
p
51
30
11200 0 0
11199.6 62.1559 0
11199.2 124.312 0
11198.8 186.468 0
11198.5 248.624 0
11198.1 310.779 0
11197.7 372.935 0
11197.3 435.091 0
11196.9 497.247 0
11196.5 559.403 0
11196.2 621.559 0
11195.8 683.715 0
11195.4 745.871 0
11195 808.026 0
11194.6 870.182 0
11194.2 932.338 0
11193.9 994.494 0
11193.5 1056.65 0
11193.1 1118.81 0
11192.7 1180.96 0
11192.3 1243.12 0
11191.9 1305.27 0
11191.6 1367.43 0
11191.2 1429.59 0
11190.8 1491.74 0
11190.4 1553.9 0
11190 1616.05 0
11189.6 1678.21 0
11189.3 1740.36 0
11188.9 1802.52 0
11188.5 1864.68 0
p
52
30
11400 0 0
11400.2 74.9868 0
11400.4 149.974 0
11400 224.957 0
11399.1 299.936 0
11397.8 374.91 0
11396.2 449.878 0
11394.5 524.844 0
11393 599.811 0
11392 674.784 0
11392 749.761 0
11393.5 824.722 0
11397.1 899.619 0
11403.2 974.361 0
11412.4 1048.81 0
11425.2 1122.76 0
11441.4 1196.1 0
11461.2 1268.64 0
11484.4 1340.22 0
11511.1 1410.71 0
11540.9 1480.02 0
11573.7 1548.14 0
11609 1615.08 0
11646.5 1680.94 0
11685.7 1745.88 0
11726.3 1810.12 0
11767.6 1873.94 0
11809.2 1937.65 0
11850.6 2001.49 0
11892 2065.38 -12.0861
11933.4 2129.27 -12.0861
p
53
30
11600 0 0
11590.3 67.3799 0
11580.5 134.76 0
11571.9 202.306 0
11564.5 270.02 0
11558.2 337.852 0
11553.3 405.813 0
11549.8 473.885 0
11547.9 542.038 0
11547.6 610.239 0
11549.1 678.446 0
11552.3 746.616 0
11557.5 814.698 0
11564.5 882.64 0
11573.6 950.383 0
11584.7 1017.86 0
11597.3 1085.13 0
11611.2 1152.18 0
11626.4 1219.03 0
11642.6 1285.68 0
11659.9 1352.14 0
11678.1 1418.41 0
11697.2 1484.48 0
11717.2 1550.34 0
11738.2 1615.95 0
11760.2 1681.27 0
11783.3 1746.27 0
11807.6 1810.87 0
11833.2 1875 0
11860.3 1938.59 0
11888.7 2001.63 0
p
54
30
11800 0 0
11805.8 71.5938 0
11811.5 143.188 0
11817.4 214.754 0
11823.4 286.306 0
11829.3 357.871 0
11835.1 429.443 0
11840.8 501.028 0
11846.3 572.629 0
11851.4 644.251 0
11856.3 715.895 0
11860.8 787.564 0
11864.9 859.258 0
11868.5 930.976 0
11871.9 1002.71 0
11875 1074.46 0
11877.8 1146.21 0
11880.6 1217.97 0
11883.3 1289.74 0
11886.1 1361.5 0
11888.9 1433.26 0
11891.9 1505.01 0
11895.2 1576.75 0
11898.8 1648.47 0
11902.8 1720.17 0
11907.1 1791.85 0
11912 1863.5 0
11917.3 1935.11 0
11923.1 2006.68 0
11929.8 2078.18 12.0861
11937.3 2149.61 12.0861
p
55
30
12000 0 0
11996.7 70.9505 0
11993.5 141.901 0
11990.4 212.87 0
11987.6 283.853 0
11984.9 354.839 0
11982.4 425.832 0
11980.2 496.833 0
11978.2 567.841 0
11976.4 638.856 0
11974.9 709.878 0
11973.7 780.906 0
11972.8 851.939 0
11972.2 922.977 0
11971.8 994.017 0
11971.6 1065.06 0
11971.6 1136.1 0
11971.7 1207.14 0
11971.8 1278.19 0
11971.9 1349.23 0
11972 1420.28 0
11972.1 1491.32 0
11972 1562.37 0
11971.8 1633.41 0
11971.4 1704.45 0
11970.7 1775.49 0
11969.8 1846.52 0
11968.5 1917.55 0
11966.8 1988.56 0
11964.6 2059.57 0
11962 2130.55 0
p
56
30
12200 0 0
12201.6 79.1233 0
12203.3 158.247 0
12204.9 237.37 0
12206.6 316.493 0
12208.2 395.616 0
12209.9 474.74 0
12211.5 553.863 0
12213.2 632.986 0
12214.8 712.109 0
12216.4 791.233 0
12218.1 870.356 0
12219.7 949.479 0
12221.4 1028.6 0
12223 1107.73 0
12224.7 1186.85 0
12226.3 1265.97 0
12228 1345.1 0
12229.6 1424.22 0
12231.3 1503.34 0
12232.9 1582.47 0
12234.5 1661.59 0
12236.2 1740.71 0
12237.8 1819.84 0
12239.5 1898.96 0
12241.1 1978.08 0
12242.8 2057.2 0
12244.4 2136.33 0
12246.1 2215.45 0
12247.7 2294.57 0
12249.3 2373.7 0
p
57
30
12400 0 0
12398.9 75.0916 0
12397.9 150.183 0
12396.8 225.275 0
12395.8 300.366 0
12394.7 375.458 0
12393.7 450.549 0
12392.6 525.641 0
12391.6 600.733 0
12390.5 675.824 0
12389.5 750.916 0
12388.4 826.007 0
12387.4 901.099 0
12386.3 976.191 0
12385.3 1051.28 0
12384.2 1126.37 0
12383.2 1201.47 0
12382.1 1276.56 0
12381.1 1351.65 0
12380 1426.74 0
12379 1501.83 0
12377.9 1576.92 0
12376.9 1652.01 0
12375.8 1727.11 0
12374.7 1802.2 0
12373.7 1877.29 0
12372.6 1952.38 0
12371.6 2027.47 0
12370.5 2102.56 0
12369.5 2177.66 0
12368.4 2252.75 0
p
58
30
12600 0 0
12615.2 67.312 0
12630.5 134.624 0
12645 202.084 0
12658.2 269.82 0
12669.2 337.971 0
12676.8 406.631 0
12681.5 475.62 0
12683.7 544.821 0
12683.7 614.151 0
12682 683.542 0
12679.1 752.954 0
12675.6 822.378 0
12672.2 891.816 0
12669.7 961.27 0
12668.7 1030.72 0
12669.9 1100.09 0
12673.7 1169.31 0
12680.6 1238.21 0
12690.9 1306.63 0
12704.8 1374.36 0
12722.5 1441.2 0
12744.2 1506.85 0
12770.5 1570.85 0
12801.4 1632.88 0
12836.4 1692.71 0
12875.2 1750.36 0
12916.9 1806.13 0
12960.4 1860.75 0
13004.8 1914.8 -3.43149
13050.7 1967.9 -3.43149
p
59
30
12800 0 0
12797.7 64.7331 0
12795.4 129.466 0
12793.4 194.206 0
12792.1 258.963 0
12792.3 323.762 0
12793.9 388.567 0
12796.7 453.365 0
12800.7 518.104 0
12805.7 582.786 0
12811.4 647.41 0
12817.8 711.987 0
12824.6 776.546 0
12831.5 841.126 0
12838.4 905.776 0
12844.9 970.545 0
12851 1035.48 0
12856.3 1100.63 0
12861 1166.04 0
12865.2 1231.69 0
12870.3 1297.44 0
12877.2 1363.13 0
12887.3 1428.46 0
12900.8 1493.11 0
12917.3 1557.01 0
12935.7 1620.38 0
12955.6 1683.32 0
12976.8 1745.86 0
12999.6 1807.9 0
13024.2 1869.2 3.43149
13050.9 1929.62 3.43149
p
60
30
13000 0 0
12983.9 63.3413 0
12967.8 126.683 0
12954.1 190.729 0
12944.4 255.689 0
12938.7 321.277 0
12936.8 387.226 0
12935.2 453.146 0
12934.4 519.103 0
12933.6 585.002 0
12932.3 650.794 0
12929.9 716.456 0
12926.4 782.006 0
12921.8 847.498 0
12916.2 913.022 0
12909.9 978.691 0
12903.5 1044.63 0
12897.9 1110.92 0
12894.9 1177.58 0
12896.1 1244.48 0
12902.2 1311.31 0
12913.6 1377.58 0
12927.4 1443.52 0
12942.6 1509.29 0
12962.7 1573.58 -11.4104
12985.1 1637 -11.4104
13008.2 1700.01 -11.4104
13031.1 1762.83 -11.4104
13052.7 1825.84 -11.4104
13070.3 1889.8 -11.4104
13081.1 1955.12 0
p
61
30
13200 0 0
13195.7 90.151 0
13191.4 180.302 0
13193.8 270.707 0
13204.8 360.77 0
13221.7 450.085 0
13239.7 539.152 -12.6881
13252.9 628.888 -12.6881
13257.2 719.108 -12.6881
13249 808.82 -12.6881
13226.9 896.294 -12.6881
13191.9 979.967 -12.6881
13149 1060.5 0
13103 1139.67 0
13059.6 1220.19 0
13024.1 1304.11 0
13000.3 1391.71 0
12988.8 1481.68 0
12988.6 1572.73 11.4104
13001.9 1663.02 11.4104
13031.6 1749.69 11.4104
13075 1831 11.4104
13130 1905.69 11.4104
13199.7 1967.9 0
13278.6 2019.26 0
13360.5 2066.65 0
13439.9 2118.19 0
13512.8 2178.01 11.0995
13584.6 2239.36 11.0995
13656.8 2300.32 11.0995
13729.1 2361.24 0
p
62
30
13400 0 0
13384.1 72.4744 0
13368.2 144.949 0
13352.2 217.404 0
13336.1 289.837 0
13320 362.272 0
13303.8 434.705 0
13288.4 507.309 0
13273.9 580.119 12.6881
13260.7 653.2 12.6881
13249.2 726.602 12.6881
13239.7 800.357 12.6881
13232.1 874.366 12.6881
13226.5 948.63 12.6881
13223.2 1023.11 12.6881
13222.6 1097.76 0
13224.7 1172.49 0
13230 1247.23 0
13238.8 1321.81 0
13249.3 1396.34 0
13261.9 1470.78 0
13276.4 1545.09 0
13292.8 1619.22 0
13311.4 1693.06 0
13332.6 1766.42 0
13356.8 1839.05 0
13384.7 1910.56 0
13417 1980.41 0
13454.5 2047.87 0
13498 2111.92 11.0995
13547 2172.21 11.0995
p
63
30
13600 0 0
13609 73.8924 0
13618 147.785 0
13626.4 221.753 0
13633.4 295.882 0
13638.6 370.188 0
13640.9 444.69 0
13641.7 519.248 0
13640.7 593.851 0
13638.1 668.457 0
13634.1 743.038 0
13628.8 817.57 0
13622.5 892.041 0
13615.2 966.438 0
13607.2 1040.75 0
13598.4 1114.99 0
13589.2 1189.14 0
13579.5 1263.22 0
13569.5 1337.23 0
13559.2 1411.18 0
13549.6 1485.18 0
13540.9 1559.27 0
13533.6 1633.48 0
13528.2 1707.82 0
13525.3 1782.27 0
13525.3 1856.75 0
13528.8 1931.13 0
13536.4 2005.21 0
13548.6 2078.69 0
13565.3 2151.32 -11.0995
13583.7 2223.55 -11.0995
p
64
30
13800 0 0
13796.1 73.7391 0
13792.2 147.478 0
13787.9 221.187 0
13782.5 294.825 0
13775.6 368.322 0
13766.9 441.672 0
13757 514.891 0
13745.9 587.959 0
13733.7 660.885 0
13720.6 733.694 0
13707 806.422 0
13693.2 879.118 0
13679.3 951.826 0
13665.8 1024.59 0
13652.9 1097.46 0
13640.9 1170.46 0
13630 1243.62 0
13620.4 1316.95 0
13612.5 1390.44 0
13605.9 1464.05 0
13600.9 1537.76 0
13597.3 1611.53 0
13595.1 1685.35 0
13594.1 1759.18 0
13594.4 1833.02 0
13595.7 1906.84 0
13598 1980.65 0
13601.1 2054.44 0
13604.7 2128.23 0
13608.5 2202.03 0
p
65
30
14000 0 0
13991.5 72.8024 0
13983 145.605 0
13973.9 218.363 0
13963.7 291.037 0
13952.1 363.596 0
13939.6 435.945 0
13926.5 508.218 0
13913 580.409 0
13899.2 652.546 0
13885.1 724.647 0
13870.9 796.728 0
13856.6 868.796 0
13842.3 940.86 0
13828 1012.92 0
13813.7 1084.98 0
13799.4 1157.05 0
13785.1 1229.12 0
13770.8 1301.19 0
13756.6 1373.27 0
13742.5 1445.37 0
13728.6 1517.5 0
13714.8 1589.65 0
13701.4 1661.87 0
13688.5 1734.16 0
13676.2 1806.55 0
13664.8 1879.07 0
13654.6 1951.77 0
13646 2024.67 0
13639.6 2097.8 0
13635.2 2171.03 0
p
66
30
14200 0 0
14204.6 80.938 0
14209.2 161.876 0
14213.8 242.814 0
14218.4 323.752 0
14223 404.69 0
14227.6 485.628 0
14232.2 566.566 0
14236.8 647.504 0
14241.4 728.442 0
14246 809.38 0
14250.6 890.318 0
14255.2 971.255 0
14259.8 1052.19 0
14264.4 1133.13 0
14269 1214.07 0
14273.6 1295.01 0
14278.2 1375.95 0
14282.8 1456.88 0
14287.4 1537.82 0
14292 1618.76 0
14296.6 1699.7 0
14301.2 1780.64 0
14305.9 1861.57 0
14310.5 1942.51 0
14315.1 2023.45 0
14319.7 2104.39 0
14324.3 2185.32 0
14328.9 2266.26 0
14333.5 2347.2 0
14338.1 2428.14 0
p
67
30
14400 0 0
14405.6 66.5397 0
14411.3 133.079 0
14416.9 199.619 0
14422.6 266.159 0
14428.2 332.698 0
14433.9 399.238 0
14439.5 465.778 0
14445.2 532.317 0
14450.8 598.857 0
14456.4 665.397 0
14462.1 731.936 0
14467.7 798.476 0
14473.4 865.016 0
14479 931.555 0
14484.7 998.095 0
14490.3 1064.63 0
14496 1131.17 0
14501.6 1197.71 0
14507.3 1264.25 0
14512.9 1330.79 0
14518.5 1397.33 0
14524.2 1463.87 0
14529.8 1530.41 0
14535.5 1596.95 0
14541.1 1663.49 0
14546.8 1730.03 0
14552.4 1796.57 0
14558.1 1863.11 0
14563.7 1929.65 0
14569.3 1996.19 0
p
68
30
14600 0 0
14606.8 68.9993 0
14613.5 137.999 0
14620.3 206.988 0
14627.2 275.966 0
14634.2 344.929 0
14641.4 413.873 0
14648.5 482.822 0
14655.6 551.774 0
14662.6 620.735 0
14669.5 689.707 0
14676.3 758.691 0
14683 827.688 0
14689.5 896.699 0
14695.9 965.724 0
14702.1 1034.76 0
14708.1 1103.82 0
14714 1172.89 0
14719.7 1241.97 0
14725.2 1311.07 0
14730.5 1380.19 0
14735.7 1449.31 0
14740.6 1518.45 0
14745.4 1587.61 0
14750.1 1656.78 0
14754.5 1725.96 0
14758.8 1795.15 0
14762.9 1864.35 0
14766.8 1933.56 0
14770.6 2002.79 0
14774.2 2072.03 0
p
69
30
14800 0 0
14798.9 69.5101 0
14797.9 139.02 0
14796.9 208.524 0
14796 278.027 0
14795.4 347.533 0
14795.1 417.042 0
14795.2 486.553 0
14795.6 556.063 0
14796.3 625.572 0
14797.5 695.076 0
14799 764.576 0
14800.7 834.071 0
14802.6 903.562 0
14804.6 973.051 0
14806.7 1042.54 0
14808.8 1112.03 0
14810.8 1181.51 0
14812.6 1251.01 0
14814.2 1320.5 0
14815.6 1390 0
14816.6 1459.51 0
14817.2 1529.02 0
14817.4 1598.53 0
14817 1668.04 0
14816.1 1737.54 0
14814.7 1807.03 0
14812.5 1876.47 -12.2438
14809.5 1945.87 -12.2438
14805.6 2015.23 -12.2438
14801.4 2084.64 -12.2438
p
70
30
15000 0 0
14995.9 68.4121 0
14991.8 136.824 0
14987.8 205.252 0
14983.8 273.691 0
14980 342.146 0
14976.4 410.619 0
14972.6 479.08 0
14968.7 547.534 0
14964.4 615.973 0
14960.1 684.41 0
14955.6 752.843 0
14951 821.274 0
14946.3 889.702 0
14941.4 958.128 0
14936.4 1026.55 0
14931.2 1094.97 0
14925.8 1163.38 0
14920.2 1231.77 0
14914.2 1300.15 0
14907.9 1368.5 0
14901.2 1436.81 0
14894 1505.08 0
14886.2 1573.28 0
14877.7 1641.41 0
14868.4 1709.43 0
14858.2 1777.33 0
14847.1 1845.09 12.2438
14835.2 1912.75 12.2438
14822.7 1980.28 12.2438
14809.2 2047.63 12.2438
p
71
30
15200 0 0
15207.6 79.7134 0
15215.2 159.427 0
15223.7 239.054 0
15233.3 318.56 0
15244.4 397.874 0
15257.5 476.905 0
15270.6 555.953 0
15283.5 635.051 0
15295.4 714.319 0
15305.3 793.884 0
15312.3 873.762 0
15315.7 953.892 0
15314.9 1034.12 0
15309.3 1114.2 0
15298.6 1193.81 0
15282.6 1272.61 0
15261.1 1350.2 0
15234.3 1426.22 0
15202.3 1500.32 0
15165.2 1572.17 0
15124.7 1642.29 0
15081.3 1710.78 0
15035.8 1778.01 0
14988.9 1844.38 0
14941.4 1910.38 0
14893.9 1976.47 0
14846.8 2042.79 12.2438
14798.3 2108.27 12.2438
14747 2171.71 -4.93702
14693.3 2233.2 -4.93702
p
72
30
15400 0 0
15392.3 85.3787 0
15384.6 170.757 0
15378.1 256.238 0
15373.1 341.836 0
15370.5 427.561 0
15371.1 513.367 0
15373.2 599.188 0
15377.1 684.993 0
15382.3 770.768 0
15387.9 856.529 0
15393.3 942.302 0
15397.5 1028.12 0
15399.7 1113.97 0
15398.7 1199.8 0
15393.6 1285.44 0
15383.3 1370.59 0
15367 1454.8 0
15344 1537.46 0
15313.8 1617.88 0
15276.4 1695.33 0
15232 1769.24 0
15181.2 1839.13 0
15124.6 1904.79 0
15063.3 1966.33 0
14998.2 2024.21 0
14930.4 2079.22 0
14861.2 2132.49 0
14791.7 2185.39 0
14722.6 2238.93 4.93702
14653.5 2292.47 4.93702
p
73
30
15600 0 0
15595.5 86.3513 0
15591 172.703 0
15586.6 259.056 0
15582.3 345.414 0
15578.1 431.779 0
15574.1 518.151 0
15570.3 604.533 0
15566.7 690.926 0
15563.5 777.331 0
15560.6 863.748 0
15558.1 950.178 0
15556 1036.62 0
15554.4 1123.07 0
15553.1 1209.53 0
15552.3 1296 0
15552 1382.48 0
15552.1 1468.95 0
15552.8 1555.43 0
15553.9 1641.9 0
15555.4 1728.38 0
15557.5 1814.84 0
15560.1 1901.3 0
15563.1 1987.74 0
15566.7 2074.17 0
15570.7 2160.58 0
15575.3 2246.97 0
15580.3 2333.34 0
15585.8 2419.69 0
15591.7 2506.02 0
15597.7 2592.34 0
p
74
30
15800 0 0
15787.1 84.0037 0
15774.3 168.007 0
15761.7 252.053 0
15749.4 336.147 0
15737.6 420.303 0
15726.2 504.533 0
15715.5 588.846 0
15705.5 673.247 0
15696.2 757.74 0
15687.8 842.326 0
15680.3 927.003 0
15673.7 1011.77 0
15667.9 1096.59 0
15662.9 1181.47 0
15658.5 1266.39 0
15654.7 1351.34 0
15651.3 1436.32 0
15648.4 1521.32 0
15645.9 1606.33 0
15643.7 1691.36 0
15641.7 1776.39 0
15639.9 1861.44 0
15638.2 1946.48 0
15636.6 2031.53 0
15635 2116.58 0
15633.2 2201.62 0
15631.4 2286.66 0
15629.3 2371.7 0
15627 2456.72 0
15624.5 2541.73 0
p
75
30
16000 0 0
15996.5 83.7941 0
15993.1 167.588 0
15989.6 251.382 0
15986.1 335.176 0
15982.6 418.97 0
15979.2 502.765 0
15975.7 586.559 0
15972.2 670.353 0
15968.8 754.147 0
15965.3 837.941 0
15961.8 921.735 0
15958.4 1005.53 0
15954.9 1089.32 0
15951.4 1173.12 0
15947.9 1256.91 0
15944.5 1340.71 0
15941 1424.5 0
15937.5 1508.29 0
15934.1 1592.09 0
15930.6 1675.88 0
15927.1 1759.68 0
15923.7 1843.47 0
15920.2 1927.26 0
15916.7 2011.06 0
15913.2 2094.85 0
15909.8 2178.65 0
15906.3 2262.44 0
15902.8 2346.23 0
15899.4 2430.03 0
15895.9 2513.82 0
p
76
30
16200 0 0
16197.1 64.3847 0
16194.3 128.769 0
16191.4 193.154 0
16188.6 257.539 0
16185.7 321.923 0
16182.8 386.308 0
16180 450.693 0
16177.1 515.077 0
16174.3 579.462 0
16171.4 643.847 0
16168.6 708.231 0
16165.7 772.616 0
16162.8 837.001 0
16160 901.385 0
16157.1 965.77 0
16154.3 1030.15 0
16151.4 1094.54 0
16148.5 1158.92 0
16145.7 1223.31 0
16142.8 1287.69 0
16140 1352.08 0
16137.1 1416.46 0
16134.3 1480.85 0
16131.4 1545.23 0
16128.5 1609.62 0
16125.7 1674 0
16122.8 1738.39 0
16120 1802.77 0
16117.1 1867.16 0
16114.2 1931.54 0
p
77
30
16400 0 0
16402.3 75.9101 0
16404.5 151.82 0
16406.8 227.73 0
16409 303.64 0
16411.3 379.55 0
16413.5 455.461 0
16415.8 531.371 0
16418 607.281 0
16420.3 683.191 0
16422.6 759.101 0
16424.8 835.011 0
16427.1 910.921 0
16429.3 986.831 0
16431.6 1062.74 0
16433.8 1138.65 0
16436.1 1214.56 0
16438.4 1290.47 0
16440.6 1366.38 0
16442.9 1442.29 0
16445.1 1518.2 0
16447.4 1594.11 0
16449.6 1670.02 0
16451.9 1745.93 0
16454.1 1821.84 0
16456.4 1897.75 0
16458.7 1973.66 0
16460.9 2049.57 0
16463.2 2125.48 0
16465.4 2201.39 0
16467.7 2277.3 0
p
78
30
16600 0 0
16605.4 70.5128 0
16610.7 141.026 0
16616.1 211.538 0
16621.4 282.051 0
16626.8 352.564 0
16632.2 423.077 0
16637.5 493.59 0
16642.9 564.103 0
16648.3 634.615 0
16653.6 705.128 0
16659 775.641 0
16664.3 846.154 0
16669.7 916.667 0
16675.1 987.179 0
16680.4 1057.69 0
16685.8 1128.21 0
16691.2 1198.72 0
16696.5 1269.23 0
16701.9 1339.74 0
16707.2 1410.26 0
16712.6 1480.77 0
16718 1551.28 0
16723.3 1621.79 0
16728.7 1692.31 0
16734.1 1762.82 0
16739.4 1833.33 0
16744.8 1903.85 0
16750.1 1974.36 0
16755.5 2044.87 0
16760.9 2115.38 0
p
79
30
16800 0 0
16802.4 81.9292 0
16804.9 163.858 0
16805.5 245.843 0
16804.6 327.841 0
16804.8 409.89 0
16806.5 491.989 0
16810.8 574.087 0
16818.9 656.028 0
16833.7 737.289 0
16856.8 816.966 0
16883.2 895.904 0
16912.5 974.13 0
16944 1051.72 0
16976.2 1129.1 0
17007.9 1206.63 0
17037.8 1284.64 0
17064.6 1363.4 0
17087.1 1443.09 0
17104.1 1523.75 0
17114.1 1605.22 0
17117.7 1687.11 0
17120.3 1769.03 0
17123.3 1850.94 0
17127.2 1932.82 0
17131.3 2014.68 0
17135.5 2096.54 0
17139.6 2178.41 0
17143.8 2260.27 0
17147.9 2342.13 0
17152 2424 0
s	0
13 18 45 52 75 80 
13 14 15 16 17 18 45 46 47 48 49 50 51 52 75 76 77 78 79 80 
b
3 0
0.783099 0.394383 0.840188
14 0 0 1
15 0 0 3
16 0 0 3
17 0 0 2
46 0 0 2
47 0 0 2
48 0 0 4
49 0 0 3
50 0 0 3
51 0 0 2
76 0 0 1
77 0 0 2
78 0 0 2
79 0 0 2
g
0
0.5 2 0 0 1 2 0 2 4
t
2
0
1249.65 1083.77 100
1249.65 1083.77 -100
a
6
0
18 12 52 44 80 74 
1 47 1 14 0 77 0 78 0 13 0 2640 0.5 2641 0.5 
1 48 1 14 0 15 0 78 0 79 0 2640 0.5 2641 0.5 
1 49 1 14 0 15 0 16 0 79 0 2640 0.5 2641 0.5 
1 50 1 15 0 16 0 17 0 2640 0.5 2641 0.5 
1 45 1 76 0 75 0 2640 0.5 2641 0.5 
1 46 1 76 0 77 0 2640 0.5 2641 0.5 
1 51 1 16 0 17 0 2640 0.5 2641 0.5 
2 14 1 47 0 48 0 49 0 2640 0.5 2641 0.5 
2 15 1 48 0 49 0 50 0 2640 0.5 2641 0.5 
2 16 1 49 0 50 0 51 0 2640 0.5 2641 0.5 
2 17 1 50 0 51 0 2640 0.5 2641 0.5 
2 13 1 47 0 2640 0.5 2641 0.5 
2 76 1 45 0 46 0 2640 0.5 2641 0.5 
2 77 1 47 0 46 0 2640 0.5 2641 0.5 
2 78 1 47 0 48 0 2640 0.5 2641 0.5 
2 79 1 48 0 49 0 2640 0.5 2641 0.5 
2 75 1 45 0 2640 0.5 2641 0.5 
0 2640 8.5 47 0.5 48 0.5 49 0.5 50 0.5 45 0.5 46 0.5 51 0.5 14 0.5 15 0.5 16 0.5 17 0.5 13 0.5 76 0.5 77 0.5 78 0.5 79 0.5 75 0.5 
0 2641 8.5 47 0.5 48 0.5 49 0.5 50 0.5 45 0.5 46 0.5 51 0.5 14 0.5 15 0.5 16 0.5 17 0.5 13 0.5 76 0.5 77 0.5 78 0.5 79 0.5 75 0.5 
NanList DIR 0
d
57
0 0 -12.5136 0 0 -12.5136 0 0 -12.5136 0 0 -12.5136 0 0 -12.5136 0 0 -12.5136 0 0 -12.5136 0 0 12.5136 0 0 12.5136 0 0 12.5136 0 0 12.5136 0 0 12.5136 0 0 12.5136 0 0 12.5136 0 0 12.5136 0 0 12.5136 0 0 12.5136 0 0 0 0 0 0 
s	1
28 31 62 64 93 96 
28 29 30 31 62 63 64 93 94 95 96 
b
3 0
0.197551 0.911647 0.79844
29 0 0 1
30 0 0 3
63 0 0 2
94 0 0 1
95 0 0 1
g
0
0.5 2 0 0 1 2 0 2 4
t
2
2
1373.46 2246.19 100
1373.46 2246.19 -100
a
6
6
31 27 64 61 96 92 
1 30 1 63 0 94 0 93 0 95 0 2640 0.5 2641 0.5 
1 29 1 63 0 62 0 94 0 2640 0.5 2641 0.5 
1 28 1 63 0 62 0 2640 0.5 2641 0.5 
2 63 1 30 0 29 0 28 0 2640 0.5 2641 0.5 
2 62 1 29 0 28 0 2640 0.5 2641 0.5 
2 94 1 30 0 29 0 2640 0.5 2641 0.5 
2 93 1 30 0 2640 0.5 2641 0.5 
2 95 1 30 0 2640 0.5 2641 0.5 
0 2640 4 30 0.5 29 0.5 28 0.5 63 0.5 62 0.5 94 0.5 93 0.5 95 0.5 
0 2641 4 30 0.5 29 0.5 28 0.5 63 0.5 62 0.5 94 0.5 93 0.5 95 0.5 
NanList DIR 0
d
30
0 0 -9.04088 0 0 -9.04088 0 0 -9.04088 0 0 9.04088 0 0 9.04088 0 0 9.04088 0 0 9.04088 0 0 9.04088 0 0 0 0 0 0 
s	2
85 89 122 126 
85 86 87 88 89 122 123 124 125 126 
b
2 0
0.277775 0.76823 0.335223
86 0 0 2
87 0 0 3
88 0 0 1
123 0 0 2
124 0 0 2
125 0 0 2
g
0
0.5 2 0 0 1 2 0 2 4
t
2
4
1699.73 1700.22 100
1699.73 1700.22 -100
a
4
12
89 84 126 121 
1 86 1 123 0 122 0 124 0 2640 0.5 2641 0.5 
1 87 1 123 0 124 0 125 0 2640 0.5 2641 0.5 
1 85 1 123 0 122 0 2640 0.5 2641 0.5 
1 88 1 125 0 2640 0.5 2641 0.5 
2 123 1 86 0 87 0 85 0 2640 0.5 2641 0.5 
2 122 1 86 0 85 0 2640 0.5 2641 0.5 
2 124 1 86 0 87 0 2640 0.5 2641 0.5 
2 125 1 87 0 88 0 2640 0.5 2641 0.5 
0 2640 4 86 0.5 87 0.5 85 0.5 88 0.5 123 0.5 122 0.5 124 0.5 125 0.5 
0 2641 4 86 0.5 87 0.5 85 0.5 88 0.5 123 0.5 122 0.5 124 0.5 125 0.5 
NanList DIR 0
d
30
0 0 -7.59232 0 0 -7.59232 0 0 -7.59232 0 0 -7.59232 0 0 7.59232 0 0 7.59232 0 0 7.59232 0 0 7.59232 0 0 0 0 0 0 
s	3
159 162 227 229 
159 160 161 162 227 228 229 
b
2 0
0.628871 0.477397 0.55397
160 0 0 1
161 0 0 1
228 0 0 2
g
0
0.5 2 0 0 1 2 0 2 4
t
2
6
1989.95 2215.9 100
1989.95 2215.9 -100
a
4
16
162 158 229 226 
1 160 1 227 0 228 0 2640 0.5 2641 0.5 
1 159 1 227 0 2640 0.5 2641 0.5 
1 161 1 228 0 2640 0.5 2641 0.5 
2 227 1 160 0 159 0 2640 0.5 2641 0.5 
2 228 1 160 0 161 0 2640 0.5 2641 0.5 
0 2640 2.5 160 0.5 159 0.5 161 0.5 227 0.5 228 0.5 
0 2641 2.5 160 0.5 159 0.5 161 0.5 227 0.5 228 0.5 
NanList DIR 0
d
21
0 0 -10.2468 0 0 -10.2468 0 0 -10.2468 0 0 10.2468 0 0 10.2468 0 0 0 0 0 0 
s	4
557 559 589 592 622 624 
557 558 559 589 590 591 592 622 623 624 
b
3 0
0.95223 0.513401 0.364784
558 0 0 2
590 0 0 1
591 0 0 2
623 0 0 1
g
0
0.5 2 0 0 1 2 0 2 4
t
2
8
4275.47 2063.48 100
4275.47 2063.48 -100
a
6
20
559 556 592 588 624 621 
1 590 1 558 0 622 0 557 0 2640 0.5 2641 0.5 
1 591 1 558 0 622 0 623 0 2640 0.5 2641 0.5 
1 589 1 558 0 2640 0.5 2641 0.5 
2 558 1 590 0 591 0 589 0 2640 0.5 2641 0.5 
2 557 1 590 0 2640 0.5 2641 0.5 
2 622 1 590 0 591 0 2640 0.5 2641 0.5 
2 623 1 591 0 2640 0.5 2641 0.5 
0 2640 3.5 590 0.5 591 0.5 589 0.5 558 0.5 557 0.5 622 0.5 623 0.5 
0 2641 3.5 590 0.5 591 0.5 589 0.5 558 0.5 557 0.5 622 0.5 623 0.5 
NanList DIR 0
d
27
0 0 -13.2289 0 0 -13.2289 0 0 -13.2289 0 0 13.2289 0 0 13.2289 0 0 13.2289 0 0 13.2289 0 0 0 0 0 0 
s	5
568 572 600 604 
568 569 570 571 572 600 601 602 603 604 
b
2 0
0.717297 0.635712 0.916195
569 0 0 2
570 0 0 3
571 0 0 2
601 0 0 2
602 0 0 3
603 0 0 2
g
0
0.5 2 0 0 1 2 0 2 4
t
2
10
4501.87 616.517 100
4501.87 616.517 -100
a
4
26
572 567 604 599 
1 569 1 601 0 602 0 600 0 2640 0.5 2641 0.5 
1 570 1 601 0 602 0 603 0 2640 0.5 2641 0.5 
1 571 1 602 0 603 0 2640 0.5 2641 0.5 
1 568 1 601 0 2640 0.5 2641 0.5 
2 601 1 569 0 570 0 568 0 2640 0.5 2641 0.5 
2 602 1 569 0 570 0 571 0 2640 0.5 2641 0.5 
2 603 1 570 0 571 0 2640 0.5 2641 0.5 
2 600 1 569 0 2640 0.5 2641 0.5 
0 2640 4 569 0.5 570 0.5 571 0.5 568 0.5 601 0.5 602 0.5 603 0.5 600 0.5 
0 2641 4 569 0.5 570 0.5 571 0.5 568 0.5 601 0.5 602 0.5 603 0.5 600 0.5 
NanList DIR 0
d
30
0 0 -12.2352 0 0 -12.2352 0 0 -12.2352 0 0 -12.2352 0 0 12.2352 0 0 12.2352 0 0 12.2352 0 0 12.2352 0 0 0 0 0 0 
s	6
573 577 605 609 
573 574 575 576 577 605 606 607 608 609 
b
2 0
0.0163006 0.606969 0.141603
574 0 0 1
575 0 0 2
576 0 0 3
606 0 0 3
607 0 0 2
608 0 0 1
g
0
0.5 2 0 0 1 2 0 2 4
t
2
12
4582.82 996.639 100
4582.82 996.639 -100
a
4
30
577 572 609 604 
1 575 1 605 0 606 0 607 0 2640 0.5 2641 0.5 
1 576 1 606 0 607 0 608 0 2640 0.5 2641 0.5 
1 574 1 605 0 606 0 2640 0.5 2641 0.5 
1 573 1 605 0 2640 0.5 2641 0.5 
2 605 1 575 0 574 0 573 0 2640 0.5 2641 0.5 
2 606 1 575 0 576 0 574 0 2640 0.5 2641 0.5 
2 607 1 575 0 576 0 2640 0.5 2641 0.5 
2 608 1 576 0 2640 0.5 2641 0.5 
0 2640 4 575 0.5 576 0.5 574 0.5 573 0.5 605 0.5 606 0.5 607 0.5 608 0.5 
0 2641 4 575 0.5 576 0.5 574 0.5 573 0.5 605 0.5 606 0.5 607 0.5 608 0.5 
NanList DIR 0
d
30
0 0 -12.2352 0 0 -12.2352 0 0 -12.2352 0 0 -12.2352 0 0 12.2352 0 0 12.2352 0 0 12.2352 0 0 12.2352 0 0 0 0 0 0 
s	7
611 615 650 654 
611 612 613 614 615 650 651 652 653 654 
b
2 0
0.804177 0.137232 0.242887
612 0 0 1
613 0 0 3
614 0 0 2
651 0 0 2
652 0 0 2
653 0 0 2
g
0
0.5 2 0 0 1 2 0 2 4
t
2
14
4775.24 1491.24 100
4775.24 1491.24 -100
a
4
34
615 610 654 649 
1 612 1 652 0 650 0 651 0 2640 0.5 2641 0.5 
1 613 1 652 0 651 0 653 0 2640 0.5 2641 0.5 
1 611 1 650 0 2640 0.5 2641 0.5 
1 614 1 652 0 2640 0.5 2641 0.5 
2 652 1 612 0 613 0 614 0 2640 0.5 2641 0.5 
2 650 1 612 0 611 0 2640 0.5 2641 0.5 
2 651 1 612 0 613 0 2640 0.5 2641 0.5 
2 653 1 613 0 2640 0.5 2641 0.5 
0 2640 4 612 0.5 613 0.5 611 0.5 614 0.5 652 0.5 650 0.5 651 0.5 653 0.5 
0 2641 4 612 0.5 613 0.5 611 0.5 614 0.5 652 0.5 650 0.5 651 0.5 653 0.5 
NanList DIR 0
d
30
0 0 -4.37778 0 0 -4.37778 0 0 -4.37778 0 0 -4.37778 0 0 4.37778 0 0 4.37778 0 0 4.37778 0 0 4.37778 0 0 0 0 0 0 
s	8
655 658 684 688 
655 656 657 658 684 685 686 687 688 
b
2 0
0.12979 0.400944 0.156679
656 0 0 2
657 0 0 3
685 0 0 2
686 0 0 2
687 0 0 1
g
0
0.5 2 0 0 1 2 0 2 4
t
2
16
4756.79 1790.13 100
4756.79 1790.13 -100
a
4
38
658 654 688 683 
1 656 1 685 0 684 0 686 0 2640 0.5 2641 0.5 
1 657 1 685 0 686 0 687 0 2640 0.5 2641 0.5 
1 655 1 685 0 684 0 2640 0.5 2641 0.5 
2 685 1 656 0 657 0 655 0 2640 0.5 2641 0.5 
2 684 1 656 0 655 0 2640 0.5 2641 0.5 
2 686 1 656 0 657 0 2640 0.5 2641 0.5 
2 687 1 657 0 2640 0.5 2641 0.5 
0 2640 3.5 656 0.5 657 0.5 655 0.5 685 0.5 684 0.5 686 0.5 687 0.5 
0 2641 3.5 656 0.5 657 0.5 655 0.5 685 0.5 684 0.5 686 0.5 687 0.5 
NanList DIR 0
d
27
0 0 -10.9421 0 0 -10.9421 0 0 -10.9421 0 0 10.9421 0 0 10.9421 0 0 10.9421 0 0 10.9421 0 0 0 0 0 0 
s	9
919 922 986 988 
919 920 921 922 986 987 988 
b
2 0
0.218257 0.998924 0.108809
920 0 0 1
921 0 0 1
987 0 0 2
g
0
0.5 2 0 0 1 2 0 2 4
t
2
18
6531.16 2426.33 100
6531.16 2426.33 -100
a
4
42
922 918 988 985 
1 920 1 986 0 987 0 2640 0.5 2641 0.5 
1 919 1 986 0 2640 0.5 2641 0.5 
1 921 1 987 0 2640 0.5 2641 0.5 
2 986 1 920 0 919 0 2640 0.5 2641 0.5 
2 987 1 920 0 921 0 2640 0.5 2641 0.5 
0 2640 2.5 920 0.5 919 0.5 921 0.5 986 0.5 987 0.5 
0 2641 2.5 920 0.5 919 0.5 921 0.5 986 0.5 987 0.5 
NanList DIR 0
d
21
0 0 -13.0556 0 0 -13.0556 0 0 -13.0556 0 0 13.0556 0 0 13.0556 0 0 0 0 0 0 
s	10
1019 1021 1084 1087 
1019 1020 1021 1084 1085 1086 1087 
b
2 0
0.61264 0.839112 0.512932
1020 0 0 2
1085 0 0 1
1086 0 0 1
g
0
0.5 2 0 0 1 2 0 2 4
t
2
20
7993.17 1938.64 100
7993.17 1938.64 -100
a
4
46
1021 1018 1087 1083 
1 1019 1 1085 0 1084 0 2640 0.5 2641 0.5 
1 1020 1 1085 0 1086 0 2640 0.5 2641 0.5 
2 1085 1 1019 0 1020 0 2640 0.5 2641 0.5 
2 1084 1 1019 0 2640 0.5 2641 0.5 
2 1086 1 1020 0 2640 0.5 2641 0.5 
0 2640 2.5 1019 0.5 1020 0.5 1085 0.5 1084 0.5 1086 0.5 
0 2641 2.5 1019 0.5 1020 0.5 1085 0.5 1084 0.5 1086 0.5 
NanList DIR 0
d
21
0 0 -9.49784 0 0 -9.49784 0 0 9.49784 0 0 9.49784 0 0 9.49784 0 0 0 0 0 0 
s	11
1216 1219 1281 1284 
1216 1217 1218 1219 1281 1282 1283 1284 
b
2 0
0.524287 0.637552 0.296032
1217 0 0 1
1218 0 0 2
1282 0 0 2
1283 0 0 1
g
0
0.5 2 0 0 1 2 0 2 4
t
2
22
8519.39 2152.43 100
8519.39 2152.43 -100
a
3
50
1219 1215 1284 
1 1217 1 1281 0 1282 0 1283 0 2640 0.5 2641 0.5 
1 1218 1 1282 0 1283 0 2640 0.5 2641 0.5 
1 1216 1 1281 0 2640 0.5 2641 0.5 
2 1281 1 1217 0 1216 0 2640 0.5 2641 0.5 
2 1282 1 1217 0 1218 0 2640 0.5 2641 0.5 
2 1283 1 1217 0 1218 0 2640 0.5 2641 0.5 
0 2640 3 1217 0.5 1218 0.5 1216 0.5 1281 0.5 1282 0.5 1283 0.5 
0 2641 3 1217 0.5 1218 0.5 1216 0.5 1281 0.5 1282 0.5 1283 0.5 
NanList DIR 0
d
24
0 0 -13.2183 0 0 -13.2183 0 0 -13.2183 0 0 13.2183 0 0 13.2183 0 0 13.2183 0 0 0 0 0 0 
s	12
1250 1252 1279 1281 
1250 1251 1252 1279 1280 1281 
b
2 0
0.292517 0.972775 0.493583
1251 0 0 1
1280 0 0 1
g
0
0.5 2 0 0 1 2 0 2 4
t
2
24
8550.55 1943.06 100
8550.55 1943.06 -100
a
4
53
1252 1249 1281 1278 
1 1251 1 1279 0 1280 0 2640 0.5 2641 0.5 
1 1250 1 1279 0 2640 0.5 2641 0.5 
2 1279 1 1251 0 1250 0 2640 0.5 2641 0.5 
2 1280 1 1251 0 2640 0.5 2641 0.5 
0 2640 2 1251 0.5 1250 0.5 1279 0.5 1280 0.5 
0 2641 2 1251 0.5 1250 0.5 1279 0.5 1280 0.5 
NanList DIR 0
d
18
0 0 -3.43289 0 0 -3.43289 0 0 3.43289 0 0 3.43289 0 0 0 0 0 0 
s	13
1270 1275 1306 1312 
1270 1271 1272 1273 1274 1275 1306 1307 1308 1309 1310 1311 1312 
b
2 0
0.769914 0.526745 0.771358
1271 0 0 2
1272 0 0 3
1273 0 0 3
1274 0 0 2
1307 0 0 2
1308 0 0 3
1309 0 0 2
1310 0 0 2
1311 0 0 1
g
0
0.5 2 0 0 1 2 0 2 4
t
2
26
8917.46 1427.81 100
8917.46 1427.81 -100
a
4
57
1275 1269 1312 1305 
1 1271 1 1307 0 1308 0 1306 0 2640 0.5 2641 0.5 
1 1272 1 1307 0 1308 0 1309 0 2640 0.5 2641 0.5 
1 1273 1 1308 0 1309 0 1310 0 2640 0.5 2641 0.5 
1 1270 1 1307 0 1306 0 2640 0.5 2641 0.5 
1 1274 1 1310 0 1311 0 2640 0.5 2641 0.5 
2 1307 1 1271 0 1272 0 1270 0 2640 0.5 2641 0.5 
2 1308 1 1271 0 1272 0 1273 0 2640 0.5 2641 0.5 
2 1306 1 1271 0 1270 0 2640 0.5 2641 0.5 
2 1309 1 1272 0 1273 0 2640 0.5 2641 0.5 
2 1310 1 1273 0 1274 0 2640 0.5 2641 0.5 
2 1311 1 1274 0 2640 0.5 2641 0.5 
0 2640 5.5 1271 0.5 1272 0.5 1273 0.5 1270 0.5 1274 0.5 1307 0.5 1308 0.5 1306 0.5 1309 0.5 1310 0.5 1311 0.5 
0 2641 5.5 1271 0.5 1272 0.5 1273 0.5 1270 0.5 1274 0.5 1307 0.5 1308 0.5 1306 0.5 1309 0.5 1310 0.5 1311 0.5 
NanList DIR 0
d
39
0 0 -13.6948 0 0 -13.6948 0 0 -13.6948 0 0 -13.6948 0 0 -13.6948 0 0 13.6948 0 0 13.6948 0 0 13.6948 0 0 13.6948 0 0 13.6948 0 0 13.6948 0 0 0 0 0 0 
s	14
1338 1343 1372 1377 
1338 1339 1340 1341 1342 1343 1372 1373 1374 1375 1376 1377 
b
2 0
0.283315 0.891529 0.400229
1339 0 0 2
1340 0 0 2
1341 0 0 2
1342 0 0 1
1373 0 0 1
1374 0 0 2
1375 0 0 2
1376 0 0 2
g
0
0.5 2 0 0 1 2 0 2 4
t
2
28
9089.29 1385.51 100
9089.29 1385.51 -100
a
4
61
1343 1337 1377 1371 
1 1338 1 1373 0 1372 0 2640 0.5 2641 0.5 
1 1339 1 1373 0 1374 0 2640 0.5 2641 0.5 
1 1340 1 1374 0 1375 0 2640 0.5 2641 0.5 
1 1341 1 1375 0 1376 0 2640 0.5 2641 0.5 
1 1342 1 1376 0 2640 0.5 2641 0.5 
2 1373 1 1338 0 1339 0 2640 0.5 2641 0.5 
2 1374 1 1339 0 1340 0 2640 0.5 2641 0.5 
2 1375 1 1340 0 1341 0 2640 0.5 2641 0.5 
2 1376 1 1341 0 1342 0 2640 0.5 2641 0.5 
2 1372 1 1338 0 2640 0.5 2641 0.5 
0 2640 5 1338 0.5 1339 0.5 1340 0.5 1341 0.5 1342 0.5 1373 0.5 1374 0.5 1375 0.5 1376 0.5 1372 0.5 
0 2641 5 1338 0.5 1339 0.5 1340 0.5 1341 0.5 1342 0.5 1373 0.5 1374 0.5 1375 0.5 1376 0.5 1372 0.5 
NanList DIR 0
d
36
0 0 -7.73635 0 0 -7.73635 0 0 -7.73635 0 0 -7.73635 0 0 -7.73635 0 0 7.73635 0 0 7.73635 0 0 7.73635 0 0 7.73635 0 0 7.73635 0 0 0 0 0 0 
s	15
1415 1417 1479 1483 
1415 1416 1417 1479 1480 1481 1482 1483 
b
2 0
0.919026 0.807725 0.352458
1416 0 0 3
1480 0 0 1
1481 0 0 1
1482 0 0 1
g
0
0.5 2 0 0 1 2 0 2 4
t
2
30
9230.43 2329.2 100
9230.43 2329.2 -100
a
4
65
1417 1414 1483 1478 
1 1415 1 1480 0 1481 0 1479 0 2640 0.5 2641 0.5 
1 1416 1 1480 0 1481 0 1482 0 2640 0.5 2641 0.5 
2 1480 1 1415 0 1416 0 2640 0.5 2641 0.5 
2 1481 1 1415 0 1416 0 2640 0.5 2641 0.5 
2 1479 1 1415 0 2640 0.5 2641 0.5 
2 1482 1 1416 0 2640 0.5 2641 0.5 
0 2640 3 1415 0.5 1416 0.5 1480 0.5 1481 0.5 1479 0.5 1482 0.5 
0 2641 3 1415 0.5 1416 0.5 1480 0.5 1481 0.5 1479 0.5 1482 0.5 
NanList DIR 0
d
24
0 0 -15.0586 0 0 -15.0586 0 0 15.0586 0 0 15.0586 0 0 15.0586 0 0 15.0586 0 0 0 0 0 0 
s	16
1613 1615 1642 1644 
1613 1614 1615 1642 1643 1644 
b
2 0
0.525995 0.949327 0.0697553
1614 0 0 1
1643 0 0 1
g
0
0.5 2 0 0 1 2 0 2 4
t
2
32
10746.5 2078.72 100
10746.5 2078.72 -100
a
4
69
1615 1612 1644 1641 
1 1614 1 1642 0 1643 0 2640 0.5 2641 0.5 
1 1613 1 1642 0 2640 0.5 2641 0.5 
2 1642 1 1614 0 1613 0 2640 0.5 2641 0.5 
2 1643 1 1614 0 2640 0.5 2641 0.5 
0 2640 2 1614 0.5 1613 0.5 1642 0.5 1643 0.5 
0 2641 2 1614 0.5 1613 0.5 1642 0.5 1643 0.5 
NanList DIR 0
d
18
0 0 -4.47139 0 0 -4.47139 0 0 4.47139 0 0 4.47139 0 0 0 0 0 0 
s	17
1745 1747 1811 1813 
1745 1746 1747 1811 1812 1813 
b
2 0
0.663227 0.192214 0.0860558
1746 0 0 1
1812 0 0 1
g
0
0.5 2 0 0 1 2 0 2 4
t
2
34
11923.1 2105.61 100
11923.1 2105.61 -100
a
4
73
1747 1744 1813 1810 
1 1746 1 1811 0 1812 0 2640 0.5 2641 0.5 
1 1745 1 1811 0 2640 0.5 2641 0.5 
2 1811 1 1746 0 1745 0 2640 0.5 2641 0.5 
2 1812 1 1746 0 2640 0.5 2641 0.5 
0 2640 2 1746 0.5 1745 0.5 1811 0.5 1812 0.5 
0 2641 2 1746 0.5 1745 0.5 1811 0.5 1812 0.5 
NanList DIR 0
d
18
0 0 -12.0861 0 0 -12.0861 0 0 12.0861 0 0 12.0861 0 0 0 0 0 0 
s	18
1943 1945 1976 1978 
1943 1944 1945 1976 1977 1978 
b
2 0
0.0641713 0.348893 0.890233
1944 0 0 1
1977 0 0 1
g
0
0.5 2 0 0 1 2 0 2 4
t
2
36
13032.7 1920.38 100
13032.7 1920.38 -100
a
4
77
1945 1942 1978 1975 
1 1943 1 1977 0 1976 0 2640 0.5 2641 0.5 
1 1944 1 1977 0 2640 0.5 2641 0.5 
2 1977 1 1943 0 1944 0 2640 0.5 2641 0.5 
2 1976 1 1943 0 2640 0.5 2641 0.5 
0 2640 2 1943 0.5 1944 0.5 1977 0.5 1976 0.5 
0 2641 2 1943 0.5 1944 0.5 1977 0.5 1976 0.5 
NanList DIR 0
d
18
0 0 -3.43149 0 0 -3.43149 0 0 3.43149 0 0 3.43149 0 0 0 0 0 0 
s	19
2004 2010 2031 2036 
2004 2005 2006 2007 2008 2009 2010 2031 2032 2033 2034 2035 2036 
b
2 0
0.0630958 0.457702 0.020023
2005 0 0 1
2006 0 0 2
2007 0 0 2
2008 0 0 3
2009 0 0 2
2032 0 0 2
2033 0 0 3
2034 0 0 3
2035 0 0 2
g
0
0.5 2 0 0 1 2 0 2 4
t
2
38
13030.7 1737.38 100
13030.7 1737.38 -100
a
4
81
2010 2003 2036 2030 
1 2007 1 2032 0 2033 0 2034 0 2640 0.5 2641 0.5 
1 2008 1 2033 0 2034 0 2035 0 2640 0.5 2641 0.5 
1 2005 1 2032 0 2031 0 2640 0.5 2641 0.5 
1 2006 1 2032 0 2033 0 2640 0.5 2641 0.5 
1 2009 1 2034 0 2035 0 2640 0.5 2641 0.5 
1 2004 1 2031 0 2640 0.5 2641 0.5 
2 2032 1 2007 0 2005 0 2006 0 2640 0.5 2641 0.5 
2 2033 1 2007 0 2008 0 2006 0 2640 0.5 2641 0.5 
2 2034 1 2007 0 2008 0 2009 0 2640 0.5 2641 0.5 
2 2031 1 2005 0 2004 0 2640 0.5 2641 0.5 
2 2035 1 2008 0 2009 0 2640 0.5 2641 0.5 
0 2640 5.5 2007 0.5 2008 0.5 2005 0.5 2006 0.5 2009 0.5 2004 0.5 2032 0.5 2033 0.5 2034 0.5 2031 0.5 2035 0.5 
0 2641 5.5 2007 0.5 2008 0.5 2005 0.5 2006 0.5 2009 0.5 2004 0.5 2032 0.5 2033 0.5 2034 0.5 2031 0.5 2035 0.5 
NanList DIR 0
d
39
0 0 -11.4104 0 0 -11.4104 0 0 -11.4104 0 0 -11.4104 0 0 -11.4104 0 0 -11.4104 0 0 11.4104 0 0 11.4104 0 0 11.4104 0 0 11.4104 0 0 11.4104 0 0 0 0 0 0 
s	20
2019 2025 2054 2061 
2019 2020 2021 2022 2023 2024 2025 2054 2055 2056 2057 2058 2059 2060 2061 
b
2 0
0.902208 0.970634 0.23828
2020 0 0 1
2021 0 0 3
2022 0 0 3
2023 0 0 3
2024 0 0 3
2055 0 0 2
2056 0 0 2
2057 0 0 3
2058 0 0 3
2059 0 0 2
2060 0 0 1
g
0
0.5 2 0 0 1 2 0 2 4
t
2
40
13240.2 782.97 100
13240.2 782.97 -100
a
4
85
2025 2018 2061 2053 
1 2022 1 2056 0 2057 0 2058 0 2059 0 2640 0.5 2641 0.5 
1 2020 1 2056 0 2054 0 2055 0 2640 0.5 2641 0.5 
1 2021 1 2056 0 2057 0 2055 0 2640 0.5 2641 0.5 
1 2023 1 2057 0 2058 0 2059 0 2640 0.5 2641 0.5 
1 2024 1 2058 0 2059 0 2060 0 2640 0.5 2641 0.5 
1 2019 1 2054 0 2640 0.5 2641 0.5 
2 2056 1 2022 0 2020 0 2021 0 2640 0.5 2641 0.5 
2 2057 1 2022 0 2021 0 2023 0 2640 0.5 2641 0.5 
2 2058 1 2022 0 2023 0 2024 0 2640 0.5 2641 0.5 
2 2059 1 2022 0 2023 0 2024 0 2640 0.5 2641 0.5 
2 2054 1 2020 0 2019 0 2640 0.5 2641 0.5 
2 2055 1 2020 0 2021 0 2640 0.5 2641 0.5 
2 2060 1 2024 0 2640 0.5 2641 0.5 
0 2640 6.5 2022 0.5 2020 0.5 2021 0.5 2023 0.5 2024 0.5 2019 0.5 2056 0.5 2057 0.5 2058 0.5 2059 0.5 2054 0.5 2055 0.5 2060 0.5 
0 2641 6.5 2022 0.5 2020 0.5 2021 0.5 2023 0.5 2024 0.5 2019 0.5 2056 0.5 2057 0.5 2058 0.5 2059 0.5 2054 0.5 2055 0.5 2060 0.5 
NanList DIR 0
d
45
0 0 -12.6881 0 0 -12.6881 0 0 -12.6881 0 0 -12.6881 0 0 -12.6881 0 0 -12.6881 0 0 12.6881 0 0 12.6881 0 0 12.6881 0 0 12.6881 0 0 12.6881 0 0 12.6881 0 0 12.6881 0 0 0 0 0 0 
s	21
2040 2043 2075 2077 2108 2110 
2040 2041 2042 2043 2075 2076 2077 2108 2109 2110 
b
3 0
0.53976 0.266666 0.85092
2041 0 0 1
2042 0 0 1
2076 0 0 1
2109 0 0 3
g
0
0.5 2 0 0 1 2 0 2 4
t
2
42
13564 2196.67 100
13564 2196.67 -100
a
6
89
2043 2039 2077 2074 2110 2107 
1 2108 1 2040 0 2041 0 2076 0 2075 0 2640 0.5 2641 0.5 
1 2109 1 2040 0 2041 0 2076 0 2042 0 2640 0.5 2641 0.5 
2 2040 1 2108 0 2109 0 2640 0.5 2641 0.5 
2 2041 1 2108 0 2109 0 2640 0.5 2641 0.5 
2 2042 1 2109 0 2640 0.5 2641 0.5 
2 2076 1 2108 0 2109 0 2640 0.5 2641 0.5 
2 2075 1 2108 0 2640 0.5 2641 0.5 
0 2640 3.5 2108 0.5 2109 0.5 2040 0.5 2041 0.5 2042 0.5 2076 0.5 2075 0.5 
0 2641 3.5 2108 0.5 2109 0.5 2040 0.5 2041 0.5 2042 0.5 2076 0.5 2075 0.5 
NanList DIR 0
d
27
0 0 -11.0995 0 0 -11.0995 0 0 11.0995 0 0 11.0995 0 0 11.0995 0 0 11.0995 0 0 11.0995 0 0 0 0 0 0 
s	22
2304 2308 2337 2341 2370 2372 
2304 2305 2306 2307 2308 2337 2338 2339 2340 2341 2370 2371 2372 
b
3 0
0.512535 0.760249 0.375207
2305 0 0 2
2306 0 0 2
2307 0 0 2
2338 0 0 1
2339 0 0 2
2340 0 0 2
2371 0 0 1
g
0
0.5 2 0 0 1 2 0 2 4
t
2
44
14818.8 1985.9 100
14818.8 1985.9 -100
a
6
95
2308 2303 2341 2336 2372 2369 
1 2306 1 2339 0 2340 0 2370 0 2640 0.5 2641 0.5 
1 2307 1 2340 0 2370 0 2371 0 2640 0.5 2641 0.5 
1 2304 1 2338 0 2337 0 2640 0.5 2641 0.5 
1 2305 1 2338 0 2339 0 2640 0.5 2641 0.5 
2 2338 1 2304 0 2305 0 2640 0.5 2641 0.5 
2 2339 1 2306 0 2305 0 2640 0.5 2641 0.5 
2 2340 1 2306 0 2307 0 2640 0.5 2641 0.5 
2 2337 1 2304 0 2640 0.5 2641 0.5 
2 2370 1 2306 0 2307 0 2640 0.5 2641 0.5 
2 2371 1 2307 0 2640 0.5 2641 0.5 
0 2640 5 2306 0.5 2307 0.5 2304 0.5 2305 0.5 2338 0.5 2339 0.5 2340 0.5 2337 0.5 2370 0.5 2371 0.5 
0 2641 5 2306 0.5 2307 0.5 2304 0.5 2305 0.5 2338 0.5 2339 0.5 2340 0.5 2337 0.5 2370 0.5 2371 0.5 
NanList DIR 0
d
36
0 0 -12.2438 0 0 -12.2438 0 0 -12.2438 0 0 -12.2438 0 0 12.2438 0 0 12.2438 0 0 12.2438 0 0 12.2438 0 0 12.2438 0 0 12.2438 0 0 0 0 0 0 
s	23
2372 2374 2405 2407 
2372 2373 2374 2405 2406 2407 
b
2 0
0.0392803 0.531606 0.667724
2373 0 0 1
2406 0 0 1
g
0
0.5 2 0 0 1 2 0 2 4
t
2
46
14704.1 2234.08 100
14704.1 2234.08 -100
a
3
101
2374 2407 2404 
1 2373 1 2405 0 2406 0 2640 0.5 2641 0.5 
1 2372 1 2405 0 2640 0.5 2641 0.5 
2 2405 1 2373 0 2372 0 2640 0.5 2641 0.5 
2 2406 1 2373 0 2640 0.5 2641 0.5 
0 2640 2 2373 0.5 2372 0.5 2405 0.5 2406 0.5 
0 2641 2 2373 0.5 2372 0.5 2405 0.5 2406 0.5 
NanList DIR 0
d
18
0 0 -4.93702 0 0 -4.93702 0 0 4.93702 0 0 4.93702 0 0 0 0 0 0 
