33 0.5 0.1 0.3 1 0 23 1
p
0
30
1000 0 0
1004.22 82.7438 0
1008.44 165.488 0
1012.66 248.231 0
1016.88 330.975 0
1021.1 413.719 0
1025.32 496.463 0
1029.54 579.207 0
1033.76 661.95 0
1037.98 744.694 0
1042.21 827.438 0
1046.43 910.182 0
1050.65 992.926 0
1054.87 1075.67 0
1059.09 1158.41 0
1063.31 1241.16 0
1067.53 1323.9 0
1071.75 1406.64 0
1075.97 1489.39 0
1080.19 1572.13 0
1084.41 1654.88 0
1088.63 1737.62 0
1092.85 1820.36 0
1097.07 1903.11 0
1101.29 1985.85 0
1105.51 2068.59 0
1109.73 2151.34 0
1113.95 2234.08 0
1118.18 2316.83 0
1122.4 2399.57 0
1126.62 2482.31 0
p
1
30
1200 0 0
1202.38 72.4222 0
1204.75 144.844 0
1205.83 217.277 0
1205.3 289.72 0
1202.95 362.161 0
1198.31 434.526 0
1191.11 506.728 0
1182.46 578.825 0
1172.59 650.805 0
1162.05 722.714 0
1151.43 794.612 0
1141.32 866.56 0
1132.29 938.61 0
1124.9 1010.79 -12.7134
1119.41 1083.12 -12.7134
1115.26 1155.52 -12.7134
1112.87 1227.97 -12.7134
1112.88 1300.46 -12.7134
1115.6 1372.95 -12.7134
1120.31 1445.38 -12.7134
1125.39 1517.71 0
1130.47 1590.05 0
1135.55 1662.39 0
1140.63 1734.72 0
1145.71 1807.06 0
1150.79 1879.4 0
1155.87 1951.73 0
1160.95 2024.07 0
1166.03 2096.41 0
1171.12 2168.74 0
p
2
30
1400 0 0
1402.1 76.6475 0
1404.2 153.295 0
1402.6 230.071 0
1397.56 306.789 0
1390.87 383.414 0
1382.24 459.895 0
1372.14 536.207 0
1358.26 611.971 0
1339.63 686.821 0
1314.45 760.016 0
1281.75 830.622 0
1243.69 898.893 0
1203.21 965.997 0
1165.08 1034.39 12.7134
1133.35 1105.61 12.7134
1113.29 1180.51 12.7134
1107.15 1257.48 12.7134
1117.21 1333.91 12.7134
1143.22 1406.64 12.7134
1183.22 1473.16 12.7134
1236.21 1530.83 0
1297.32 1580.78 0
1361.19 1627.68 0
1422.74 1677.52 0
1476.31 1735.54 0
1517.09 1803.02 0
1546.03 1876.69 0
1558.23 1955.94 0
1558.32 2036.95 -14.4419
1553.51 2118.28 -14.4419
p
3
30
1600 0 0
1590.73 58.7932 0
1581.46 117.586 0
1572.32 176.511 0
1563.82 235.592 0
1555.9 294.788 0
1548.65 354.176 0
1542.27 413.827 0
1534.97 473.462 0
1527.05 533.174 0
1518.34 592.981 0
1510.21 653.279 0
1503.23 714.154 0
1495.09 774.957 0
1486.78 835.827 0
1478.69 896.693 0
1472.04 957.65 0
1466.53 1018.57 0
1463 1079.59 0
1460.85 1140.64 0
1460.48 1201.71 0
1462.8 1262.71 0
1467.54 1323.71 0
1474.1 1384.75 0
1481.87 1445.84 0
1490.32 1507.02 0
1499.07 1568.29 0
1508.12 1629.58 0
1518.19 1690.71 0
1531.33 1751.21 0
1549.43 1810.49 0
p
4
30
1800 0 0
1793.37 75.2705 0
1786.73 150.541 0
1780.3 225.754 0
1771.89 300.748 0
1760.49 375.391 0
1745.19 449.396 0
1725.38 522.447 0
1699.92 593.958 0
1668.85 663.464 0
1632.94 730.812 0
1594.43 796.767 0
1557.11 863.262 0
1526.56 932.891 0
1505.42 1005.68 0
1494.08 1080.47 0
1492.32 1156.12 0
1499.8 1231.65 0
1516.6 1305.91 0
1540.67 1378.44 0
1569.07 1449.63 0
1598.59 1520.49 0
1625.97 1592.22 0
1648.01 1665.7 0
1661.81 1741.11 0
1665.07 1817.77 0
1656.53 1894.25 0
1636.19 1968.9 0
1605.48 2040.48 9.62796
1567.44 2109.01 9.62796
1526.77 2176.36 9.62796
p
5
30
2000 0 0
1998.63 72.7097 0
1997.26 145.419 0
1995.99 218.13 0
1994.84 290.842 0
1993.87 363.557 0
1993.12 436.274 0
1992.55 508.993 0
1992.17 581.715 0
1991.99 654.438 0
1992.01 727.162 0
1992.22 799.886 0
1992.62 872.611 0
1993.21 945.336 0
1993.99 1018.06 0
1994.96 1090.78 0
1996.11 1163.51 0
1997.44 1236.23 0
1998.95 1308.95 0
2000.63 1381.66 0
2002.49 1454.38 0
2004.51 1527.09 0
2006.71 1599.8 0
2009.06 1672.51 0
2011.57 1745.21 0
2014.24 1817.91 0
2017.06 1890.61 0
2020.03 1963.3 0
2023.13 2035.99 0
2026.36 2108.67 0
2029.63 2181.36 0
p
6
30
2200 0 0
2192.22 70.1275 0
2184.45 140.255 0
2176.88 210.407 0
2169.56 280.586 0
2162.58 350.801 0
2156.02 421.059 0
2149.76 491.345 0
2143.83 561.662 0
2138.2 632.006 0
2132.87 702.375 0
2127.8 772.766 0
2122.99 843.177 0
2118.4 913.606 0
2114.03 984.051 0
2109.85 1054.51 0
2105.85 1124.98 0
2102.01 1195.47 0
2098.3 1265.96 0
2094.73 1336.46 0
2091.26 1406.97 0
2087.87 1477.48 0
2084.57 1548 0
2081.31 1618.52 0
2078.1 1689.04 0
2074.91 1759.57 0
2071.73 1830.09 0
2068.54 1900.62 0
2065.32 1971.14 0
2062.05 2041.66 0
2058.74 2112.18 0
p
7
30
2400 0 0
2407.19 76.1905 0
2414.39 152.381 0
2419.89 228.708 0
2423.75 305.151 0
2425.59 381.699 0
2426.19 458.309 0
2425.55 534.96 0
2424.03 611.637 0
2421.99 688.333 0
2419.82 765.046 0
2417.89 841.775 0
2416.6 918.514 0
2416.3 995.252 0
2417.31 1071.96 0
2419.9 1148.62 0
2424.16 1225.17 0
2430.24 1301.58 0
2438.17 1377.8 0
2447.97 1453.79 0
2459.59 1529.53 0
2473.46 1604.9 0
2489.56 1679.84 0
2507.91 1754.28 0
2528.44 1828.19 0
2550.95 1901.56 0
2575.17 1974.43 0
2600.69 2046.92 0
2627.01 2119.22 0
2653.83 2191.44 0
2681.61 2263.4 0
p
8
30
2600 0 0
2593.15 73.3404 0
2586.31 146.681 0
2581.33 220.234 0
2578.18 293.919 0
2577.07 367.697 0
2577.19 441.496 0
2578.54 515.302 0
2580.86 589.09 0
2583.89 662.851 0
2587.44 736.583 0
2591.3 810.292 0
2595.33 883.991 0
2599.4 957.699 0
2603.45 1031.44 0
2607.46 1105.22 0
2611.34 1179.07 0
2615.16 1253.02 0
2619.03 1327.06 0
2623.12 1401.2 0
2627.69 1475.43 0
2632.25 1549.77 0
2636.98 1624.2 0
2641.95 1698.69 0
2647.24 1773.19 0
2653.01 1847.67 0
2659.4 1922.08 0
2666.6 1996.34 0
2674.79 2070.42 0
2684.14 2144.25 0
2694.56 2217.82 0
p
9
30
2800 0 0
2803.9 88.2654 0
2807.81 176.531 0
2811.7 264.768 0
2815.16 353.019 0
2817.9 441.294 0
2820.09 529.593 0
2821.57 617.913 0
2822.28 706.25 0
2822.19 794.602 0
2821.28 882.963 0
2819.52 971.329 0
2816.93 1059.69 0
2813.52 1148.05 0
2809.3 1236.41 0
2804.33 1324.74 0
2798.65 1413.06 0
2792.33 1501.36 0
2785.43 1589.65 0
2778.03 1677.91 0
2770.24 1766.15 0
2762.15 1854.38 0
2753.86 1942.6 0
2745.52 2030.82 0
2737.22 2119.03 0
2729.02 2207.25 0
2720.66 2295.48 0
2712.27 2383.72 0
2703.87 2471.96 0
2695.47 2560.2 0
2687.08 2648.44 0
p
10
30
3000 0 0
3005.56 72.2161 0
3011.12 144.432 0
3016.68 216.648 0
3022.24 288.864 0
3027.79 361.08 0
3033.35 433.296 0
3038.91 505.512 0
3044.47 577.729 0
3050.03 649.945 0
3055.59 722.161 0
3061.15 794.377 0
3066.71 866.593 0
3072.27 938.809 0
3077.83 1011.02 0
3083.38 1083.24 0
3088.94 1155.46 0
3094.5 1227.67 0
3100.06 1299.89 0
3105.62 1372.11 0
3111.18 1444.32 0
3116.74 1516.54 0
3122.3 1588.75 0
3127.86 1660.97 0
3133.42 1733.19 0
3138.97 1805.4 0
3144.53 1877.62 0
3150.09 1949.83 0
3155.65 2022.05 0
3161.21 2094.27 0
3166.77 2166.48 0
p
11
30
3200 0 0
3205.51 81.6382 0
3211.01 163.276 0
3215.78 244.961 0
3219.55 326.703 0
3221.82 408.509 0
3223.38 490.344 0
3224.12 572.205 0
3224.21 654.083 0
3223.83 735.972 0
3223.15 817.866 0
3222.35 899.762 0
3221.6 981.657 0
3221.09 1063.55 0
3220.99 1145.43 0
3221.48 1227.31 0
3222.63 1309.18 0
3223.92 1391.03 0
3225.2 1472.88 0
3226.49 1554.73 0
3227.78 1636.58 0
3229.07 1718.43 0
3230.36 1800.28 0
3231.65 1882.14 0
3232.93 1963.99 0
3234.22 2045.84 0
3235.51 2127.69 0
3236.8 2209.54 0
3238.09 2291.39 0
3239.37 2373.24 0
3240.66 2455.09 0
p
12
30
3400 0 0
3416.41 91.4824 0
3432.83 182.965 0
3448.88 274.503 0
3464.08 366.187 0
3477.48 458.154 0
3486.58 550.694 0
3488.75 643.791 0
3480.05 736.844 0
3454.85 827.674 0
3404.97 910.018 0
3347.43 987.822 0
3293.08 1067.15 0
3256.12 1153.55 0
3248.59 1245.75 0
3273.82 1334.44 0
3331.65 1408.08 0
3406.68 1466.63 0
3480.24 1526.37 0
3538.91 1599.21 0
3594.72 1674.11 0
3648.3 1750.5 0
3695.88 1830.66 0
3734.7 1915.18 0
3765.58 2002.83 0
3792.86 2091.67 0
3822.32 2179.81 0
3858.67 2265.41 0
3903.39 2347.14 13.4632
3954 2425.99 13.4632
4005.39 2504.45 13.4632
p
13
30
3600 0 0
3605.54 79.2195 0
3611.08 158.439 0
3615.97 237.698 0
3619.95 317.011 0
3622.54 396.388 0
3623.05 475.82 0
3620.7 555.252 0
3614.62 634.543 0
3603.8 713.435 0
3587.59 791.627 0
3570.08 869.631 0
3552.3 947.727 0
3535.72 1026.19 0
3516.23 1104.35 0
3496.75 1182.9 0
3484.35 1263.24 0
3480.68 1344.63 0
3489.3 1425.56 0
3513.64 1503.04 0
3553.9 1573.46 0
3601.04 1639.13 0
3653.19 1700.62 0
3709.65 1758.26 0
3767.74 1814.41 0
3825.44 1871.07 0
3880.09 1930.59 0
3927.99 1995.75 0
3965.3 2068.21 0
3987.63 2147.7 13.4632
3985.37 2232.09 13.4632
p
14
30
3800 0 0
3790.27 67.5925 0
3780.54 135.185 0
3772.43 203.034 0
3766.21 271.124 0
3762.42 339.452 0
3760.8 407.914 0
3761.42 476.452 0
3764.07 544.997 0
3768.49 613.517 0
3776.84 681.965 0
3787.68 750.263 0
3799.5 818.632 0
3816.52 886.864 0
3831.17 955.487 0
3846.54 1024.24 0
3858.93 1093.43 0
3869.51 1162.81 0
3878.6 1232.25 0
3886.82 1301.68 0
3895.19 1371.08 0
3902.95 1440.68 0
3910.92 1510.54 0
3919.29 1580.76 0
3928.18 1651.35 0
3937.62 1722.25 0
3947.57 1793.36 0
3958.02 1864.49 0
3969.21 1935.41 0
3981.93 2005.77 0
3996.97 2075.28 0
p
15
30
4000 0 0
3998.94 90.6152 0
3997.88 181.23 0
3996.67 271.832 0
3995.53 362.426 0
3994.82 453.018 0
3994.07 543.598 0
3993.97 634.172 0
3995.52 724.726 0
4000.35 815.17 0
4011.69 905.117 0
4034.68 993.083 0
4074.03 1075.81 0
4132.21 1148.3 0
4195.69 1217.4 0
4260.38 1286.33 0
4319.14 1360.37 -14.6199
4364.04 1442.83 -14.6199
4389.25 1532.54 -14.6199
4394.26 1624.89 -14.6199
4382.35 1715.85 0
4355.66 1803.2 -13.158
4313.98 1884.58 -13.158
4257.19 1956.95 -13.158
4188.68 2019.64 -13.158
4116.05 2078.58 0
4048.68 2143.54 -13.4632
3997.65 2221.72 -13.4632
3969.03 2310.97 -13.4632
3955.41 2404.35 -13.4632
3945.13 2498.17 -13.4632
p
16
30
4200 0 0
4202.54 83.3178 0
4205.07 166.636 0
4208.12 249.933 0
4211.91 333.199 0
4216.81 416.407 0
4223.11 499.545 0
4231.16 582.553 0
4241.26 665.361 0
4253.7 747.865 0
4268.96 829.821 0
4285.21 911.667 0
4302.2 993.384 0
4319.17 1075.11 0
4335.39 1156.97 0
4350.11 1239.09 0
4362.61 1321.54 11.696
4371.95 1404.36 11.696
4374.96 1487.56 11.696
4366.03 1570.03 11.696
4350.9 1651.58 11.696
4333.07 1732.66 0
4314.01 1813.54 13.158
4292.24 1893.96 13.158
4264.46 1973.03 13.158
4233.01 2051.16 13.158
4200.95 2129.13 0
4168.9 2207.1 0
4136.84 2285.07 0
4104.79 2363.04 0
4072.73 2441.01 0
p
17
30
4400 0 0
4403.19 71.5691 0
4406.38 143.138 0
4409.57 214.707 0
4412.76 286.276 0
4415.95 357.845 0
4419.14 429.414 0
4422.33 500.983 0
4425.52 572.552 0
4428.71 644.121 0
4431.9 715.691 0
4435.09 787.26 0
4438.28 858.829 0
4441.47 930.398 0
4444.66 1001.97 0
4447.84 1073.54 0
4451.03 1145.1 0
4454.22 1216.67 0
4457.41 1288.24 0
4460.6 1359.81 0
4463.79 1431.38 0
4466.98 1502.95 0
4470.17 1574.52 0
4473.36 1646.09 0
4476.55 1717.66 0
4479.74 1789.23 0
4482.93 1860.8 0
4486.12 1932.36 0
4489.31 2003.93 0
4492.5 2075.5 0
4495.69 2147.07 0
p
18
30
4600 0 0
4606.46 70.0164 0
4612.93 140.033 0
4619.39 210.049 0
4625.85 280.066 0
4632.32 350.082 0
4638.78 420.099 0
4645.24 490.115 0
4651.71 560.132 0
4658.17 630.148 0
4664.63 700.164 0
4671.1 770.181 0
4677.56 840.197 0
4684.02 910.214 0
4690.49 980.23 0
4696.95 1050.25 0
4703.41 1120.26 0
4709.88 1190.28 0
4716.34 1260.3 0
4722.8 1330.31 0
4729.27 1400.33 0
4735.73 1470.35 0
4742.19 1540.36 0
4748.66 1610.38 0
4755.12 1680.39 0
4761.58 1750.41 0
4768.05 1820.43 0
4774.51 1890.44 0
4780.98 1960.46 0
4787.44 2030.48 0
4793.9 2100.49 0
p
19
30
4800 0 0
4805.35 65.9945 0
4810.7 131.989 0
4816.05 197.984 0
4821.41 263.978 0
4826.76 329.973 0
4832.11 395.967 0
4837.46 461.962 0
4842.81 527.956 0
4848.16 593.951 0
4853.52 659.945 0
4858.87 725.94 0
4864.22 791.934 0
4869.57 857.929 0
4874.92 923.923 0
4880.27 989.918 0
4885.62 1055.91 0
4890.98 1121.91 0
4896.33 1187.9 0
4901.68 1253.9 0
4907.03 1319.89 0
4912.38 1385.89 0
4917.73 1451.88 0
4923.09 1517.87 0
4928.44 1583.87 0
4933.79 1649.86 0
4939.14 1715.86 0
4944.49 1781.85 0
4949.84 1847.85 0
4955.19 1913.84 0
4960.55 1979.84 0
p
20
30
5000 0 0
5005.82 63.0299 0
5011.64 126.06 0
5017.46 189.09 0
5023.28 252.119 0
5029.1 315.149 0
5034.91 378.179 0
5040.73 441.209 0
5046.55 504.239 0
5052.37 567.269 0
5058.19 630.299 0
5064.01 693.329 0
5069.83 756.358 0
5075.65 819.388 0
5081.47 882.418 0
5087.29 945.448 0
5093.11 1008.48 0
5098.92 1071.51 0
5104.74 1134.54 0
5110.56 1197.57 0
5116.38 1260.6 0
5122.2 1323.63 0
5128.02 1386.66 0
5133.84 1449.69 0
5139.66 1512.72 0
5145.48 1575.75 0
5151.3 1638.78 0
5157.12 1701.81 0
5162.93 1764.84 0
5168.75 1827.87 0
5174.57 1890.9 0
p
21
30
5200 0 0
5204.34 78.5121 0
5208.68 157.024 0
5212.81 235.538 0
5216.63 314.06 0
5219.89 392.593 0
5222.24 471.13 0
5223.38 549.604 0
5222.44 627.967 0
5220.8 706.429 0
5218.66 784.898 0
5216.68 863.382 0
5215.59 941.887 0
5216.15 1020.4 0
5219.08 1098.86 0
5225.05 1177.16 0
5234.59 1255.14 0
5248.11 1332.6 0
5265.8 1409.32 0
5287.65 1485.12 0
5313.39 1559.85 0
5342.53 1633.49 0
5374.33 1706.19 0
5407.83 1778.21 0
5441.87 1850 0
5475.07 1922.12 0
5505.92 1995.14 -13.3639
5533.69 2069.51 -13.3639
5560.65 2144.1 -13.3639
5587.84 2218.67 0
5615.1 2293.2 0
p
22
30
5400 0 0
5398.41 68.2557 0
5396.82 136.511 0
5395.63 204.769 0
5395.05 273.035 0
5395.42 341.307 0
5397.01 409.583 0
5400.59 477.852 0
5403.67 546.258 0
5407.9 614.589 0
5412.83 682.921 0
5418.44 751.247 0
5424.67 819.558 0
5431.48 887.842 0
5438.8 956.087 0
5446.55 1024.28 0
5454.68 1092.43 0
5463.13 1160.51 0
5471.85 1228.53 0
5480.83 1296.49 0
5490.07 1364.39 0
5499.6 1432.24 0
5509.49 1500.06 0
5519.83 1567.84 0
5530.54 1635.6 -13.3639
5540.74 1703.43 -13.3639
5549.36 1771.41 -13.3639
5556.16 1839.6 -13.3639
5565.75 1907.37 -13.3639
5579.78 1974.49 -13.3639
5594.77 2041.54 0
p
23
30
5600 0 0
5596.72 61.6434 0
5593.44 123.287 0
5590.67 184.983 0
5588.41 246.72 0
5586.73 308.505 0
5585.61 370.35 0
5585.96 432.31 0
5581.67 494.708 0
5578.33 557.124 0
5574.68 619.73 0
5571.65 682.485 0
5569.17 745.297 0
5567.29 808.085 0
5565.97 870.793 0
5565.11 933.402 0
5564.6 995.927 0
5564.35 1058.41 0
5564.26 1120.9 0
5564.24 1183.46 0
5564.21 1246.12 0
5564.1 1308.89 0
5563.78 1371.76 0
5563.11 1434.69 0
5561.83 1497.61 0
5559.56 1560.47 0
5555.95 1623.18 10.9341
5551.15 1685.79 10.9341
5545.09 1748.24 10.9341
5538.28 1810.57 10.9341
5531.59 1872.96 10.9341
p
24
30
5800 0 0
5786.65 73.9985 0
5773.31 147.997 0
5761.72 222.302 0
5752.91 297.027 0
5748.72 372.259 0
5751.81 447.783 0
5766.23 522.523 0
5791.99 594.725 0
5821.14 666.23 0
5851.46 737.574 0
5880.26 809.485 0
5904.2 882.775 -12.6304
5920.68 957.539 -12.6304
5927.74 1033.21 -12.6304
5924.26 1108.69 -12.6304
5910.05 1182.68 -12.6304
5885.8 1254.03 -12.6304
5853 1322.1 0
5813.65 1386.95 0
5770.15 1449.39 0
5725.06 1510.85 0
5681.1 1573.05 0
5641.11 1637.64 0
5607.99 1705.79 0
5583.41 1777.27 10.9341
5564.18 1850.6 10.9341
5549.14 1925.26 10.9341
5539.92 2001.26 10.9341
5533.85 2077.7 10.9341
5528.3 2154.15 10.9341
p
25
30
6000 0 0
5995.87 65.0968 0
5991.74 130.194 0
5987.61 195.29 0
5983.48 260.387 0
5979.34 325.484 0
5975.21 390.581 0
5971.08 455.678 0
5966.95 520.775 0
5962.82 585.871 0
5958.69 650.968 0
5954.56 716.065 0
5950.43 781.162 0
5946.29 846.259 0
5942.16 911.356 12.6304
5938.03 976.452 12.6304
5933.9 1041.55 12.6304
5929.77 1106.65 12.6304
5925.64 1171.74 12.6304
5921.51 1236.84 12.6304
5917.38 1301.94 0
5913.24 1367.03 0
5909.11 1432.13 0
5904.98 1497.23 0
5900.85 1562.32 0
5896.72 1627.42 0
5892.59 1692.52 0
5888.46 1757.61 0
5884.33 1822.71 0
5880.19 1887.81 0
5876.06 1952.9 0
p
26
30
6200 0 0
6199.33 64.4569 0
6198.67 128.914 0
6198 193.371 0
6197.33 257.828 0
6196.66 322.284 0
6196 386.741 0
6195.33 451.198 0
6194.66 515.655 0
6193.99 580.112 0
6193.33 644.569 0
6192.66 709.026 0
6191.99 773.483 0
6191.32 837.94 0
6190.66 902.397 0
6189.99 966.853 0
6189.32 1031.31 0
6188.65 1095.77 0
6187.99 1160.22 0
6187.32 1224.68 0
6186.65 1289.14 0
6185.98 1353.59 0
6185.32 1418.05 0
6184.65 1482.51 0
6183.98 1546.97 0
6183.32 1611.42 0
6182.65 1675.88 0
6181.98 1740.34 0
6181.31 1804.79 0
6180.65 1869.25 0
6179.98 1933.71 0
p
27
30
6400 0 0
6396.94 57.1019 0
6393.87 114.204 0
6390.81 171.306 0
6387.74 228.408 0
6384.68 285.51 0
6381.61 342.611 0
6378.55 399.713 0
6375.48 456.815 0
6372.42 513.917 0
6369.35 571.019 0
6366.29 628.121 0
6363.22 685.223 0
6360.16 742.325 0
6357.09 799.427 0
6354.03 856.529 0
6350.96 913.631 0
6347.9 970.733 0
6344.83 1027.83 0
6341.77 1084.94 0
6338.7 1142.04 0
6335.64 1199.14 0
6332.57 1256.24 0
6329.51 1313.34 0
6326.44 1370.45 0
6323.38 1427.55 0
6320.31 1484.65 0
6317.25 1541.75 0
6314.18 1598.85 0
6311.12 1655.96 0
6308.05 1713.06 0
p
28
30
6600 0 0
6596.76 59.0551 0
6593.53 118.11 0
6590.29 177.165 0
6587.05 236.22 0
6583.81 295.276 0
6580.58 354.331 0
6577.34 413.386 0
6574.1 472.441 0
6570.87 531.496 0
6567.63 590.551 0
6564.39 649.606 0
6561.15 708.661 0
6557.92 767.716 0
6554.68 826.772 0
6551.44 885.827 0
6548.21 944.882 0
6544.97 1003.94 0
6541.73 1062.99 0
6538.5 1122.05 0
6535.26 1181.1 0
6532.02 1240.16 0
6528.78 1299.21 0
6525.55 1358.27 0
6522.31 1417.32 0
6519.07 1476.38 0
6515.84 1535.43 0
6512.6 1594.49 0
6509.36 1653.54 0
6506.12 1712.6 0
6502.89 1771.65 0
p
29
30
6800 0 0
6808.09 84.9913 0
6816.19 169.983 0
6822.85 255.086 0
6828.32 340.286 0
6831.81 425.595 0
6833.28 510.995 0
6831.83 596.398 0
6829.43 681.844 0
6825.99 767.292 0
6822.1 852.744 0
6818.29 938.208 0
6815.1 1023.69 0
6813 1109.17 0
6812.41 1194.65 0
6813.69 1280.09 0
6817.11 1365.42 0
6822.85 1450.61 0
6831.02 1535.58 0
6841.61 1620.27 0
6854.53 1704.65 0
6869.58 1788.69 0
6886.48 1872.4 0
6904.86 1955.82 0
6924.3 2039.01 0
6944.29 2122.09 0
6964.3 2205.16 0
6983.73 2288.35 0
7002.12 2371.77 -7.90217
7019.72 2455.41 -7.90217
7037.23 2539.1 -7.90217
p
30
30
7000 0 0
6999.92 79.4587 0
6999.84 158.917 0
7002.41 238.518 0
7003.32 318.18 0
7008.11 397.964 0
7009.36 478.021 0
7015.67 558.503 0
7020.35 639.122 0
7024.78 719.959 0
7028.8 800.878 0
7032.13 881.745 0
7034.85 962.438 0
7036.95 1042.89 0
7038.45 1123.11 0
7039.33 1203.15 0
7039.61 1283.1 0
7039.28 1363.09 0
7038.38 1443.2 0
7036.94 1523.53 0
7035.03 1604.1 0
7032.77 1684.89 0
7030.3 1765.86 0
7027.79 1846.88 0
7025.48 1927.87 0
7023.63 2008.72 0
7022.55 2089.35 0
7022.57 2169.74 0
7024.04 2249.86 0
7027.29 2329.77 5.92662
7032.17 2409.37 5.92662
p
31
30
7200 0 0
7196.48 85.3871 0
7192.96 170.774 0
7189.03 256.122 0
7184.71 341.451 0
7180.06 426.748 0
7174.92 512.015 0
7169.32 597.221 0
7163.35 682.427 0
7157.03 767.611 0
7150.44 852.777 0
7143.65 937.929 0
7136.72 1023.07 0
7129.74 1108.21 0
7122.79 1193.35 0
7115.93 1278.5 0
7109.26 1363.66 0
7102.82 1448.84 0
7096.71 1534.04 0
7090.97 1619.26 0
7085.65 1704.5 0
7080.8 1789.77 0
7076.46 1875.07 0
7072.64 1960.38 0
7069.36 2045.73 0
7066.6 2131.09 0
7064.37 2216.46 0
7062.62 2301.85 0
7061.35 2387.26 0
7060.53 2472.71 5.92662
7059.76 2558.18 5.92662
p
32
30
7400 0 0
7401.04 78.4589 0
7402.07 156.918 0
7403.73 235.323 0
7407.43 313.704 0
7413.53 391.965 0
7420.62 470.176 0
7428.75 548.335 0
7437.44 626.487 0
7446.18 704.684 0
7454.52 782.972 0
7462.08 861.381 0
7469.38 939.856 0
7476.36 1018.39 0
7483.17 1096.94 0
7489.96 1175.49 0
7496.92 1254.01 0
7504.19 1332.46 0
7511.89 1410.82 0
7520.13 1489.08 0
7528.95 1567.21 0
7538.33 1645.22 0
7548.32 1723.15 -10.5398
7559.42 1800.97 -10.5398
7572.64 1878.51 -10.5398
7588.11 1955.63 -10.5398
7604.04 2032.66 0
7619.97 2109.69 0
7635.89 2186.72 0
7651.82 2263.75 0
7667.75 2340.78 0
p
33
30
7600 0 0
7613.94 79.8912 0
7627.88 159.782 0
7643.06 238.954 0
7664.3 316.933 0
7692 393.068 0
7720.7 469.065 0
7747.9 545.541 0
7770.7 623.245 0
7787.62 702.321 0
7799.31 782.375 0
7808.93 862.855 0
7821.22 943.286 0
7830.4 1024.2 0
7835.06 1105.58 0
7833.68 1187.22 0
7819.37 1267.77 0
7792.17 1345.21 0
7752.82 1418.03 0
7701.84 1484.65 0
7650.41 1551.53 0
7604.92 1622.33 0
7574.38 1699.65 10.5398
7563.86 1780.7 10.5398
7579.85 1859.92 10.5398
7624.09 1927.92 10.5398
7696.17 1968.08 0
7776.78 1990.73 0
7850.45 2030.1 0
7893.99 2102.1 -13.4069
7927.01 2180.06 -13.4069
p
34
30
7800 0 0
7787.86 67.691 0
7775.72 135.382 0
7771.31 204.609 0
7770.97 274.042 0
7775.69 343.549 0
7782.34 412.977 0
7790.77 482.283 0
7800.14 551.479 0
7809.92 620.591 0
7819.85 689.635 0
7829.97 758.599 0
7839.07 827.617 0
7847.11 896.679 0
7853.91 965.762 0
7859.92 1034.88 0
7865.13 1104.02 0
7869.55 1173.15 0
7873.51 1242.25 0
7878.12 1311.37 0
7881.96 1380.51 0
7885.12 1449.73 0
7887.47 1519.1 0
7889.2 1588.69 0
7890.95 1658.62 0
7894.26 1728.99 0
7896.38 1799.87 0
7898.92 1871.23 0
7902.96 1942.92 0
7910.35 2014.59 0
7922.23 2085.77 0
p
35
30
8000 0 0
7999.11 77.503 0
7998.23 155.006 0
7999.96 232.609 0
8003.71 310.124 0
8010.11 387.507 0
8018.36 464.757 0
8028.83 541.806 0
8041.66 618.583 0
8057.05 694.984 0
8075.24 770.867 0
8096.35 846.072 0
8118.72 920.972 0
8141.99 995.616 -12.5427
8165.18 1070.29 -12.5427
8186.67 1145.41 -12.5427
8204.94 1221.32 -12.5427
8218.26 1298.17 -12.5427
8225.33 1375.78 0
8225.76 1453.65 0
8219.35 1531.26 -12.5427
8206.13 1608.02 -12.5427
8186.32 1683.34 -12.5427
8160.35 1756.79 -12.5427
8128.62 1827.98 0
8092.37 1897.05 0
8053.16 1964.57 0
8012.62 2031.36 0
7972.41 2098.32 8.93796
7933.61 2166.04 8.93796
7895.19 2234.05 8.93796
p
36
30
8200 0 0
8197.55 76.5307 0
8195.09 153.061 0
8192.99 229.511 0
8190.97 306.01 0
8189.12 382.514 0
8187.45 459.024 0
8185.95 535.54 0
8184.62 612.061 0
8183.47 688.587 0
8182.5 765.119 0
8181.7 841.657 0
8181.07 918.201 0
8180.63 994.75 12.5427
8180.51 1071.31 12.5427
8181.36 1147.92 12.5427
8183.14 1224.58 12.5427
8185.38 1301.27 12.5427
8187.75 1377.94 0
8190.17 1454.61 0
8192.43 1531.27 12.5427
8194.34 1607.92 12.5427
8195.49 1684.55 12.5427
8195.81 1761.17 12.5427
8195.94 1837.79 0
8196.08 1914.4 0
8196.21 1991.01 0
8196.35 2067.63 0
8196.48 2144.24 0
8196.62 2220.85 0
8196.75 2297.47 0
p
37
30
8400 0 0
8396.44 86.9583 0
8392.88 173.917 0
8389.33 260.875 0
8385.77 347.833 0
8382.21 434.792 0
8378.65 521.75 0
8375.1 608.708 0
8371.54 695.667 0
8367.98 782.625 0
8364.42 869.583 0
8360.86 956.542 0
8357.31 1043.5 0
8353.75 1130.46 0
8350.19 1217.42 0
8346.63 1304.37 0
8343.08 1391.33 0
8339.52 1478.29 0
8335.96 1565.25 0
8332.4 1652.21 0
8328.84 1739.17 0
8325.29 1826.12 0
8321.73 1913.08 0
8318.17 2000.04 0
8314.61 2087 0
8311.06 2173.96 0
8307.5 2260.92 0
8303.94 2347.87 0
8300.38 2434.83 0
8296.82 2521.79 0
8293.27 2608.75 0
p
38
30
8600 0 0
8593.43 74.3877 0
8586.87 148.775 0
8580.3 223.163 0
8573.73 297.551 0
8567.16 371.939 0
8560.6 446.326 0
8554.03 520.714 0
8547.46 595.102 0
8540.89 669.49 0
8534.33 743.877 0
8527.76 818.265 0
8521.19 892.653 0
8514.63 967.041 0
8508.06 1041.43 0
8501.49 1115.82 0
8494.92 1190.2 0
8488.36 1264.59 0
8481.79 1338.98 0
8475.22 1413.37 0
8468.65 1487.75 0
8462.09 1562.14 0
8455.52 1636.53 0
8448.95 1710.92 0
8442.39 1785.31 0
8435.82 1859.69 0
8429.25 1934.08 0
8422.68 2008.47 0
8416.12 2082.86 0
8409.55 2157.24 0
8402.98 2231.63 0
p
39
30
8800 0 0
8800.49 76.6057 0
8800.98 153.211 0
8801.48 229.817 0
8801.97 306.423 0
8802.46 383.029 0
8802.95 459.634 0
8803.44 536.24 0
8803.94 612.846 0
8804.43 689.452 0
8804.92 766.057 0
8805.41 842.663 0
8805.91 919.269 0
8806.4 995.875 0
8806.89 1072.48 0
8807.38 1149.09 0
8807.87 1225.69 0
8808.37 1302.3 0
8808.86 1378.9 0
8809.35 1455.51 0
8809.84 1532.11 0
8810.33 1608.72 0
8810.83 1685.33 0
8811.32 1761.93 0
8811.81 1838.54 0
8812.3 1915.14 0
8812.8 1991.75 0
8813.29 2068.35 0
8813.78 2144.96 0
8814.27 2221.57 0
8814.76 2298.17 0
p
40
30
9000 0 0
9001.95 69.8462 0
9003.89 139.692 0
9005.84 209.539 0
9007.78 279.385 0
9009.73 349.231 0
9011.68 419.077 0
9013.62 488.924 0
9015.57 558.77 0
9017.52 628.616 0
9019.46 698.462 0
9021.41 768.308 0
9023.35 838.155 0
9025.3 908.001 0
9027.25 977.847 0
9029.19 1047.69 0
9031.14 1117.54 0
9033.08 1187.39 0
9035.03 1257.23 0
9036.98 1327.08 0
9038.92 1396.92 0
9040.87 1466.77 0
9042.82 1536.62 0
9044.76 1606.46 0
9046.71 1676.31 0
9048.65 1746.16 0
9050.6 1816 0
9052.55 1885.85 0
9054.49 1955.69 0
9056.44 2025.54 0
9058.38 2095.39 0
p
41
30
9200 0 0
9201.63 75.7128 0
9203.27 151.426 0
9204.9 227.138 0
9206.54 302.851 0
9208.17 378.564 0
9209.8 454.277 0
9211.44 529.989 0
9213.07 605.702 0
9214.71 681.415 0
9216.34 757.128 0
9217.97 832.84 0
9219.61 908.553 0
9221.24 984.266 0
9222.88 1059.98 0
9224.51 1135.69 0
9226.14 1211.4 0
9227.78 1287.12 0
9229.41 1362.83 0
9231.05 1438.54 0
9232.68 1514.26 0
9234.31 1589.97 0
9235.95 1665.68 0
9237.58 1741.39 0
9239.22 1817.11 0
9240.85 1892.82 0
9242.49 1968.53 0
9244.12 2044.24 0
9245.75 2119.96 0
9247.39 2195.67 0
9249.02 2271.38 0
p
42
30
9400 0 0
9398.33 62.9913 0
9396.66 125.983 0
9394.99 188.974 0
9393.32 251.965 0
9391.66 314.957 0
9389.99 377.948 0
9388.32 440.939 0
9386.65 503.931 0
9384.98 566.922 0
9383.31 629.913 0
9381.64 692.905 0
9379.97 755.896 0
9378.3 818.887 0
9376.63 881.879 0
9374.97 944.87 0
9373.3 1007.86 0
9371.63 1070.85 0
9369.96 1133.84 0
9368.29 1196.84 0
9366.62 1259.83 0
9364.95 1322.82 0
9363.28 1385.81 0
9361.61 1448.8 0
9359.95 1511.79 0
9358.28 1574.78 0
9356.61 1637.77 0
9354.94 1700.77 0
9353.27 1763.76 0
9351.6 1826.75 0
9349.93 1889.74 0
p
43
30
9600 0 0
9600.74 74.1486 0
9601.48 148.297 0
9600.75 222.504 0
9597.99 296.727 0
9593.73 370.945 0
9587.03 445.155 0
9578.56 519.274 0
9569.29 593.245 0
9559.31 667.143 0
9548.92 740.999 0
9538.36 814.839 0
9527.8 888.682 0
9517.39 962.544 0
9507.21 1036.44 0
9497.37 1110.37 0
9487.94 1184.34 0
9479.02 1258.36 0
9470.8 1332.49 -14.0559
9463.82 1406.75 -14.0559
9458.51 1481.13 -14.0559
9455.2 1555.61 -14.0559
9454.06 1630.15 -14.0559
9455.08 1704.72 -14.0559
9458.12 1779.26 -14.0559
9462.95 1853.72 -14.0559
9469.4 1928.05 -14.0559
9477.55 2002.18 0
9487.74 2076.06 0
9500.52 2149.57 0
9515.89 2222.49 0
p
44
30
9800 0 0
9793.35 83.1617 0
9786.7 166.323 0
9782.91 249.642 0
9781.03 332.985 0
9779.52 416.234 0
9776.22 499.155 0
9767.49 581.523 0
9753.41 663.354 0
9733.14 744.037 0
9706.97 823.272 0
9675.93 901.038 0
9641.61 977.672 0
9606.04 1053.84 0
9571.46 1130.38 0
9540.21 1208.11 0
9513.96 1287.33 14.0559
9492.25 1367.69 14.0559
9475.56 1449.07 14.0559
9465.03 1531.4 14.0559
9461.35 1614.38 14.0559
9464.36 1697.57 14.0559
9473.16 1780.6 14.0559
9486.38 1863.25 14.0559
9502.32 1945.57 14.0559
9519.01 2027.72 0
9534.39 2109.95 -14.4944
9547.03 2192.54 -14.4944
9556.17 2275.74 0
9564.54 2359.08 0
9572.91 2442.41 0
p
45
30
10000 0 0
9992.05 68.0469 0
9984.11 136.094 0
9976.6 204.165 0
9968.96 272.211 0
9960.04 340.142 0
9949.73 407.944 0
9936.34 475.364 0
9921.83 542.503 0
9905.85 609.361 0
9888.69 675.979 0
9870.61 742.405 0
9851.87 808.689 0
9832.69 874.881 0
9813.31 941.029 0
9793.94 1007.18 0
9774.79 1073.38 0
9756.07 1139.69 0
9738.02 1206.13 0
9720.84 1272.77 0
9704.79 1339.65 0
9690.1 1406.8 0
9677.05 1474.26 0
9665.92 1542.04 0
9657.03 1610.15 0
9650.69 1678.56 0
9647.25 1747.21 0
9646.42 1816.03 -14.4944
9646.36 1884.92 -14.4944
9648.27 1953.86 -14.4944
9653.14 2022.76 -14.4944
p
46
30
10200 0 0
10205.1 64.5078 0
10210.2 129.016 0
10210.5 193.963 0
10205.4 258.986 0
10194.6 323.589 0
10177.1 387.136 0
10154.7 449.351 0
10130.8 511.119 0
10105.7 572.501 0
10080.1 633.736 0
10054.8 694.961 0
10029.7 756.224 0
10005 817.483 0
9981.27 879.045 0
9958.35 940.828 0
9936.17 1002.83 0
9914.63 1065.04 0
9893.62 1127.44 0
9873.03 1190.02 0
9852.78 1252.76 0
9832.81 1315.66 0
9813.07 1378.71 0
9793.51 1441.9 0
9774.08 1505.22 0
9754.65 1568.62 0
9735.01 1632.06 0
9714.82 1695.42 0
9693.54 1758.52 0
9670.75 1821.19 12.4237
9647.25 1883.66 12.4237
p
47
30
10400 0 0
10395.2 77.4346 0
10390.3 154.869 0
10386.7 232.373 0
10384.5 309.933 0
10383.8 387.529 0
10381.6 465.144 0
10377.4 542.697 0
10371.6 620.171 0
10363.2 697.434 0
10351.5 774.294 0
10335.7 850.452 0
10314.9 925.49 0
10288.6 998.877 0
10257.7 1070.58 0
10222.2 1140.3 0
10182.6 1207.94 0
10139.3 1273.55 0
10093 1337.32 0
10044.4 1399.54 0
9994.24 1460.66 0
9943.18 1521.21 0
9892.03 1581.79 0
9841.61 1643.07 0
9792.8 1705.71 0
9746.5 1770.35 0
9703.69 1837.52 12.4237
9664.96 1907.37 12.4237
9629.41 1979.22 12.4237
9596.61 2052.89 12.4237
9564.12 2127.06 12.4237
p
48
30
10600 0 0
10598.8 77.171 0
10597.6 154.342 0
10595.4 231.496 0
10592 308.611 0
10586.7 385.634 0
10578.9 462.463 0
10569.8 539.187 0
10559.2 615.77 0
10547.6 692.233 0
10535.3 768.604 0
10522.5 844.923 0
10509.6 921.232 0
10497 997.573 0
10484.9 1073.99 -12.7454
10473.7 1150.51 -12.7454
10464.8 1227.21 -12.7454
10458.3 1304.03 -12.7454
10453.9 1380.96 -12.7454
10452 1458.03 -12.7454
10452.9 1535.21 -12.7454
10455.1 1612.37 -12.7454
10457.5 1689.53 0
10459.9 1766.7 0
10462.3 1843.86 0
10464.8 1921.02 0
10467.2 1998.19 0
10469.6 2075.35 0
10472 2152.52 0
10474.4 2229.68 0
10476.8 2306.85 0
p
49
30
10800 0 0
10802.7 86.9606 0
10805.5 173.921 0
10807.6 260.893 0
10808.4 347.888 0
10806.9 434.893 0
10801.9 521.816 0
10790.9 608.3 0
10771.1 693.494 0
10739.4 775.558 0
10693.1 851.469 0
10637.5 921.721 0
10580.9 991.727 0
10528.3 1064.74 14.5661
10484.8 1142.93 14.5661
10453.8 1226.19 14.5661
10438.5 1313.09 14.5661
10440 1400.91 14.5661
10459.2 1486.53 14.5661
10495.6 1566.62 14.5661
10546.9 1638.83 0
10607.9 1704.01 0
10672.8 1765.92 0
10735.8 1829.84 0
10790.4 1900.79 0
10830.8 1980.42 -15.829
10856.5 2066.51 -15.829
10863.9 2156.87 -15.829
10867 2247.65 -15.829
10870.7 2338.34 -15.829
10874.7 2428.99 0
p
50
30
11000 0 0
10992.6 65.7894 0
10985.2 131.579 0
10978 197.407 0
10971 263.279 0
10964.3 329.217 0
10958.2 395.265 0
10952 461.315 0
10945.7 527.409 0
10939.4 593.587 0
10935.1 660.275 0
10934.2 727.536 0
10931.7 794.761 0
10928.9 862.163 0
10926 929.68 0
10921.8 997.173 0
10917 1064.65 0
10911.7 1132.12 0
10906.3 1199.59 0
10900.7 1267.12 0
10895.1 1334.74 0
10889.5 1402.51 0
10883.9 1470.44 0
10878.4 1538.54 0
10872.9 1606.79 0
10867.6 1675.16 0
10862.7 1743.6 0
10858.9 1812.08 0
10857.4 1880.55 0
10860.1 1948.85 13.1908
10868.3 2016.77 13.1908
p
51
30
11200 0 0
11201.7 79.8876 0
11203.4 159.775 0
11206 239.635 0
11209.7 319.45 0
11215.1 399.169 0
11222.9 478.701 0
11231.5 558.152 0
11240.6 637.553 0
11249 716.999 0
11255.8 796.543 0
11261 876.188 0
11263.7 955.976 0
11263.2 1035.81 0
11259.3 1115.56 0
11251.5 1195.07 0
11239.5 1274.14 0
11223.4 1352.57 0
11203.2 1430.18 0
11179.1 1506.83 0
11151.5 1582.44 0
11120.9 1657.04 0
11087.8 1730.74 0
11053.1 1803.76 0
11017.4 1876.4 0
10981.8 1949.03 0
10947.1 2022.05 0
10914.3 2095.82 13.1908
10883.7 2170.46 13.1908
10852.8 2245.04 13.1908
10821.5 2319.52 13.1908
p
52
30
11400 0 0
11397.8 81.3265 0
11395.7 162.653 0
11393.5 243.979 0
11391.3 325.306 0
11389.1 406.632 0
11387 487.959 0
11384.8 569.285 0
11382.6 650.612 0
11380.5 731.938 0
11378.3 813.265 0
11376.1 894.591 0
11373.9 975.917 0
11371.8 1057.24 0
11369.6 1138.57 0
11367.4 1219.9 0
11365.2 1301.22 0
11363.1 1382.55 0
11360.9 1463.88 0
11358.7 1545.2 0
11356.6 1626.53 0
11354.4 1707.86 0
11352.2 1789.18 0
11350 1870.51 0
11347.9 1951.83 0
11345.7 2033.16 0
11343.5 2114.49 0
11341.4 2195.81 0
11339.2 2277.14 0
11337 2358.47 0
11334.8 2439.79 0
p
53
30
11600 0 0
11596.6 67.8926 0
11593.2 135.785 0
11589.9 203.678 0
11586.5 271.57 0
11583.1 339.463 0
11579.7 407.356 0
11576.4 475.248 0
11573 543.141 0
11569.6 611.033 0
11566.2 678.926 0
11562.9 746.819 0
11559.5 814.711 0
11556.1 882.604 0
11552.7 950.496 0
11549.4 1018.39 0
11546 1086.28 0
11542.6 1154.17 0
11539.2 1222.07 0
11535.8 1289.96 0
11532.5 1357.85 0
11529.1 1425.74 0
11525.7 1493.64 0
11522.3 1561.53 0
11519 1629.42 0
11515.6 1697.32 0
11512.2 1765.21 0
11508.8 1833.1 0
11505.5 1900.99 0
11502.1 1968.89 0
11498.7 2036.78 0
p
54
30
11800 0 0
11801.6 76.2482 0
11803.1 152.496 0
11804.4 228.735 0
11805.6 304.962 0
11806.9 381.177 0
11808.4 457.377 0
11810.3 533.562 0
11812.8 609.74 0
11816 685.894 0
11820 762.013 0
11825 838.083 0
11831.1 914.091 0
11838.2 990.018 0
11846.6 1065.85 0
11856.1 1141.56 0
11866.9 1217.14 0
11878.9 1292.57 0
11892.1 1367.84 0
11906.4 1442.95 0
11921.8 1517.88 0
11938.2 1592.66 0
11955.4 1667.27 0
11973.3 1741.76 0
11991.7 1816.14 0
12010.4 1890.44 0
12029.4 1964.7 0
12048.2 2038.97 0
12067 2113.25 0
12086.3 2187.44 0
12105.8 2261.62 0
p
55
30
12000 0 0
12010.3 64.3024 0
12020.7 128.605 0
12030.6 192.995 0
12039.8 257.523 0
12047.6 322.269 0
12053.7 387.259 0
12057.6 452.466 0
12060.8 517.724 0
12063.1 583.047 0
12064.9 648.405 0
12066.4 713.781 0
12067.8 779.168 0
12069.1 844.57 0
12070.4 909.997 0
12071.7 975.461 0
12073.4 1040.96 0
12075.6 1106.52 0
12078.2 1172.15 0
12081.2 1237.85 0
12084.6 1303.62 0
12088.3 1369.47 0
12092.1 1435.41 0
12095.8 1501.42 0
12099.3 1567.51 0
12102.3 1633.65 0
12104.5 1699.84 0
12105.3 1766.05 0
12104.5 1832.22 0
12101.4 1898.25 0
12095.9 1964.06 0
p
56
30
12200 0 0
12200.8 72.0124 0
12201.6 144.025 0
12204.2 216.002 0
12209.2 287.874 0
12217.9 359.471 0
12230.5 430.565 0
12247.2 500.95 0
12266 570.909 0
12286.5 640.527 0
12307.3 710.079 0
12327.4 779.863 0
12345.4 850.138 0
12360.3 921.055 0
12371 992.614 0
12377.2 1064.61 0
12378.3 1136.79 0
12374.1 1208.8 0
12364.6 1280.31 0
12350.1 1351.02 0
12331.1 1420.73 0
12308.4 1489.37 0
12282.7 1557.06 0
12255 1624.05 0
12226.5 1690.75 0
12198.3 1757.64 0
12171.8 1825.25 0
12148.3 1894.03 0
12128.4 1964.09 0
12111.2 2035.02 0
12097 2106.81 0
p
57
30
12400 0 0
12412 77.3322 0
12423.9 154.664 0
12435.9 231.997 0
12447.8 309.329 0
12459.8 386.661 0
12471.8 463.993 0
12483.7 541.325 0
12495.7 618.658 0
12507.6 695.99 0
12519.6 773.322 0
12531.6 850.654 0
12543.5 927.986 0
12555.5 1005.32 0
12567.4 1082.65 0
12579.4 1159.98 0
12591.4 1237.32 0
12603.3 1314.65 0
12615.3 1391.98 0
12627.2 1469.31 0
12639.2 1546.64 0
12651.1 1623.98 0
12663.1 1701.31 0
12675.1 1778.64 0
12687 1855.97 0
12699 1933.31 0
12710.9 2010.64 0
12722.9 2087.97 0
12734.9 2165.3 0
12746.8 2242.63 0
12758.8 2319.97 0
p
58
30
12600 0 0
12609 83.567 0
12617.9 167.134 0
12626.7 250.721 0
12635.1 334.334 0
12643.2 417.976 0
12650.9 501.647 0
12658.2 585.346 0
12664.9 669.073 0
12670.4 752.869 0
12674.4 836.693 0
12677.3 920.498 0
12683.5 1004.2 0
12694.8 1087.38 0
12712.1 1169.56 0
12736.7 1249.95 0
12769 1327.71 0
12808.8 1402.15 0
12855.5 1472.87 0
12907.8 1539.98 0
12964 1604.11 0
13022.5 1666.47 0
13081.3 1728.59 0
13138.1 1792.22 0
13190.9 1858.94 0
13237.1 1929.9 0
13276.6 2004.71 0
13315.8 2079.77 0
13356.5 2154.07 0
13397.9 2228.08 0
13439.4 2302.06 0
p
59
30
12800 0 0
12799.2 74.7904 0
12798.4 149.581 0
12797.7 224.369 0
12797.2 299.157 0
12797 373.942 0
12797.3 448.722 0
12798.5 523.489 0
12801.1 598.216 0
12805.7 672.867 0
12815.1 747.179 0
12829.8 820.861 0
12848.7 893.607 0
12871.9 965.224 0
12898.1 1035.9 0
12926.8 1105.68 0
12957.5 1174.72 0
12989.5 1243.22 0
13022.5 1311.34 0
13055.9 1379.26 0
13089.5 1447.1 0
13123 1514.97 0
13156.3 1582.95 0
13189.2 1651.1 0
13221.5 1719.52 -15.102
13252.2 1788.65 -15.102
13279.2 1859.31 -15.102
13303 1931.01 -15.102
13329.2 2001.81 -15.102
13357.8 2071.7 -15.102
13386.4 2141.55 0
p
60
30
13000 0 0
12998.8 65.0384 0
12997.5 130.077 0
12997.4 195.154 0
12998.7 260.248 0
13001.6 325.33 0
13006.4 390.354 0
13013.2 455.272 0
13022.2 520.035 0
13031.6 584.874 0
13044.2 649.414 0
13053.8 714.966 0
13065.2 780.192 0
13077 845.489 0
13089.1 910.738 0
13101.4 975.857 0
13113.7 1040.82 0
13125.9 1105.7 0
13138.3 1170.5 0
13150.8 1235.33 0
13163.4 1300.26 0
13176.3 1365.28 0
13189.6 1430.36 0
13203.2 1495.41 0
13217 1560.36 0
13230.6 1625.23 0
13243.5 1690.13 11.3265
13255.1 1755.13 11.3265
13264.7 1820.27 11.3265
13272.7 1885.46 11.3265
13280.4 1950.54 11.3265
p
61
30
13200 0 0
13187.4 67.3193 0
13174.9 134.639 0
13162.3 201.945 0
13149.8 269.281 0
13138 336.717 0
13127.6 404.362 0
13119.5 472.336 0
13115.3 540.688 0
13116.9 609.206 0
13126.5 677.204 0
13144.8 743.635 0
13169.2 808.583 0
13198.8 871.758 0
13231.9 933.515 0
13266.6 994.592 0
13300.8 1055.87 0
13332.7 1118.17 0
13360.3 1182.12 0
13382 1247.88 0
13396.7 1315.18 0
13403.9 1383.42 0
13403.4 1451.82 0
13396 1519.74 0
13383.2 1586.84 0
13366.8 1653.16 0
13349 1719.16 0
13332.5 1785.46 0
13319.7 1852.63 11.3265
13312.4 1920.67 11.3265
13307.7 1989.19 11.3265
p
62
30
13400 0 0
13412 74.6761 0
13423.9 149.352 0
13435.7 224.061 0
13447.2 298.808 0
13458.5 373.605 0
13469.3 448.463 0
13479.6 523.39 0
13489.4 598.393 0
13498.6 673.476 0
13507.1 748.642 0
13514.8 823.892 0
13521.9 899.216 0
13528.2 974.611 0
13533.7 1050.07 0
13538.4 1125.59 0
13542.4 1201.16 0
13545.7 1276.76 0
13548.5 1352.4 0
13550.7 1428.05 0
13552.5 1503.72 0
13554 1579.4 0
13555.2 1655.08 0
13556.2 1730.77 0
13557.1 1806.47 0
13558 1882.17 0
13558.9 1957.86 0
13559.9 2033.56 0
13561.1 2109.25 0
13562.5 2184.93 0
13564.3 2260.61 0
p
63
30
13600 0 0
13601.9 76.9654 0
13603.9 153.931 0
13605.8 230.894 0
13607.7 307.857 0
13609.6 384.82 0
13611.4 461.782 0
13613.2 538.744 0
13615 615.706 0
13616.7 692.669 0
13618.3 769.632 0
13619.9 846.595 0
13621.6 923.557 0
13623.3 1000.52 0
13625.2 1077.48 0
13627.2 1154.43 0
13629.4 1231.39 0
13631.5 1308.34 0
13633.4 1385.31 0
13634.9 1462.28 0
13636 1539.27 0
13636.5 1616.26 0
13636.1 1693.26 0
13634.8 1770.25 0
13632.5 1847.22 0
13629 1924.15 0
13624.3 2001.02 0
13618.1 2077.8 0
13610.5 2154.46 0
13601.4 2230.97 0
13591.5 2307.38 0
p
64
30
13800 0 0
13796.4 69.3512 0
13792.8 138.702 0
13789.1 208.053 0
13785.5 277.405 0
13781.9 346.756 0
13778.3 416.107 0
13774.6 485.458 0
13771 554.809 0
13767.4 624.16 0
13763.8 693.512 0
13760.1 762.863 0
13756.5 832.214 0
13752.9 901.565 0
13749.3 970.916 0
13745.7 1040.27 0
13742 1109.62 0
13738.4 1178.97 0
13734.8 1248.32 0
13731.2 1317.67 0
13727.5 1387.02 0
13723.9 1456.37 0
13720.3 1525.73 0
13716.7 1595.08 0
13713 1664.43 0
13709.4 1733.78 0
13705.8 1803.13 0
13702.2 1872.48 0
13698.6 1941.83 0
13694.9 2011.18 0
13691.3 2080.53 0
p
65
30
14000 0 0
13996.6 82.7766 0
13993.3 165.553 0
13989.9 248.33 0
13986.5 331.106 0
13983.2 413.883 0
13979.8 496.66 0
13976.4 579.436 0
13973.1 662.213 0
13969.7 744.99 0
13966.3 827.766 0
13963 910.543 0
13959.6 993.319 0
13956.2 1076.1 0
13952.8 1158.87 0
13949.5 1241.65 0
13946.1 1324.43 0
13942.7 1407.2 0
13939.4 1489.98 0
13936 1572.76 0
13932.6 1655.53 0
13929.3 1738.31 0
13925.9 1821.09 0
13922.5 1903.86 0
13919.2 1986.64 0
13915.8 2069.42 0
13912.4 2152.19 0
13909.1 2234.97 0
13905.7 2317.75 0
13902.3 2400.52 0
13899 2483.3 0
p
66
30
14200 0 0
14204.1 79.4106 0
14208.1 158.821 0
14212.2 238.231 0
14216.3 317.639 0
14220.3 397.046 0
14224.4 476.452 0
14228.5 555.856 0
14232.7 635.257 0
14236.9 714.655 0
14241.1 794.05 0
14245.4 873.441 0
14249.8 952.828 0
14254.3 1032.21 0
14258.8 1111.59 0
14263.5 1190.96 0
14268.2 1270.32 0
14273.3 1349.67 0
14278.9 1428.98 0
14285 1508.26 0
14291.8 1587.48 0
14299.4 1666.63 0
14308 1745.69 0
14317.6 1824.64 0
14328.3 1903.44 0
14340.3 1982.07 0
14353.6 2060.5 0
14368.3 2138.69 0
14384.4 2216.62 0
14401.8 2294.31 -0.586569
14419.5 2371.9 -0.586569
p
67
30
14400 0 0
14393 78.0612 0
14386.1 156.122 0
14379.4 234.205 0
14372.9 312.312 0
14366.9 390.451 0
14361.3 468.627 0
14356.3 546.842 0
14351.8 625.099 0
14348.1 703.395 0
14345.2 781.729 0
14343.1 860.093 0
14341.9 938.482 0
14341.7 1016.89 0
14342.5 1095.29 0
14344.4 1173.69 0
14347.5 1252.05 0
14351.4 1330.39 0
14356.1 1408.68 0
14361.6 1486.94 0
14367.6 1565.16 0
14374.2 1643.35 0
14381.1 1721.5 0
14388.4 1799.63 0
14395.8 1877.75 0
14403.4 1955.86 0
14410.9 2033.97 0
14418.4 2112.08 0
14425.6 2190.22 0
14432.6 2268.37 0.586569
14439.3 2346.54 0.586569
p
68
30
14600 0 0
14603.4 70.5051 0
14606.8 141.01 0
14610.2 211.515 0
14613.6 282.02 0
14617 352.526 0
14620.4 423.031 0
14623.8 493.536 0
14627.2 564.041 0
14630.5 634.546 0
14633.9 705.051 0
14637.3 775.556 0
14640.7 846.061 0
14644.1 916.567 0
14647.5 987.072 0
14650.9 1057.58 0
14654.3 1128.08 0
14657.7 1198.59 0
14661.1 1269.09 0
14664.5 1339.6 0
14667.9 1410.1 0
14671.3 1480.61 0
14674.7 1551.11 0
14678.1 1621.62 0
14681.5 1692.12 0
14684.9 1762.63 0
14688.3 1833.13 0
14691.6 1903.64 0
14695 1974.14 0
14698.4 2044.65 0
14701.8 2115.15 0
p
69
30
14800 0 0
14806.2 74.1946 0
14812.4 148.389 0
14817.7 222.662 0
14821.6 297.029 0
14823.6 371.491 0
14823.2 446.01 0
14820.2 520.514 0
14813.6 594.853 0
14804.5 668.987 0
14792.9 742.842 0
14779.4 816.42 0
14764.6 889.79 0
14749.5 963.097 0
14735.1 1036.54 0
14722.9 1110.32 0
14714.3 1184.56 0
14710.9 1259.16 0
14714.2 1333.73 0
14725.7 1407.51 0
14746.3 1479.36 0
14776.5 1547.95 0
14815.8 1612.02 0
14863.6 1670.53 0
14918.4 1723.02 0
14978.7 1769.74 0
15042.7 1811.77 0
15108.9 1850.91 0
15175.7 1889.2 -6.68248
15243.5 1926.11 -6.68248
15314.3 1957.33 0
p
70
30
15000 0 0
14989.2 64.658 0
14978.5 129.316 0
14967.7 193.971 0
14956.8 258.619 0
14946 323.277 0
14935.6 387.999 0
14925.8 452.839 0
14916.6 517.773 0
14908.2 582.82 0
14900.7 647.99 0
14894.2 713.292 0
14888.9 778.734 0
14885 844.317 0
14882.8 910.035 0
14882.5 975.869 0
14884.2 1041.78 0
14888.2 1107.72 0
14894.8 1173.6 0
14904.3 1239.29 0
14917.1 1304.61 0
14933.9 1369.23 0
14953.3 1433.33 0
14975.5 1496.67 0
15000.8 1559.07 0
15029.2 1620.28 0
15060.9 1679.95 0
15096.3 1737.63 0
15135.6 1792.75 0
15179.3 1844.62 6.68248
15226.7 1893.16 6.68248
p
71
30
15200 0 0
15209.6 78.2711 0
15219.3 156.542 0
15227.7 234.949 0
15234.4 313.542 0
15238.2 392.354 0
15238.4 471.326 0
15233.8 550.273 0
15223.1 628.789 0
15204.7 706.138 0
15181.3 782.339 0
15153.9 857.39 0
15124.3 931.691 0
15094.9 1006.06 0
15069.2 1081.59 0
15049.9 1158.76 0
15040.1 1237.35 0
15041.2 1316.21 0
15052.3 1394.09 0
15073.3 1469.97 0
15102.6 1543.07 0
15138.5 1613.28 0
15179 1681.09 0
15221.9 1747.39 0
15265.5 1813.28 0
15308.1 1879.84 0
15348.6 1947.56 0
15388.5 2015.62 0
15427.9 2084.06 -10.6834
15466.6 2152.99 -10.6834
15505 2222.46 -10.6834
p
72
30
15400 0 0
15405.4 71.3438 0
15410.7 142.688 0
15413.1 214.293 0
15412.1 286.042 0
15406.8 357.753 0
15397 429.14 0
15382.2 499.822 0
15364.2 569.85 0
15343.5 639.276 0
15322.6 708.728 0
15302.4 778.428 0
15284.2 848.657 0
15269.2 919.579 0
15258.5 991.265 -11.3588
15252.3 1063.51 -11.3588
15250.8 1136.06 -11.3588
15253.3 1208.82 -11.3588
15255.8 1282 0
15262.6 1354.59 0
15272.2 1426.9 0
15284.1 1498.86 0
15299.2 1570.16 0
15317.1 1640.87 0
15337.6 1710.97 0
15360.4 1780.47 0
15385.3 1849.39 0
15411.4 1917.91 0
15437.6 1986.41 0
15461.5 2055.7 13.3542
15481 2125.98 13.3542
p
73
30
15600 0 0
15589.1 79.1724 0
15578.1 158.345 0
15568.7 237.659 0
15559.8 316.982 0
15550 396.14 0
15537.1 474.814 0
15518.7 552.437 0
15490.7 627.405 0
15453.1 698.462 0
15410.3 766.833 0
15366.2 834.482 0
15325.4 903.948 0
15292.4 977.03 11.3588
15271.5 1054.15 11.3588
15268.2 1134 11.3588
15287 1212.18 11.3588
15329.4 1281.68 0
15390.8 1336.64 0
15458.3 1385.25 0
15522.4 1437.75 0
15571.7 1502.82 -6.23068
15597.4 1579.19 -6.23068
15603 1658.87 -6.23068
15591.7 1737.74 -6.23068
15568.6 1814.3 0
15544 1890.69 0
15523.4 1968.65 0
15512.1 2048.61 0
15513.4 2129.31 13.3542
15518 2210.18 13.3542
p
74
30
15800 0 0
15795.2 64.1947 0
15790.3 128.389 0
15784.6 192.551 0
15778 256.65 0
15770.1 320.659 0
15761.1 384.565 0
15751 448.455 0
15740.9 512.51 0
15732.4 577.014 0
15722.5 641.242 0
15712.2 705.419 0
15701.6 769.56 0
15691.4 833.793 0
15680.6 897.963 0
15669.8 962.193 0
15659.1 1026.53 0
15648.7 1091.02 0
15638.8 1155.69 0
15630 1220.54 0
15622.5 1285.56 0
15616.9 1350.71 0
15614.1 1415.93 0
15615.1 1481.07 0
15620.2 1545.87 6.23068
15625.3 1610.73 6.23068
15628.3 1675.63 6.23068
15628.8 1740.51 6.23068
15625.3 1805.11 -13.7035
15617.6 1869.5 -13.7035
15609.9 1933.89 -13.7035
p
75
30
16000 0 0
15992.8 77.8856 0
15985.5 155.771 0
15979 233.705 0
15973.6 311.71 0
15969.9 389.808 0
15968.7 467.982 0
15971.3 546.084 0
15976.3 623.969 0
15982.6 701.73 0
15991.8 779.342 0
16001.2 856.961 0
16009.2 934.694 0
16013.9 1012.63 0
16013.2 1090.63 0
16005.4 1168.24 0
15989.1 1244.63 0
15963.8 1318.81 0
15929.9 1389.9 0
15888.6 1457.53 0
15842 1522.16 0
15793 1585.18 0
15744.9 1648.74 0
15701.6 1715.13 0
15667.6 1786.04 10.2777
15644.2 1860.99 10.2777
15621.8 1936.37 10.2777
15598.8 2011.7 10.2777
15576.2 2087.24 0
15553.6 2162.77 -10.6834
15530.5 2238.13 -10.6834
p
76
30
16200 0 0
16193.9 60.2644 0
16187.8 120.529 0
16181.7 180.793 0
16175.7 241.057 0
16169.6 301.322 0
16163.5 361.586 0
16157.4 421.85 0
16151.3 482.115 0
16145.2 542.379 0
16139.1 602.644 0
16133.1 662.908 0
16127 723.172 0
16120.9 783.437 0
16114.8 843.701 0
16108.7 903.965 0
16102.6 964.23 0
16096.6 1024.49 0
16090.5 1084.76 0
16084.4 1145.02 0
16078.3 1205.29 0
16072.2 1265.55 0
16066.1 1325.82 0
16060 1386.08 0
16054 1446.34 0
16047.9 1506.61 0
16041.8 1566.87 0
16035.7 1627.14 0
16029.6 1687.4 0
16023.5 1747.67 0
16017.4 1807.93 0
p
77
30
16400 0 0
16396.8 80.4271 0
16393.7 160.854 0
16390.5 241.281 0
16387.3 321.708 0
16384.2 402.135 0
16381 482.563 0
16377.9 562.99 0
16374.7 643.417 0
16371.5 723.844 0
16368.4 804.271 0
16365.2 884.698 0
16362 965.125 0
16358.9 1045.55 0
16355.7 1125.98 0
16352.6 1206.41 0
16349.4 1286.83 0
16346.2 1367.26 0
16343.1 1447.69 0
16339.9 1528.11 0
16336.7 1608.54 0
16333.6 1688.97 0
16330.4 1769.4 0
16327.3 1849.82 0
16324.1 1930.25 0
16320.9 2010.68 0
16317.8 2091.1 0
16314.6 2171.53 0
16311.4 2251.96 0
16308.3 2332.39 0
16305.1 2412.81 0
p
78
30
16600 0 0
16600.4 78.4883 0
16600.7 156.977 0
16601.1 235.465 0
16601.5 313.953 0
16601.8 392.442 0
16602.2 470.93 0
16602.6 549.418 0
16603 627.907 0
16603.3 706.395 0
16603.7 784.883 0
16604.1 863.372 0
16604.4 941.86 0
16604.8 1020.35 0
16605.2 1098.84 0
16605.5 1177.32 0
16605.9 1255.81 0
16606.3 1334.3 0
16606.6 1412.79 0
16607 1491.28 0
16607.4 1569.77 0
16607.7 1648.25 0
16608.1 1726.74 0
16608.5 1805.23 0
16608.9 1883.72 0
16609.2 1962.21 0
16609.6 2040.7 0
16610 2119.18 0
16610.3 2197.67 0
16610.7 2276.16 0
16611.1 2354.65 0
p
79
30
16800 0 0
16803.6 77.205 0
16807.3 154.41 0
16810.9 231.615 0
16814.5 308.82 0
16818.2 386.025 0
16821.8 463.23 0
16825.4 540.435 0
16829.1 617.64 0
16832.7 694.845 0
16836.3 772.05 0
16840 849.255 0
16843.6 926.46 0
16847.2 1003.66 0
16850.9 1080.87 0
16854.5 1158.07 0
16858.1 1235.28 0
16861.8 1312.48 0
16865.4 1389.69 0
16869 1466.89 0
16872.7 1544.1 0
16876.3 1621.3 0
16879.9 1698.51 0
16883.6 1775.71 0
16887.2 1852.92 0
16890.8 1930.12 0
16894.5 2007.33 0
16898.1 2084.53 0
16901.7 2161.74 0
16905.4 2238.94 0
16909 2316.15 0
s	0
47 54 80 87 
47 48 49 50 51 52 53 54 80 81 82 83 84 85 86 87 
b
2 0
0.783099 0.394383 0.840188
48 0 0 1
49 0 0 3
50 0 0 2
51 0 0 2
52 0 0 2
53 0 0 2
81 0 0 2
82 0 0 2
83 0 0 3
84 0 0 2
85 0 0 2
86 0 0 1
g
0
0.5 2 0 0 1 2 0 2 5
t
2
0
1128.69 1243.77 100
1126.13 1240.22 -100
a
4
0
54 46 87 79 
1 48 1 81 0 82 0 80 0 2640 0.436433 2641 0.563567 
1 49 1 83 0 81 0 82 0 2640 0.436433 2641 0.563567 
1 50 1 83 0 81 0 82 0 2640 0.436433 2641 0.563567 
1 52 1 83 0 84 0 85 0 2640 0.436433 2641 0.563567 
1 51 1 83 0 84 0 2640 0.436433 2641 0.563567 
1 53 1 85 0 86 0 2640 0.436433 2641 0.563567 
1 47 1 80 0 2640 0.436433 2641 0.563567 
2 83 1 49 0 50 0 52 0 51 0 2640 0.563567 2641 0.436433 
2 81 1 48 0 49 0 50 0 2640 0.563567 2641 0.436433 
2 82 1 48 0 49 0 50 0 2640 0.563567 2641 0.436433 
2 80 1 48 0 47 0 2640 0.563567 2641 0.436433 
2 84 1 52 0 51 0 2640 0.563567 2641 0.436433 
2 85 1 52 0 53 0 2640 0.563567 2641 0.436433 
2 86 1 53 0 2640 0.563567 2641 0.436433 
0 2640 7 48 0.436433 49 0.436433 50 0.436433 52 0.436433 51 0.436433 53 0.436433 47 0.436433 83 0.563567 81 0.563567 82 0.563567 80 0.563567 84 0.563567 85 0.563567 86 0.563567 
0 2641 7 48 0.563567 49 0.563567 50 0.563567 52 0.563567 51 0.563567 53 0.563567 47 0.563567 83 0.436433 81 0.436433 82 0.436433 80 0.436433 84 0.436433 85 0.436433 86 0.436433 
NanList HYP 0
d
48
0 0 -12.7134 0 0 -12.7134 0 0 -12.7134 0 0 -12.7134 0 0 -12.7134 0 0 -12.7134 0 0 -12.7134 0 0 12.7134 0 0 12.7134 0 0 12.7134 0 0 12.7134 0 0 12.7134 0 0 12.7134 0 0 12.7134 1.283 1.77538 0 -1.28311 -1.77547 0 
s	1
95 97 160 163 
95 96 97 160 161 162 163 
b
2 0
0.197551 0.911647 0.79844
96 0 0 2
161 0 0 1
162 0 0 1
g
0
0.5 2 0 0 1 2 0 2 5
t
2
2
1562.92 2098.01 100
1561.69 2094.43 -100
a
4
4
97 94 163 159 
1 95 1 161 0 160 0 2640 0.42779 2641 0.57221 
1 96 1 161 0 162 0 2640 0.42779 2641 0.57221 
2 161 1 95 0 96 0 2640 0.54814 2641 0.45186 
2 160 1 95 0 2640 0.54814 2641 0.45186 
2 162 1 96 0 2640 0.54814 2641 0.45186 
0 2640 2.5 95 0.42779 96 0.42779 161 0.54814 160 0.54814 162 0.54814 
0 2641 2.5 95 0.57221 96 0.57221 161 0.45186 160 0.45186 162 0.45186 
NanList HYP 0
d
21
0 0 -14.4419 0 0 -14.4419 0 0 9.62796 0 0 9.62796 0 0 9.62796 0.615176 1.79083 0 -0.615086 -1.79096 0 
s	2
424 425 426 427 458 459 460 521 522 523 524 525 526 
424 425 426 427 458 459 460 521 522 523 524 525 526 
b
2 0
0.277775 0.76823 0.335223
425 0 0 2
426 0 0 2
524 0 0 2
525 0 0 2
b
2 0
0.628871 0.477397 0.55397
459 0 0 2
522 0 0 1
523 0 0 1
g
0
0.5 2 0 0 1 2 0 2 5
t
2
4
3974.09 2324.67 100
3976.25 2322.55 -100
a
6
8
427 423 460 457 526 520 
1 523 1 424 0 425 0 459 0 2640 0.432684 2641 0.567316 
1 524 1 424 0 425 0 426 0 2640 0.432684 2641 0.567316 
1 525 1 424 0 425 0 426 0 2640 0.432684 2641 0.567316 
1 522 1 458 0 459 0 2640 0.432684 2641 0.567316 
1 521 1 458 0 2640 0.432684 2641 0.567316 
2 424 1 523 0 524 0 525 0 2640 0.567316 2641 0.432684 
2 425 1 523 0 524 0 525 0 2640 0.567316 2641 0.432684 
2 426 1 524 0 525 0 2640 0.567316 2641 0.432684 
2 458 1 522 0 521 0 2640 0.567316 2641 0.432684 
2 459 1 523 0 522 0 2640 0.567316 2641 0.432684 
0 2640 5 523 0.432684 524 0.432684 525 0.432684 522 0.432684 521 0.432684 424 0.567316 425 0.567316 426 0.567316 458 0.567316 459 0.567316 
0 2641 5 523 0.567316 524 0.567316 525 0.567316 522 0.567316 521 0.567316 424 0.432684 425 0.432684 426 0.432684 458 0.432684 459 0.432684 
NanList HYP 0
d
36
0 0 -13.4632 0 0 -13.4632 0 0 -13.4632 0 0 -13.4632 0 0 -13.4632 0 0 13.4632 0 0 13.4632 0 0 13.4632 0 0 13.4632 0 0 13.4632 -1.07864 1.05842 0 1.07871 -1.05854 0 
s	3
511 515 544 549 
511 512 513 514 515 544 545 546 547 548 549 
b
2 0
0.95223 0.513401 0.364784
512 0 0 2
513 0 0 2
514 0 0 2
545 0 0 1
546 0 0 2
547 0 0 2
548 0 0 1
g
0
0.5 2 0 0 1 2 0 2 5
t
2
6
4365.81 1488.21 100
4365.99 1488.62 -100
a
4
14
515 510 549 543 
1 513 1 545 0 546 0 547 0 2640 0.4269 2641 0.5731 
1 511 1 545 0 544 0 2640 0.4269 2641 0.5731 
1 512 1 545 0 546 0 2640 0.4269 2641 0.5731 
1 514 1 547 0 548 0 2640 0.4269 2641 0.5731 
2 545 1 513 0 511 0 512 0 2640 0.55848 2641 0.44152 
2 546 1 513 0 512 0 2640 0.55848 2641 0.44152 
2 547 1 513 0 514 0 2640 0.55848 2641 0.44152 
2 544 1 511 0 2640 0.55848 2641 0.44152 
2 548 1 514 0 2640 0.55848 2641 0.44152 
0 2640 4.5 513 0.4269 511 0.4269 512 0.4269 514 0.4269 545 0.55848 546 0.55848 547 0.55848 544 0.55848 548 0.55848 
0 2641 4.5 513 0.5731 511 0.5731 512 0.5731 514 0.5731 545 0.44152 546 0.44152 547 0.44152 544 0.44152 548 0.44152 
NanList HYP 0
d
33
0 0 -14.6199 0 0 -14.6199 0 0 -14.6199 0 0 -14.6199 0 0 11.696 0 0 11.696 0 0 11.696 0 0 11.696 0 0 11.696 -0.0896839 -0.204279 0 0.089979 0.204235 0 
s	4
516 520 550 554 
516 517 518 519 520 550 551 552 553 554 
b
2 0
0.717297 0.635712 0.916195
517 0 0 2
518 0 0 3
519 0 0 2
551 0 0 2
552 0 0 3
553 0 0 2
g
0
0.5 2 0 0 1 2 0 2 5
t
2
8
4277.21 1925.61 100
4277.6 1923.4 -100
a
4
18
520 515 554 549 
1 517 1 551 0 552 0 550 0 2640 0.43421 2641 0.56579 
1 518 1 551 0 552 0 553 0 2640 0.43421 2641 0.56579 
1 516 1 551 0 550 0 2640 0.43421 2641 0.56579 
1 519 1 552 0 553 0 2640 0.43421 2641 0.56579 
2 551 1 517 0 518 0 516 0 2640 0.56579 2641 0.43421 
2 552 1 517 0 518 0 519 0 2640 0.56579 2641 0.43421 
2 550 1 517 0 516 0 2640 0.56579 2641 0.43421 
2 553 1 518 0 519 0 2640 0.56579 2641 0.43421 
0 2640 4 517 0.43421 518 0.43421 516 0.43421 519 0.43421 551 0.56579 552 0.56579 550 0.56579 553 0.56579 
0 2641 4 517 0.56579 518 0.56579 516 0.56579 519 0.56579 551 0.43421 552 0.43421 550 0.43421 553 0.43421 
NanList HYP 0
d
30
0 0 -13.158 0 0 -13.158 0 0 -13.158 0 0 -13.158 0 0 13.158 0 0 13.158 0 0 13.158 0 0 13.158 -0.193974 1.1073 0 0.193857 -1.10719 0 
s	5
719 720 721 722 750 751 752 753 754 755 756 785 786 787 788 789 790 817 818 819 820 821 822 823 
719 720 721 722 750 751 752 753 754 755 756 785 786 787 788 789 790 817 818 819 820 821 822 823 
b
2 0
0.0163006 0.606969 0.141603
720 0 0 2
721 0 0 2
821 0 0 2
822 0 0 2
b
3 0
0.804177 0.137232 0.242887
751 0 0 2
752 0 0 3
753 0 0 5
754 0 0 3
755 0 0 2
786 0 0 2
787 0 0 3
788 0 0 2
789 0 0 2
818 0 0 2
819 0 0 3
820 0 0 1
g
0
0.5 2 0 0 1 2 0 2 5
t
2
10
5547.2 1876.74 100
5547.15 1880.02 -100
a
8
22
722 718 756 749 790 784 823 816 
1 753 1 787 0 818 0 819 0 788 0 789 0 817 0 2640 0.433181 2641 0.566819 
1 752 1 786 0 787 0 818 0 788 0 817 0 2640 0.433181 2641 0.566819 
1 751 1 786 0 787 0 785 0 2640 0.433181 2641 0.566819 
1 754 1 818 0 819 0 789 0 2640 0.433181 2641 0.566819 
1 750 1 786 0 785 0 2640 0.433181 2641 0.566819 
1 755 1 820 0 819 0 2640 0.433181 2641 0.566819 
2 820 1 720 0 721 0 719 0 755 0 2640 0.55467 2641 0.44533 
2 818 1 753 0 752 0 754 0 2640 0.55467 2641 0.44533 
2 819 1 753 0 754 0 755 0 2640 0.55467 2641 0.44533 
2 821 1 720 0 721 0 719 0 2640 0.55467 2641 0.44533 
2 817 1 753 0 752 0 2640 0.55467 2641 0.44533 
2 822 1 720 0 721 0 2640 0.55467 2641 0.44533 
2 786 1 752 0 751 0 750 0 2640 0.55467 2641 0.44533 
2 787 1 753 0 752 0 751 0 2640 0.55467 2641 0.44533 
2 785 1 751 0 750 0 2640 0.55467 2641 0.44533 
2 788 1 753 0 752 0 2640 0.55467 2641 0.44533 
2 789 1 753 0 754 0 2640 0.55467 2641 0.44533 
1 720 1 820 0 821 0 822 0 2640 0.433181 2641 0.566819 
1 721 1 820 0 821 0 822 0 2640 0.433181 2641 0.566819 
1 719 1 820 0 821 0 2640 0.433181 2641 0.566819 
0 2640 10 753 0.433181 752 0.433181 751 0.433181 754 0.433181 750 0.433181 755 0.433181 820 0.55467 818 0.55467 819 0.55467 821 0.55467 817 0.55467 822 0.55467 786 0.55467 787 0.55467 785 0.55467 788 0.55467 789 0.55467 720 0.433181 721 0.433181 719 0.433181 
0 2641 10 753 0.566819 752 0.566819 751 0.566819 754 0.566819 750 0.566819 755 0.566819 820 0.44533 818 0.44533 819 0.44533 821 0.44533 817 0.44533 822 0.44533 786 0.44533 787 0.44533 785 0.44533 788 0.44533 789 0.44533 720 0.566819 721 0.566819 719 0.566819 
NanList HYP 0
d
66
0 0 -13.3639 0 0 -13.3639 0 0 -13.3639 0 0 -13.3639 0 0 -13.3639 0 0 -13.3639 0 0 10.9341 0 0 10.9341 0 0 10.9341 0 0 10.9341 0 0 10.9341 0 0 10.9341 0 0 10.9341 0 0 10.9341 0 0 10.9341 0 0 10.9341 0 0 10.9341 0 0 -13.3639 0 0 -13.3639 0 0 -13.3639 0.0239791 -1.64271 0 -0.0237056 1.64277 0 
s	6
804 810 839 845 
804 805 806 807 808 809 810 839 840 841 842 843 844 845 
b
2 0
0.12979 0.400944 0.156679
805 0 0 2
806 0 0 3
807 0 0 3
808 0 0 3
809 0 0 2
840 0 0 2
841 0 0 3
842 0 0 3
843 0 0 3
844 0 0 2
g
0
0.5 2 0 0 1 2 0 2 5
t
2
12
5923.22 1072.23 100
5920.73 1071.69 -100
a
4
30
810 803 845 838 
1 805 1 840 0 841 0 839 0 2640 0.436848 2641 0.563152 
1 806 1 840 0 841 0 842 0 2640 0.436848 2641 0.563152 
1 807 1 841 0 842 0 843 0 2640 0.436848 2641 0.563152 
1 808 1 842 0 843 0 844 0 2640 0.436848 2641 0.563152 
1 804 1 840 0 839 0 2640 0.436848 2641 0.563152 
1 809 1 843 0 844 0 2640 0.436848 2641 0.563152 
2 840 1 805 0 806 0 804 0 2640 0.563152 2641 0.436848 
2 841 1 805 0 806 0 807 0 2640 0.563152 2641 0.436848 
2 842 1 806 0 807 0 808 0 2640 0.563152 2641 0.436848 
2 843 1 807 0 808 0 809 0 2640 0.563152 2641 0.436848 
2 839 1 805 0 804 0 2640 0.563152 2641 0.436848 
2 844 1 808 0 809 0 2640 0.563152 2641 0.436848 
0 2640 6 805 0.436848 806 0.436848 807 0.436848 808 0.436848 804 0.436848 809 0.436848 840 0.563152 841 0.563152 842 0.563152 843 0.563152 839 0.563152 844 0.563152 
0 2641 6 805 0.563152 806 0.563152 807 0.563152 808 0.563152 804 0.563152 809 0.563152 840 0.436848 841 0.436848 842 0.436848 843 0.436848 839 0.436848 844 0.436848 
NanList HYP 0
d
42
0 0 -12.6304 0 0 -12.6304 0 0 -12.6304 0 0 -12.6304 0 0 -12.6304 0 0 -12.6304 0 0 12.6304 0 0 12.6304 0 0 12.6304 0 0 12.6304 0 0 12.6304 0 0 12.6304 1.24475 0.270105 0 -1.24512 -0.270139 0 
s	7
985 986 987 988 1019 1020 1021 1052 1053 1054 
985 986 987 988 1019 1020 1021 1052 1053 1054 
b
2 0
0.218257 0.998924 0.108809
986 0 0 1
1020 0 0 1
b
2 0
0.61264 0.839112 0.512932
987 0 0 1
1053 0 0 1
g
0
0.5 2 0 0 1 2 0 2 5
t
2
14
7034.97 2447.61 100
7033.26 2448.48 -100
a
6
34
988 984 1021 1018 1054 1051 
1 985 1 1020 0 1019 0 2640 0.460489 2641 0.539511 
1 986 1 1020 0 1052 0 2640 0.460489 2641 0.539511 
1 987 1 1052 0 1053 0 2640 0.460489 2641 0.539511 
2 1020 1 985 0 986 0 2640 0.529633 2641 0.470367 
2 1019 1 985 0 2640 0.529633 2641 0.470367 
2 1052 1 986 0 987 0 2640 0.529633 2641 0.470367 
2 1053 1 987 0 2640 0.529633 2641 0.470367 
0 2640 3.5 985 0.460489 986 0.460489 987 0.460489 1020 0.529633 1019 0.529633 1052 0.529633 1053 0.529633 
0 2641 3.5 985 0.539511 986 0.539511 987 0.539511 1020 0.470367 1019 0.470367 1052 0.470367 1053 0.470367 
NanList HYP 0
d
27
0 0 -7.90217 0 0 -7.90217 0 0 -7.90217 0 0 5.92662 0 0 5.92662 0 0 5.92662 0 0 5.92662 0.854998 -0.43743 0 -0.855088 0.437622 0 
s	8
1078 1082 1111 1115 
1078 1079 1080 1081 1082 1111 1112 1113 1114 1115 
b
2 0
0.524287 0.637552 0.296032
1079 0 0 2
1080 0 0 3
1081 0 0 2
1112 0 0 2
1113 0 0 3
1114 0 0 2
g
0
0.5 2 0 0 1 2 0 2 5
t
2
16
7577.3 1827.12 100
7575.36 1829.49 -100
a
4
40
1082 1077 1115 1110 
1 1079 1 1112 0 1113 0 1111 0 2640 0.447301 2641 0.552699 
1 1080 1 1112 0 1113 0 1114 0 2640 0.447301 2641 0.552699 
1 1078 1 1112 0 1111 0 2640 0.447301 2641 0.552699 
1 1081 1 1113 0 1114 0 2640 0.447301 2641 0.552699 
2 1112 1 1079 0 1080 0 1078 0 2640 0.552699 2641 0.447301 
2 1113 1 1079 0 1080 0 1081 0 2640 0.552699 2641 0.447301 
2 1111 1 1079 0 1078 0 2640 0.552699 2641 0.447301 
2 1114 1 1080 0 1081 0 2640 0.552699 2641 0.447301 
0 2640 4 1079 0.447301 1080 0.447301 1078 0.447301 1081 0.447301 1112 0.552699 1113 0.552699 1111 0.552699 1114 0.552699 
0 2641 4 1079 0.552699 1080 0.552699 1078 0.552699 1081 0.552699 1112 0.447301 1113 0.447301 1111 0.447301 1114 0.447301 
NanList HYP 0
d
30
0 0 -10.5398 0 0 -10.5398 0 0 -10.5398 0 0 -10.5398 0 0 10.5398 0 0 10.5398 0 0 10.5398 0 0 10.5398 0.970616 -1.18668 0 -0.971084 1.18663 0 
s	9
1118 1120 1183 1186 
1118 1119 1120 1183 1184 1185 1186 
b
2 0
0.292517 0.972775 0.493583
1119 0 0 2
1184 0 0 1
1185 0 0 1
g
0
0.5 2 0 0 1 2 0 2 5
t
2
18
7925.69 2157.46 100
7923.2 2154.77 -100
a
4
44
1120 1117 1186 1182 
1 1118 1 1184 0 1185 0 1183 0 2640 0.432965 2641 0.567035 
1 1119 1 1184 0 1185 0 2640 0.432965 2641 0.567035 
2 1184 1 1118 0 1119 0 2640 0.54469 2641 0.45531 
2 1185 1 1118 0 1119 0 2640 0.54469 2641 0.45531 
2 1183 1 1118 0 2640 0.54469 2641 0.45531 
0 2640 2.5 1118 0.432965 1119 0.432965 1184 0.54469 1185 0.54469 1183 0.54469 
0 2641 2.5 1118 0.567035 1119 0.567035 1184 0.45531 1185 0.45531 1183 0.45531 
NanList HYP 0
d
21
0 0 -13.4069 0 0 -13.4069 0 0 8.93796 0 0 8.93796 0 0 8.93796 1.24624 1.34372 0 -1.24603 -1.34375 0 
s	10
1168 1173 1201 1206 
1168 1169 1170 1171 1172 1173 1201 1202 1203 1204 1205 1206 
b
2 0
0.769914 0.526745 0.771358
1169 0 0 2
1170 0 0 3
1171 0 0 3
1172 0 0 2
1202 0 0 2
1203 0 0 3
1204 0 0 3
1205 0 0 2
g
0
0.5 2 0 0 1 2 0 2 5
t
2
20
8182.73 1147.18 100
8182.88 1146.95 -100
a
4
48
1173 1167 1206 1200 
1 1169 1 1202 0 1203 0 1201 0 2640 0.437287 2641 0.562713 
1 1170 1 1202 0 1203 0 1204 0 2640 0.437287 2641 0.562713 
1 1171 1 1203 0 1204 0 1205 0 2640 0.437287 2641 0.562713 
1 1168 1 1202 0 1201 0 2640 0.437287 2641 0.562713 
1 1172 1 1204 0 2640 0.437287 2641 0.562713 
2 1202 1 1169 0 1170 0 1168 0 2640 0.562713 2641 0.437287 
2 1203 1 1169 0 1170 0 1171 0 2640 0.562713 2641 0.437287 
2 1204 1 1170 0 1171 0 1172 0 2640 0.562713 2641 0.437287 
2 1201 1 1169 0 1168 0 2640 0.562713 2641 0.437287 
2 1205 1 1171 0 2640 0.562713 2641 0.437287 
0 2640 5 1169 0.437287 1170 0.437287 1171 0.437287 1168 0.437287 1172 0.437287 1202 0.562713 1203 0.562713 1204 0.562713 1201 0.562713 1205 0.562713 
0 2641 5 1169 0.562713 1170 0.562713 1171 0.562713 1168 0.562713 1172 0.562713 1202 0.437287 1203 0.437287 1204 0.437287 1201 0.437287 1205 0.437287 
NanList HYP 0
d
36
0 0 -12.5427 0 0 -12.5427 0 0 -12.5427 0 0 -12.5427 0 0 -12.5427 0 0 12.5427 0 0 12.5427 0 0 12.5427 0 0 12.5427 0 0 12.5427 -0.0756591 0.113186 0 0.0753544 -0.113184 0 
s	11
1175 1179 1208 1212 
1175 1176 1177 1178 1179 1208 1209 1210 1211 1212 
b
2 0
0.283315 0.891529 0.400229
1176 0 0 2
1177 0 0 3
1178 0 0 2
1209 0 0 2
1210 0 0 3
1211 0 0 2
g
0
0.5 2 0 0 1 2 0 2 5
t
2
22
8193.87 1645.63 100
8193.68 1645.45 -100
a
4
52
1179 1174 1212 1207 
1 1176 1 1209 0 1210 0 1208 0 2640 0.437287 2641 0.562713 
1 1177 1 1209 0 1210 0 1211 0 2640 0.437287 2641 0.562713 
1 1175 1 1209 0 2640 0.437287 2641 0.562713 
1 1178 1 1210 0 2640 0.437287 2641 0.562713 
2 1209 1 1176 0 1177 0 1175 0 2640 0.562713 2641 0.437287 
2 1210 1 1176 0 1177 0 1178 0 2640 0.562713 2641 0.437287 
2 1208 1 1176 0 2640 0.562713 2641 0.437287 
2 1211 1 1177 0 2640 0.562713 2641 0.437287 
0 2640 4 1176 0.437287 1177 0.437287 1175 0.437287 1178 0.437287 1209 0.562713 1210 0.562713 1208 0.562713 1211 0.562713 
0 2641 4 1176 0.562713 1177 0.562713 1175 0.562713 1178 0.562713 1209 0.437287 1210 0.437287 1208 0.437287 1211 0.437287 
NanList HYP 0
d
30
0 0 -12.5427 0 0 -12.5427 0 0 -12.5427 0 0 -12.5427 0 0 12.5427 0 0 12.5427 0 0 12.5427 0 0 12.5427 0.0929719 0.0861917 0 -0.0926594 -0.0862698 0 
s	12
1437 1446 1468 1477 
1437 1438 1439 1440 1441 1442 1443 1444 1445 1446 1468 1469 1470 1471 1472 1473 1474 1475 1476 1477 
b
2 0
0.919026 0.807725 0.352458
1438 0 0 2
1439 0 0 2
1440 0 0 2
1441 0 0 3
1442 0 0 3
1443 0 0 3
1444 0 0 3
1445 0 0 2
1469 0 0 1
1470 0 0 2
1471 0 0 3
1472 0 0 3
1473 0 0 3
1474 0 0 3
1475 0 0 3
1476 0 0 2
g
0
0.5 2 0 0 1 2 0 2 5
t
2
24
9472.7 1621.65 100
9469.78 1623.76 -100
a
4
56
1446 1436 1477 1467 
1 1440 1 1470 0 1471 0 1472 0 2640 0.42972 2641 0.57028 
1 1441 1 1471 0 1472 0 1473 0 2640 0.42972 2641 0.57028 
1 1442 1 1472 0 1473 0 1474 0 2640 0.42972 2641 0.57028 
1 1443 1 1473 0 1474 0 1475 0 2640 0.42972 2641 0.57028 
1 1444 1 1474 0 1475 0 1476 0 2640 0.42972 2641 0.57028 
1 1437 1 1469 0 1468 0 2640 0.42972 2641 0.57028 
1 1438 1 1470 0 1469 0 2640 0.42972 2641 0.57028 
1 1439 1 1470 0 1471 0 2640 0.42972 2641 0.57028 
1 1445 1 1475 0 1476 0 2640 0.42972 2641 0.57028 
2 1470 1 1440 0 1438 0 1439 0 2640 0.57028 2641 0.42972 
2 1471 1 1440 0 1441 0 1439 0 2640 0.57028 2641 0.42972 
2 1472 1 1440 0 1441 0 1442 0 2640 0.57028 2641 0.42972 
2 1473 1 1441 0 1442 0 1443 0 2640 0.57028 2641 0.42972 
2 1474 1 1442 0 1443 0 1444 0 2640 0.57028 2641 0.42972 
2 1475 1 1443 0 1444 0 1445 0 2640 0.57028 2641 0.42972 
2 1469 1 1437 0 1438 0 2640 0.57028 2641 0.42972 
2 1476 1 1444 0 1445 0 2640 0.57028 2641 0.42972 
2 1468 1 1437 0 2640 0.57028 2641 0.42972 
0 2640 9 1440 0.42972 1441 0.42972 1442 0.42972 1443 0.42972 1444 0.42972 1437 0.42972 1438 0.42972 1439 0.42972 1445 0.42972 1470 0.57028 1471 0.57028 1472 0.57028 1473 0.57028 1474 0.57028 1475 0.57028 1469 0.57028 1476 0.57028 1468 0.57028 
0 2641 9 1440 0.57028 1441 0.57028 1442 0.57028 1443 0.57028 1444 0.57028 1437 0.57028 1438 0.57028 1439 0.57028 1445 0.57028 1470 0.42972 1471 0.42972 1472 0.42972 1473 0.42972 1474 0.42972 1475 0.42972 1469 0.42972 1476 0.42972 1468 0.42972 
NanList HYP 0
d
60
0 0 -14.0559 0 0 -14.0559 0 0 -14.0559 0 0 -14.0559 0 0 -14.0559 0 0 -14.0559 0 0 -14.0559 0 0 -14.0559 0 0 -14.0559 0 0 14.0559 0 0 14.0559 0 0 14.0559 0 0 14.0559 0 0 14.0559 0 0 14.0559 0 0 14.0559 0 0 14.0559 0 0 14.0559 1.45599 -1.05433 0 -1.45561 1.05436 0 
s	13
1478 1479 1480 1512 1513 1514 1515 1516 1547 1548 1549 1577 1578 1579 1580 1581 1582 
1478 1479 1480 1512 1513 1514 1515 1516 1547 1548 1549 1577 1578 1579 1580 1581 1582 
b
2 0
0.525995 0.949327 0.0697553
1479 0 0 1
1581 0 0 1
b
3 0
0.663227 0.192214 0.0860558
1513 0 0 1
1514 0 0 3
1515 0 0 2
1548 0 0 2
1578 0 0 1
1579 0 0 2
1580 0 0 1
g
0
0.5 2 0 0 1 2 0 2 5
t
2
26
9628.91 1964.87 100
9625.31 1971.9 -100
a
8
60
1480 1477 1516 1511 1549 1546 1582 1576 
1 1513 1 1548 0 1579 0 1547 0 1578 0 1577 0 2640 0.427528 2641 0.572472 
1 1514 1 1548 0 1579 0 1578 0 2640 0.427528 2641 0.572472 
1 1512 1 1548 0 1547 0 2640 0.427528 2641 0.572472 
1 1515 1 1579 0 1580 0 2640 0.427528 2641 0.572472 
2 1579 1 1513 0 1514 0 1515 0 2640 0.562119 2641 0.437881 
2 1578 1 1513 0 1514 0 2640 0.562119 2641 0.437881 
2 1580 1 1478 0 1515 0 2640 0.562119 2641 0.437881 
2 1581 1 1478 0 1479 0 2640 0.562119 2641 0.437881 
2 1577 1 1513 0 2640 0.562119 2641 0.437881 
2 1548 1 1513 0 1514 0 1512 0 2640 0.562119 2641 0.437881 
2 1547 1 1513 0 1512 0 2640 0.562119 2641 0.437881 
1 1478 1 1580 0 1581 0 2640 0.427528 2641 0.572472 
1 1479 1 1581 0 2640 0.427528 2641 0.572472 
0 2640 6.5 1513 0.427528 1514 0.427528 1512 0.427528 1515 0.427528 1579 0.562119 1578 0.562119 1580 0.562119 1581 0.562119 1577 0.562119 1548 0.562119 1547 0.562119 1478 0.427528 1479 0.427528 
0 2641 6.5 1513 0.572472 1514 0.572472 1512 0.572472 1515 0.572472 1579 0.437881 1578 0.437881 1580 0.437881 1581 0.437881 1577 0.437881 1548 0.437881 1547 0.437881 1478 0.572472 1479 0.572472 
NanList HYP 0
d
45
0 0 -14.4944 0 0 -14.4944 0 0 -14.4944 0 0 -14.4944 0 0 12.4237 0 0 12.4237 0 0 12.4237 0 0 12.4237 0 0 12.4237 0 0 12.4237 0 0 12.4237 0 0 -14.4944 0 0 -14.4944 1.80246 -3.51523 0 -1.80192 3.5152 0 
s	14
1598 1606 1630 1637 
1598 1599 1600 1601 1602 1603 1604 1605 1606 1630 1631 1632 1633 1634 1635 1636 1637 
b
2 0
0.0641713 0.348893 0.890233
1599 0 0 2
1600 0 0 3
1601 0 0 3
1602 0 0 3
1603 0 0 2
1604 0 0 2
1605 0 0 1
1631 0 0 2
1632 0 0 3
1633 0 0 3
1634 0 0 3
1635 0 0 3
1636 0 0 2
g
0
0.5 2 0 0 1 2 0 2 5
t
2
28
10467 1327.63 100
10465.7 1331.48 -100
a
4
68
1606 1597 1637 1629 
1 1599 1 1631 0 1632 0 1630 0 2640 0.436273 2641 0.563727 
1 1600 1 1631 0 1632 0 1633 0 2640 0.436273 2641 0.563727 
1 1601 1 1632 0 1633 0 1634 0 2640 0.436273 2641 0.563727 
1 1602 1 1633 0 1634 0 1635 0 2640 0.436273 2641 0.563727 
1 1598 1 1631 0 1630 0 2640 0.436273 2641 0.563727 
1 1603 1 1634 0 1635 0 2640 0.436273 2641 0.563727 
1 1604 1 1635 0 1636 0 2640 0.436273 2641 0.563727 
1 1605 1 1636 0 2640 0.436273 2641 0.563727 
2 1631 1 1599 0 1600 0 1598 0 2640 0.572831 2641 0.427169 
2 1632 1 1599 0 1600 0 1601 0 2640 0.572831 2641 0.427169 
2 1633 1 1600 0 1601 0 1602 0 2640 0.572831 2641 0.427169 
2 1634 1 1601 0 1602 0 1603 0 2640 0.572831 2641 0.427169 
2 1635 1 1602 0 1603 0 1604 0 2640 0.572831 2641 0.427169 
2 1630 1 1599 0 1598 0 2640 0.572831 2641 0.427169 
2 1636 1 1604 0 1605 0 2640 0.572831 2641 0.427169 
0 2640 7.5 1599 0.436273 1600 0.436273 1601 0.436273 1602 0.436273 1598 0.436273 1603 0.436273 1604 0.436273 1605 0.436273 1631 0.572831 1632 0.572831 1633 0.572831 1634 0.572831 1635 0.572831 1630 0.572831 1636 0.572831 
0 2641 7.5 1599 0.563727 1600 0.563727 1601 0.563727 1602 0.563727 1598 0.563727 1603 0.563727 1604 0.563727 1605 0.563727 1631 0.427169 1632 0.427169 1633 0.427169 1634 0.427169 1635 0.427169 1630 0.427169 1636 0.427169 
NanList HYP 0
d
51
0 0 -12.7454 0 0 -12.7454 0 0 -12.7454 0 0 -12.7454 0 0 -12.7454 0 0 -12.7454 0 0 -12.7454 0 0 -12.7454 0 0 14.5661 0 0 14.5661 0 0 14.5661 0 0 14.5661 0 0 14.5661 0 0 14.5661 0 0 14.5661 0.646199 -1.92772 0 -0.646303 1.92767 0 
s	15
1642 1643 1644 1645 1646 1647 1679 1680 1681 1710 1711 1712 1713 1714 
1642 1643 1644 1645 1646 1647 1679 1680 1681 1710 1711 1712 1713 1714 
b
2 0
0.0630958 0.457702 0.020023
1643 0 0 1
1680 0 0 1
b
2 0
0.902208 0.970634 0.23828
1644 0 0 2
1645 0 0 3
1646 0 0 2
1711 0 0 2
1712 0 0 3
1713 0 0 2
g
0
0.5 2 0 0 1 2 0 2 5
t
2
30
10863.3 2142.39 100
10862 2146.02 -100
a
6
72
1647 1641 1681 1678 1714 1709 
1 1643 1 1711 0 1680 0 1710 0 2640 0.420855 2641 0.579145 
1 1644 1 1711 0 1712 0 1710 0 2640 0.420855 2641 0.579145 
1 1645 1 1711 0 1712 0 1713 0 2640 0.420855 2641 0.579145 
1 1642 1 1680 0 1679 0 2640 0.420855 2641 0.579145 
1 1646 1 1712 0 2640 0.420855 2641 0.579145 
2 1711 1 1643 0 1644 0 1645 0 2640 0.565954 2641 0.434046 
2 1712 1 1644 0 1645 0 1646 0 2640 0.565954 2641 0.434046 
2 1710 1 1643 0 1644 0 2640 0.565954 2641 0.434046 
2 1713 1 1645 0 2640 0.565954 2641 0.434046 
2 1680 1 1643 0 1642 0 2640 0.565954 2641 0.434046 
2 1679 1 1642 0 2640 0.565954 2641 0.434046 
0 2640 5.5 1643 0.420855 1644 0.420855 1645 0.420855 1642 0.420855 1646 0.420855 1711 0.565954 1712 0.565954 1710 0.565954 1713 0.565954 1680 0.565954 1679 0.565954 
0 2641 5.5 1643 0.579145 1644 0.579145 1645 0.579145 1642 0.579145 1646 0.579145 1711 0.434046 1712 0.434046 1710 0.434046 1713 0.434046 1680 0.434046 1679 0.434046 
NanList HYP 0
d
39
0 0 -15.829 0 0 -15.829 0 0 -15.829 0 0 -15.829 0 0 -15.829 0 0 13.1908 0 0 13.1908 0 0 13.1908 0 0 13.1908 0 0 13.1908 0 0 13.1908 0.64827 -1.81424 0 -0.647311 1.81415 0 
s	16
1971 1977 2006 2011 2041 2044 
1971 1972 1973 1974 1975 1976 1977 2006 2007 2008 2009 2010 2011 2041 2042 2043 2044 
b
3 0
0.53976 0.266666 0.85092
1972 0 0 2
1973 0 0 2
1974 0 0 4
1975 0 0 2
1976 0 0 1
2007 0 0 1
2008 0 0 2
2009 0 0 2
2010 0 0 1
2042 0 0 2
2043 0 0 3
g
0
0.5 2 0 0 1 2 0 2 5
t
2
32
13285.1 1871.59 100
13286.2 1876.42 -100
a
6
78
1977 1970 2011 2005 2044 2040 
1 1974 1 2009 0 2042 0 2043 0 2041 0 2010 0 2640 0.42449 2641 0.57551 
1 1973 1 2009 0 2042 0 2008 0 2041 0 2640 0.42449 2641 0.57551 
1 1972 1 2009 0 2007 0 2008 0 2640 0.42449 2641 0.57551 
1 1971 1 2007 0 2006 0 2640 0.42449 2641 0.57551 
1 1975 1 2042 0 2043 0 2640 0.42449 2641 0.57551 
1 1976 1 2043 0 2640 0.42449 2641 0.57551 
2 2009 1 1974 0 1973 0 1972 0 2640 0.556633 2641 0.443368 
2 2007 1 1972 0 1971 0 2640 0.556633 2641 0.443368 
2 2008 1 1973 0 1972 0 2640 0.556633 2641 0.443368 
2 2006 1 1971 0 2640 0.556633 2641 0.443368 
2 2010 1 1974 0 2640 0.556633 2641 0.443368 
2 2042 1 1974 0 1973 0 1975 0 2640 0.556633 2641 0.443368 
2 2043 1 1974 0 1975 0 1976 0 2640 0.556633 2641 0.443368 
2 2041 1 1974 0 1973 0 2640 0.556633 2641 0.443368 
0 2640 7 1974 0.42449 1973 0.42449 1972 0.42449 1971 0.42449 1975 0.42449 1976 0.42449 2009 0.556633 2007 0.556633 2008 0.556633 2006 0.556633 2010 0.556633 2042 0.556633 2043 0.556633 2041 0.556633 
0 2641 7 1974 0.57551 1973 0.57551 1972 0.57551 1971 0.57551 1975 0.57551 1976 0.57551 2009 0.443368 2007 0.443368 2008 0.443368 2006 0.443368 2010 0.443368 2042 0.443368 2043 0.443368 2041 0.443368 
NanList HYP 0
d
48
0 0 -15.102 0 0 -15.102 0 0 -15.102 0 0 -15.102 0 0 -15.102 0 0 -15.102 0 0 11.3265 0 0 11.3265 0 0 11.3265 0 0 11.3265 0 0 11.3265 0 0 11.3265 0 0 11.3265 0 0 11.3265 -0.547838 -2.41619 0 0.547057 2.41612 0 
s	17
2207 2209 2240 2242 
2207 2208 2209 2240 2241 2242 
b
2 0
0.512535 0.760249 0.375207
2208 0 0 1
2241 0 0 1
g
0
0.5 2 0 0 1 2 0 2 5
t
2
34
14423.4 2320.2 100
14423.2 2320.36 -100
a
4
84
2209 2206 2242 2239 
1 2207 1 2241 0 2240 0 2640 0.497067 2641 0.502933 
1 2208 1 2241 0 2640 0.497067 2641 0.502933 
2 2241 1 2207 0 2208 0 2640 0.502933 2641 0.497067 
2 2240 1 2207 0 2640 0.502933 2641 0.497067 
0 2640 2 2207 0.497067 2208 0.497067 2241 0.502933 2240 0.502933 
0 2641 2 2207 0.502933 2208 0.502933 2241 0.497067 2240 0.497067 
NanList HYP 0
d
18
0 0 -0.586569 0 0 -0.586569 0 0 0.586569 0 0 0.586569 0.0743963 -0.0752568 0 -0.0740057 0.0751982 0 
s	18
2305 2307 2339 2341 
2305 2306 2307 2339 2340 2341 
b
2 0
0.0392803 0.531606 0.667724
2306 0 0 1
2340 0 0 1
g
0
0.5 2 0 0 1 2 0 2 5
t
2
36
15206.1 1886.98 100
15206.5 1889.57 -100
a
4
88
2307 2304 2341 2338 
1 2305 1 2340 0 2339 0 2640 0.466588 2641 0.533412 
1 2306 1 2340 0 2640 0.466588 2641 0.533412 
2 2340 1 2305 0 2306 0 2640 0.533412 2641 0.466588 
2 2339 1 2305 0 2640 0.533412 2641 0.466588 
0 2640 2 2305 0.466588 2306 0.466588 2340 0.533412 2339 0.533412 
0 2641 2 2305 0.533412 2306 0.533412 2340 0.466588 2339 0.466588 
NanList HYP 0
d
18
0 0 -6.68248 0 0 -6.68248 0 0 6.68248 0 0 6.68248 -0.220327 -1.29519 0 0.220717 1.29527 0 
s	19
2371 2372 2373 2374 2405 2406 2407 2438 2439 2440 2504 2505 2506 
2371 2372 2373 2374 2405 2406 2407 2438 2439 2440 2504 2505 2506 
b
2 0
0.93081 0.931835 0.437638
2372 0 0 1
2406 0 0 1
b
3 0
0.738534 0.284293 0.720952
2373 0 0 1
2439 0 0 2
2505 0 0 1
g
0
0.5 2 0 0 1 2 0 2 5
t
2
38
15495.1 2151.03 100
15495.5 2155.99 -100
a
8
92
2374 2370 2407 2404 2440 2437 2506 2503 
1 2372 1 2439 0 2406 0 2438 0 2640 0.446583 2641 0.553417 
1 2371 1 2406 0 2405 0 2640 0.446583 2641 0.553417 
1 2373 1 2439 0 2640 0.446583 2641 0.553417 
2 2439 1 2372 0 2504 0 2373 0 2505 0 2640 0.566771 2641 0.433229 
2 2438 1 2372 0 2504 0 2640 0.566771 2641 0.433229 
2 2406 1 2372 0 2371 0 2640 0.566771 2641 0.433229 
2 2405 1 2371 0 2640 0.566771 2641 0.433229 
1 2504 1 2439 0 2438 0 2640 0.446583 2641 0.553417 
1 2505 1 2439 0 2640 0.446583 2641 0.553417 
0 2640 4.5 2372 0.446583 2371 0.446583 2373 0.446583 2439 0.566771 2438 0.566771 2406 0.566771 2405 0.566771 2504 0.446583 2505 0.446583 
0 2641 4.5 2372 0.553417 2371 0.553417 2373 0.553417 2439 0.433229 2438 0.433229 2406 0.433229 2405 0.433229 2504 0.553417 2505 0.553417 
NanList HYP 0
d
33
0 0 -10.6834 0 0 -10.6834 0 0 -10.6834 0 0 13.3542 0 0 13.3542 0 0 13.3542 0 0 13.3542 0 0 -10.6834 0 0 -10.6834 -0.192163 -2.48019 0 0.193031 2.48039 0 
s	20
2390 2394 2422 2426 
2390 2391 2392 2393 2394 2422 2423 2424 2425 2426 
b
2 0
0.687861 0.354049 0.639979
2391 0 0 2
2392 0 0 3
2393 0 0 2
2423 0 0 2
2424 0 0 3
2425 0 0 2
g
0
0.5 2 0 0 1 2 0 2 5
t
2
40
15268.2 1096.81 100
15265.3 1097.44 -100
a
4
100
2394 2389 2426 2421 
1 2391 1 2423 0 2424 0 2422 0 2640 0.443206 2641 0.556794 
1 2392 1 2423 0 2424 0 2425 0 2640 0.443206 2641 0.556794 
1 2390 1 2423 0 2422 0 2640 0.443206 2641 0.556794 
1 2393 1 2424 0 2640 0.443206 2641 0.556794 
2 2423 1 2391 0 2392 0 2390 0 2640 0.556794 2641 0.443206 
2 2424 1 2391 0 2392 0 2393 0 2640 0.556794 2641 0.443206 
2 2422 1 2391 0 2390 0 2640 0.556794 2641 0.443206 
2 2425 1 2392 0 2640 0.556794 2641 0.443206 
0 2640 4 2391 0.443206 2392 0.443206 2390 0.443206 2393 0.443206 2423 0.556794 2424 0.556794 2422 0.556794 2425 0.556794 
0 2641 4 2391 0.556794 2392 0.556794 2390 0.556794 2393 0.556794 2423 0.443206 2424 0.443206 2422 0.443206 2425 0.443206 
NanList HYP 0
d
30
0 0 -11.3588 0 0 -11.3588 0 0 -11.3588 0 0 -11.3588 0 0 11.3588 0 0 11.3588 0 0 11.3588 0 0 11.3588 1.47949 -0.316513 0 -1.47949 0.316601 0 
s	21
2430 2434 2466 2470 
2430 2431 2432 2433 2434 2466 2467 2468 2469 2470 
b
2 0
0.880075 0.440105 0.165974
2431 0 0 1
2432 0 0 2
2433 0 0 2
2467 0 0 2
2468 0 0 2
2469 0 0 1
g
0
0.5 2 0 0 1 2 0 2 5
t
2
42
15609.4 1632.15 100
15607.2 1630.69 -100
a
4
104
2434 2429 2470 2465 
1 2431 1 2466 0 2467 0 2640 0.468847 2641 0.531153 
1 2432 1 2467 0 2468 0 2640 0.468847 2641 0.531153 
1 2433 1 2468 0 2469 0 2640 0.468847 2641 0.531153 
1 2430 1 2466 0 2640 0.468847 2641 0.531153 
2 2466 1 2431 0 2430 0 2640 0.531153 2641 0.468847 
2 2467 1 2431 0 2432 0 2640 0.531153 2641 0.468847 
2 2468 1 2432 0 2433 0 2640 0.531153 2641 0.468847 
2 2469 1 2433 0 2640 0.531153 2641 0.468847 
0 2640 4 2431 0.468847 2432 0.468847 2433 0.468847 2430 0.468847 2466 0.531153 2467 0.531153 2468 0.531153 2469 0.531153 
0 2641 4 2431 0.531153 2432 0.531153 2433 0.531153 2430 0.531153 2466 0.468847 2467 0.468847 2468 0.468847 2469 0.468847 
NanList HYP 0
d
30
0 0 -6.23068 0 0 -6.23068 0 0 -6.23068 0 0 -6.23068 0 0 6.23068 0 0 6.23068 0 0 6.23068 0 0 6.23068 1.08122 0.732995 0 -1.08083 -0.733083 0 
s	22
2470 2473 2499 2503 
2470 2471 2472 2473 2499 2500 2501 2502 2503 
b
2 0
0.228968 0.330337 0.829201
2471 0 0 2
2472 0 0 2
2500 0 0 1
2501 0 0 2
2502 0 0 1
g
0
0.5 2 0 0 1 2 0 2 5
t
2
44
15627.4 1887.95 100
15625.5 1884.51 -100
a
3
108
2473 2503 2498 
1 2472 1 2500 0 2501 0 2502 0 2640 0.431482 2641 0.568518 
1 2470 1 2500 0 2499 0 2640 0.431482 2641 0.568518 
1 2471 1 2500 0 2501 0 2640 0.431482 2641 0.568518 
2 2500 1 2472 0 2470 0 2471 0 2640 0.551388 2641 0.448612 
2 2501 1 2472 0 2471 0 2640 0.551388 2641 0.448612 
2 2499 1 2470 0 2640 0.551388 2641 0.448612 
2 2502 1 2472 0 2640 0.551388 2641 0.448612 
0 2640 3.5 2472 0.431482 2470 0.431482 2471 0.431482 2500 0.551388 2501 0.551388 2499 0.551388 2502 0.551388 
0 2641 3.5 2472 0.568518 2470 0.568518 2471 0.568518 2500 0.448612 2501 0.448612 2499 0.448612 2502 0.448612 
NanList HYP 0
d
27
0 0 -13.7035 0 0 -13.7035 0 0 -13.7035 0 0 10.2777 0 0 10.2777 0 0 10.2777 0 0 10.2777 0.910418 1.71936 0 -0.910195 -1.71925 0 
