33 0.3 0.1 0.3 1 0 14 1
p
0
30
1000 0 0
999.022 72.0825 0
998.044 144.165 0
997.066 216.247 0
996.088 288.33 0
995.11 360.412 0
994.132 432.495 0
993.154 504.577 0
992.176 576.66 0
991.198 648.742 0
990.22 720.825 0
989.242 792.907 0
988.264 864.989 0
987.286 937.072 0
986.308 1009.15 0
985.33 1081.24 0
984.352 1153.32 0
983.374 1225.4 0
982.396 1297.48 0
981.418 1369.57 0
980.44 1441.65 0
979.462 1513.73 0
978.484 1585.81 0
977.506 1657.9 0
976.528 1729.98 0
975.55 1802.06 0
974.572 1874.14 0
973.594 1946.23 0
972.616 2018.31 0
971.638 2090.39 0
970.66 2162.47 0
p
1
30
1200 0 0
1201.68 74.5559 0
1203.35 149.112 0
1205.03 223.668 0
1206.7 298.224 0
1208.38 372.78 0
1210.06 447.335 0
1211.73 521.891 0
1213.41 596.447 0
1215.09 671.003 0
1216.76 745.559 0
1218.44 820.115 0
1220.11 894.671 0
1221.79 969.227 0
1223.47 1043.78 0
1225.14 1118.34 0
1226.82 1192.89 0
1228.5 1267.45 0
1230.17 1342.01 0
1231.85 1416.56 0
1233.52 1491.12 0
1235.2 1565.67 0
1236.88 1640.23 0
1238.55 1714.79 0
1240.23 1789.34 0
1241.91 1863.9 0
1243.58 1938.45 0
1245.26 2013.01 0
1246.93 2087.57 0
1248.61 2162.12 0
1250.29 2236.68 0
p
2
30
1400 0 0
1402.39 80.3537 0
1404.78 160.707 0
1407.17 241.061 0
1409.56 321.415 0
1411.94 401.769 0
1414.33 482.122 0
1416.72 562.476 0
1419.11 642.83 0
1421.5 723.183 0
1423.89 803.537 0
1426.28 883.891 0
1428.67 964.245 0
1431.05 1044.6 0
1433.44 1124.95 0
1435.83 1205.31 0
1438.22 1285.66 0
1440.61 1366.01 0
1443 1446.37 0
1445.39 1526.72 0
1447.78 1607.07 0
1450.16 1687.43 0
1452.55 1767.78 0
1454.94 1848.14 0
1457.33 1928.49 0
1459.72 2008.84 0
1462.11 2089.2 0
1464.5 2169.55 0
1466.89 2249.9 0
1469.27 2330.26 0
1471.66 2410.61 0
p
3
30
1600 0 0
1597.59 88.4167 0
1595.19 176.833 0
1592.78 265.25 0
1590.38 353.667 0
1587.97 442.083 0
1585.56 530.5 0
1583.16 618.917 0
1580.75 707.333 0
1578.35 795.75 0
1575.94 884.167 0
1573.54 972.583 0
1571.13 1061 0
1568.72 1149.42 0
1566.32 1237.83 0
1563.91 1326.25 0
1561.51 1414.67 0
1559.1 1503.08 0
1556.69 1591.5 0
1554.29 1679.92 0
1551.88 1768.33 0
1549.48 1856.75 0
1547.07 1945.17 0
1544.67 2033.58 0
1542.26 2122 0
1539.85 2210.42 0
1537.45 2298.83 0
1535.04 2387.25 0
1532.64 2475.67 0
1530.23 2564.08 0
1527.82 2652.5 0
p
4
30
1800 0 0
1796.65 82.3462 0
1793.3 164.692 0
1789.95 247.039 0
1786.6 329.385 0
1783.25 411.731 0
1779.91 494.077 0
1776.56 576.423 0
1773.21 658.77 0
1769.86 741.116 0
1766.51 823.462 0
1763.16 905.808 0
1759.81 988.154 0
1756.46 1070.5 0
1753.11 1152.85 0
1749.76 1235.19 0
1746.41 1317.54 0
1743.06 1399.89 0
1739.72 1482.23 0
1736.37 1564.58 0
1733.02 1646.92 0
1729.67 1729.27 0
1726.32 1811.62 0
1722.97 1893.96 0
1719.62 1976.31 0
1716.27 2058.65 0
1712.92 2141 0
1709.57 2223.35 0
1706.22 2305.69 0
1702.87 2388.04 0
1699.53 2470.39 0
p
5
30
2000 0 0
2000.39 75.6864 0
2000.79 151.373 0
2001.18 227.059 0
2001.57 302.745 0
2001.97 378.432 0
2002.36 454.118 0
2002.76 529.805 0
2003.15 605.491 0
2003.54 681.177 0
2003.94 756.864 0
2004.33 832.55 0
2004.72 908.236 0
2005.12 983.923 0
2005.51 1059.61 0
2005.91 1135.3 0
2006.3 1210.98 0
2006.69 1286.67 0
2007.09 1362.35 0
2007.48 1438.04 0
2007.87 1513.73 0
2008.27 1589.41 0
2008.66 1665.1 0
2009.05 1740.79 0
2009.45 1816.47 0
2009.84 1892.16 0
2010.24 1967.85 0
2010.63 2043.53 0
2011.02 2119.22 0
2011.42 2194.9 0
2011.81 2270.59 0
p
6
30
2200 0 0
2197.24 76.9468 0
2194.49 153.894 0
2191.73 230.84 0
2188.98 307.787 0
2186.22 384.734 0
2183.47 461.681 0
2180.71 538.628 0
2177.95 615.574 0
2175.2 692.521 0
2172.44 769.468 0
2169.69 846.415 0
2166.93 923.362 0
2164.18 1000.31 0
2161.42 1077.26 0
2158.66 1154.2 0
2155.91 1231.15 0
2153.15 1308.1 0
2150.4 1385.04 0
2147.64 1461.99 0
2144.89 1538.94 0
2142.13 1615.88 0
2139.37 1692.83 0
2136.62 1769.78 0
2133.86 1846.72 0
2131.11 1923.67 0
2128.35 2000.62 0
2125.6 2077.56 0
2122.84 2154.51 0
2120.08 2231.46 0
2117.33 2308.4 0
p
7
30
2400 0 0
2400.7 78.6917 0
2401.4 157.383 0
2402.21 236.07 0
2403.29 314.752 0
2404.84 393.425 0
2407.12 472.079 0
2410.44 550.699 0
2415.13 629.255 0
2421.51 707.702 0
2429.35 786.037 0
2438.8 864.218 0
2449.87 942.214 0
2462.56 1020 0
2476.86 1097.54 0
2492.73 1174.82 0
2510.12 1251.81 0
2528.99 1328.51 0
2549.27 1404.9 0
2570.88 1480.97 0
2593.72 1556.74 0
2617.71 1632.2 0
2642.74 1707.38 0
2668.68 1782.29 0
2695.42 1856.96 0
2722.82 1931.42 0
2750.75 2005.72 0
2779.07 2079.89 0
2807.66 2153.98 0
2836.42 2228.01 0
2865.23 2302.04 0
p
8
30
2600 0 0
2593.47 71.3793 0
2586.93 142.759 0
2581.04 214.2 0
2575.92 285.707 0
2571.83 357.291 0
2569.02 428.949 0
2567.67 500.668 0
2567.95 572.42 0
2570.04 644.167 0
2573.5 715.884 0
2578.35 787.549 0
2584.49 859.143 0
2591.82 930.657 0
2600.24 1002.08 0
2609.67 1073.41 0
2620.04 1144.64 0
2631.28 1215.76 0
2643.32 1286.79 0
2656.12 1357.71 0
2669.62 1428.53 0
2683.79 1499.25 0
2698.59 1569.86 0
2713.99 1640.38 0
2729.96 1710.79 0
2746.47 1781.11 0
2763.52 1851.32 0
2781.07 1921.43 0
2799.13 1991.44 0
2817.68 2061.35 0
2836.62 2131.16 0
p
9
30
2800 0 0
2811.29 75.921 0
2822.58 151.842 0
2831.47 228.081 0
2840.37 304.343 0
2849.03 380.655 0
2857.88 456.964 0
2866.89 533.266 0
2876.41 609.511 0
2886.6 685.664 0
2897.65 761.691 0
2909.68 837.556 0
2922.81 913.227 0
2937.14 988.676 0
2952.71 1063.87 0
2969.58 1138.8 0
2987.75 1213.44 0
3007.2 1287.77 0
3027.89 1361.8 0
3049.73 1435.53 0
3072.64 1508.98 0
3096.48 1582.16 0
3121.1 1655.11 0
3146.33 1727.88 0
3171.95 1800.53 0
3197.74 1873.11 0
3223.46 1945.72 0
3248.83 2018.44 0
3273.79 2091.29 11.8885
3298.93 2164.12 11.8885
3324.13 2236.93 11.8885
p
10
30
3000 0 0
3003.71 70.7017 0
3007.42 141.403 0
3012.75 212.062 0
3018.66 282.66 0
3025.48 353.188 0
3033.23 423.63 0
3041.75 493.989 0
3050.79 564.286 0
3060.28 634.527 0
3070.09 704.727 0
3080.12 774.898 0
3090.31 845.053 0
3100.59 915.202 0
3110.94 985.354 0
3121.32 1055.51 0
3131.73 1125.68 0
3142.2 1195.86 0
3152.73 1266.05 0
3163.38 1336.23 0
3174.18 1406.4 0
3185.2 1476.55 0
3196.51 1546.67 0
3208.18 1616.73 0
3220.29 1686.71 0
3232.94 1756.6 0
3246.21 1826.38 0
3260.11 1896.04 11.8885
3274.3 1965.66 11.8885
3288.77 2035.21 11.8885
3303.56 2104.7 11.8885
p
11
30
3200 0 0
3203.19 72.575 0
3206.37 145.15 0
3209.6 217.71 0
3212.84 290.277 0
3216.09 362.842 0
3219.35 435.407 0
3222.63 507.972 0
3225.93 580.535 0
3229.24 653.099 0
3232.55 725.661 0
3235.88 798.224 0
3239.21 870.786 0
3242.56 943.347 0
3245.9 1015.91 0
3249.26 1088.47 0
3252.61 1161.03 0
3255.97 1233.59 0
3259.33 1306.15 0
3262.69 1378.71 0
3266.05 1451.27 0
3269.4 1523.84 0
3272.75 1596.4 0
3276.1 1668.96 0
3279.44 1741.52 0
3282.77 1814.08 0
3286.13 1886.64 -11.8885
3289.64 1959.19 -11.8885
3293.45 2031.73 -11.8885
3297.58 2104.26 -11.8885
3301.78 2176.79 -11.8885
p
12
30
3400 0 0
3409.48 65.9456 0
3418.95 131.891 0
3427.43 198.041 0
3435.32 264.304 0
3442.79 330.589 0
3449.8 396.933 0
3456.41 463.325 0
3462.69 529.756 0
3468.7 596.22 0
3474.47 662.71 0
3480.05 729.222 0
3485.47 795.751 0
3490.75 862.295 0
3495.92 928.852 0
3501 995.419 0
3505.98 1062 0
3510.88 1128.58 0
3515.7 1195.18 0
3520.43 1261.79 0
3525.06 1328.41 0
3529.57 1395.04 0
3533.96 1461.69 0
3538.2 1528.35 0
3542.28 1595.03 0
3546.15 1661.73 0
3549.8 1728.45 0
3553.19 1795.19 0
3556.3 1861.96 0
3559.18 1928.75 -3.34206
3562.13 1995.52 -3.34206
p
13
30
3600 0 0
3605.49 75.7539 0
3610.98 151.508 0
3617.09 227.168 0
3623.08 302.809 0
3628.95 378.488 0
3634.51 454.188 0
3639.64 529.917 0
3644.21 605.685 0
3648.09 681.493 0
3651.19 757.343 0
3653.41 833.234 0
3654.7 909.16 0
3655.01 985.116 0
3654.31 1061.09 0
3652.6 1137.08 0
3649.91 1213.08 0
3646.27 1289.07 0
3641.74 1365.04 0
3636.42 1441 0
3630.42 1516.93 0
3623.87 1592.84 0
3616.91 1668.72 0
3609.74 1744.58 0
3602.53 1820.43 0
3595.5 1896.28 0
3588.87 1972.14 3.34206
3583.03 2048.03 3.34206
3578.66 2123.99 0
3575.57 2199.98 0
3573.25 2275.99 0
p
14
30
3800 0 0
3799.72 74.9318 0
3799.44 149.864 0
3799.09 224.768 0
3798.06 299.652 0
3796.67 374.543 0
3794.67 449.423 0
3791.92 524.287 0
3788.37 599.122 0
3784.07 673.932 0
3778.99 748.708 0
3773.16 823.446 0
3766.6 898.141 0
3759.38 972.792 0
3751.55 1047.4 0
3743.2 1121.97 0
3734.41 1196.5 0
3725.28 1270.99 0
3715.92 1345.47 0
3706.45 1419.93 0
3696.99 1494.38 0
3687.66 1568.85 0
3678.6 1643.33 0
3669.93 1717.84 0
3661.79 1792.39 0
3654.3 1866.98 0
3647.58 1941.63 0
3641.76 2016.34 0
3636.93 2091.1 0
3632.92 2165.92 0
3628.74 2240.72 0
p
15
30
4000 0 0
4009.77 73.6151 0
4019.54 147.23 0
4026.27 221.267 0
4029.83 295.599 0
4030.83 370.081 0
4028.84 444.64 0
4023.88 519.152 0
4016.03 593.493 0
4006.32 667.657 0
3995.02 741.622 0
3982.58 815.406 0
3969.4 889.041 0
3955.82 962.564 0
3942.13 1036.01 0
3928.52 1109.42 0
3915.07 1182.79 0
3901.61 1256.1 0
3887.68 1329.27 0
3872.45 1402.15 0
3856.71 1475.01 0
3840.2 1547.77 0
3822.91 1620.43 0
3804.84 1692.99 0
3785.99 1765.43 0
3766.3 1837.69 0
3745.72 1909.72 0
3724.15 1981.44 0
3701.45 2052.78 0
3677.5 2123.66 13.1121
3652.49 2194.16 13.1121
p
16
30
4200 0 0
4202.3 77.5941 0
4204.61 155.188 0
4204.72 232.859 0
4202.09 310.54 0
4198.08 388.193 0
4192.2 465.788 0
4184.53 543.281 0
4175.11 620.63 0
4164.07 697.796 0
4151.49 774.749 0
4137.44 851.459 0
4121.99 927.903 0
4105.21 1004.07 0
4087.12 1079.93 0
4067.75 1155.49 0
4047.09 1230.73 0
4025.09 1305.63 0
4001.64 1380.19 0
3976.57 1454.34 0
3951.37 1528.37 0
3925.71 1602.26 0
3899.29 1675.9 0
3873.13 1749.66 0
3846.47 1823.3 0
3818.75 1896.61 0
3789.1 1969.24 0
3756.4 2040.63 0
3719.24 2109.94 -25.2058
3676.1 2175.93 -25.2058
3627.29 2238.06 -25.2058
p
17
30
4400 0 0
4384.18 82.1061 0
4368.36 164.212 0
4352.09 246.23 0
4335.03 328.092 0
4318.18 409.995 0
4301.56 491.947 0
4285.49 574.013 0
4270.29 656.255 0
4255.6 738.605 0
4241.52 821.074 0
4227.98 903.647 0
4214.93 986.304 0
4202.32 1069.03 0
4190.12 1151.82 0
4178.38 1234.66 0
4167.13 1317.55 0
4156.44 1400.49 0
4146.14 1483.45 0
4135.53 1566.33 0
4120.86 1648.62 0
4100.53 1729.71 0
4072.84 1808.61 0
4036.35 1883.92 0
3990.8 1954.28 0
3936.88 2018.74 0
3876.16 2077.19 0
3810.77 2130.75 0
3743.18 2181.82 0
3675.55 2232.86 13.1121
3607.51 2283.85 13.1121
p
18
30
4600 0 0
4600.98 69.8151 0
4601.95 139.63 0
4602.93 209.445 0
4603.9 279.26 0
4604.88 349.075 0
4605.85 418.89 0
4606.83 488.706 0
4607.8 558.521 0
4608.78 628.336 0
4609.75 698.151 0
4610.73 767.966 0
4611.71 837.781 0
4612.68 907.596 0
4613.66 977.411 0
4614.63 1047.23 0
4615.61 1117.04 0
4616.58 1186.86 0
4617.56 1256.67 0
4618.53 1326.49 0
4619.51 1396.3 0
4620.48 1466.12 0
4621.46 1535.93 0
4622.44 1605.75 0
4623.41 1675.56 0
4624.39 1745.38 0
4625.36 1815.19 0
4626.34 1885.01 0
4627.31 1954.82 0
4628.29 2024.64 0
4629.26 2094.45 0
p
19
30
4800 0 0
4795.6 69.6473 0
4791.2 139.295 0
4786.81 208.942 0
4782.41 278.589 0
4778.01 348.237 0
4773.61 417.884 0
4769.22 487.531 0
4764.82 557.179 0
4760.42 626.826 0
4756.02 696.473 0
4751.63 766.121 0
4747.23 835.768 0
4742.83 905.415 0
4738.43 975.063 0
4734.03 1044.71 0
4729.64 1114.36 0
4725.24 1184 0
4720.84 1253.65 0
4716.44 1323.3 0
4712.05 1392.95 0
4707.65 1462.59 0
4703.25 1532.24 0
4698.85 1601.89 0
4694.46 1671.54 0
4690.06 1741.18 0
4685.66 1810.83 0
4681.26 1880.48 0
4676.86 1950.13 0
4672.47 2019.77 0
4668.07 2089.42 0
p
20
30
5000 0 0
5002.62 73.583 0
5005.25 147.166 0
5007.87 220.749 0
5010.49 294.332 0
5013.12 367.915 0
5015.74 441.498 0
5018.36 515.081 0
5020.99 588.664 0
5023.61 662.247 0
5026.23 735.83 0
5028.86 809.413 0
5031.48 882.996 0
5034.1 956.579 0
5036.72 1030.16 0
5039.35 1103.74 0
5041.97 1177.33 0
5044.59 1250.91 0
5047.22 1324.49 0
5049.84 1398.08 0
5052.46 1471.66 0
5055.09 1545.24 0
5057.71 1618.83 0
5060.33 1692.41 0
5062.96 1765.99 0
5065.58 1839.57 0
5068.2 1913.16 0
5070.83 1986.74 0
5073.45 2060.32 0
5076.07 2133.91 0
5078.7 2207.49 0
p
21
30
5200 0 0
5207.07 75.129 0
5214.14 150.258 0
5218.39 225.62 0
5222.45 301.022 0
5225.87 376.498 0
5229 452.027 0
5232.18 527.586 0
5235.73 603.149 0
5239.99 678.686 0
5244.99 754.18 0
5250.92 829.597 0
5257.93 904.904 0
5266.12 980.072 0
5275.58 1055.07 0
5286.39 1129.86 0
5298.6 1204.42 0
5312.25 1278.72 0
5327.35 1352.73 0
5343.91 1426.44 0
5361.91 1499.82 0
5381.34 1572.87 0
5402.15 1645.58 0
5424.27 1717.94 0
5447.66 1789.96 0
5472.21 1861.65 0
5497.86 1933.03 0
5524.48 2004.11 0
5551.98 2074.92 0
5580.18 2145.51 0
5608.69 2216.01 0
p
22
30
5400 0 0
5399.39 71.2944 0
5398.79 142.589 0
5396.89 213.924 0
5395.11 285.247 0
5393.19 356.588 0
5391.33 427.959 0
5389.73 499.369 0
5388.59 570.824 0
5388.14 642.322 0
5388.25 713.849 0
5389.11 785.39 0
5390.84 856.923 0
5393.6 928.417 0
5397.58 999.835 0
5402.87 1071.16 -8.09866
5409.23 1142.4 -8.09866
5416.59 1213.55 -8.09866
5424.98 1284.58 -8.09866
5434.34 1355.49 -8.09866
5444.55 1426.28 0
5455.65 1496.92 0
5468.11 1567.33 0
5481.96 1637.51 0
5497.04 1707.49 0
5513.21 1777.26 0
5530.32 1846.87 0
5548.26 1916.32 0
5566.9 1985.64 0
5586.11 2054.85 0
5605.72 2123.96 0
p
23
30
5600 0 0
5601.61 84.3923 0
5603.22 168.785 0
5604.04 253.138 0
5600.54 337.52 0
5591.25 421.603 0
5575.54 504.938 0
5553.59 587.115 0
5528.26 668.544 0
5501.61 749.684 0
5476.59 831.344 0
5456.17 914.171 0
5441.1 997.992 0
5432.94 1082.6 8.09866
5432.1 1167.48 8.09866
5439.19 1252.02 8.09866
5454.39 1335.54 8.09866
5477.25 1417.46 8.09866
5506.98 1497.4 0
5542.9 1575.05 0
5583.77 1650.52 0
5627.94 1724.38 0
5673.62 1797.5 0
5718.86 1871 0
5761.61 1946 0
5799.8 2023.44 0
5833.14 2103.08 -14.1913
5868.31 2182.36 -14.1913
5908.73 2259.08 -14.1913
5951.13 2334.49 -14.1913
5993.52 2409.89 -14.1913
p
24
30
5800 0 0
5793.28 68.7279 0
5786.56 137.456 0
5781.48 206.431 0
5777.94 275.574 0
5777.24 344.938 0
5779.25 414.392 0
5783.59 483.855 0
5787.91 553.356 0
5792.41 622.928 0
5796.82 692.565 0
5801.23 762.249 0
5804.75 832.005 0
5807.68 901.817 0
5810.03 971.68 0
5811.92 1041.6 0
5813.43 1111.58 0
5814.68 1181.64 0
5815.74 1251.8 0
5816.66 1322.08 0
5817.47 1392.5 0
5818.2 1463.07 0
5818.87 1533.8 0
5819.58 1604.66 0
5820.47 1675.66 0
5821.86 1746.74 0
5824.23 1817.86 0
5828.42 1888.9 0
5835.64 1959.66 0
5847.7 2029.66 -14.1913
5865.26 2098.29 -14.1913
p
25
30
6000 0 0
6003.18 80.4443 0
6006.35 160.889 0
6011.91 241.114 0
6017.6 321.209 0
6022.08 401.287 0
6024.64 481.408 0
6024.81 561.555 0
6022.57 641.738 0
6017.74 721.858 0
6010.53 801.873 0
6001.29 881.763 0
5990.48 961.537 0
5978.63 1041.23 0
5966.29 1120.88 0
5954 1200.55 0
5942.23 1280.27 0
5931.4 1360.08 0
5921.79 1439.98 0
5913.58 1519.97 0
5906.84 1600.04 0
5901.51 1680.16 0
5897.42 1760.32 0
5894.34 1840.5 0
5891.97 1920.68 0
5889.94 2000.87 14.1913
5888.42 2081.09 14.1913
5889.39 2161.3 14.1913
5894.49 2241.48 14.1913
5903.7 2321.42 14.1913
5914.02 2401.32 0
p
26
30
6200 0 0
6195.86 78.2457 0
6191.72 156.491 0
6185.71 234.75 0
6177.57 312.984 0
6168.34 391.213 0
6158.51 469.432 0
6148.46 547.668 0
6138.14 625.829 0
6127.76 703.987 0
6117.32 782.138 0
6106.91 860.291 0
6096.54 938.446 0
6086.22 1016.6 0
6075.91 1094.76 0
6065.59 1172.92 0
6055.23 1251.07 0
6044.8 1329.21 0
6034.25 1407.34 0
6023.59 1485.46 0
6012.78 1563.56 0
6001.85 1641.65 0
5990.84 1719.74 0
5979.85 1797.83 0
5969.07 1875.95 0
5958.81 1954.13 0
5949.6 2032.41 0
5942.23 2110.86 0
5937.89 2189.51 14.1913
5937.4 2268.13 14.1913
5938.63 2346.59 14.1913
p
27
30
6400 0 0
6398.95 75.4875 0
6397.89 150.975 0
6396.84 226.463 0
6395.78 301.95 0
6394.73 377.438 0
6393.67 452.925 0
6392.62 528.413 0
6391.57 603.9 0
6390.51 679.388 0
6389.46 754.875 0
6388.4 830.363 0
6387.35 905.85 0
6386.29 981.338 0
6385.24 1056.83 0
6384.19 1132.31 0
6383.13 1207.8 0
6382.08 1283.29 0
6381.02 1358.78 0
6379.97 1434.26 0
6378.92 1509.75 0
6377.86 1585.24 0
6376.81 1660.73 0
6375.75 1736.21 0
6374.7 1811.7 0
6373.64 1887.19 0
6372.59 1962.68 0
6371.54 2038.16 0
6370.48 2113.65 0
6369.43 2189.14 0
6368.37 2264.63 0
p
28
30
6600 0 0
6600.91 81.2242 0
6601.82 162.448 0
6602.73 243.673 0
6603.64 324.897 0
6604.55 406.121 0
6605.46 487.345 0
6606.37 568.57 0
6607.28 649.794 0
6608.19 731.018 0
6609.1 812.242 0
6610.01 893.467 0
6610.92 974.691 0
6611.83 1055.92 0
6612.74 1137.14 0
6613.65 1218.36 0
6614.56 1299.59 0
6615.47 1380.81 0
6616.38 1462.04 0
6617.29 1543.26 0
6618.2 1624.48 0
6619.11 1705.71 0
6620.02 1786.93 0
6620.93 1868.16 0
6621.84 1949.38 0
6622.75 2030.61 0
6623.66 2111.83 0
6624.57 2193.05 0
6625.48 2274.28 0
6626.39 2355.5 0
6627.3 2436.73 0
p
29
30
6800 0 0
6805.88 74.2492 0
6811.77 148.498 0
6815.67 222.873 0
6816.08 297.39 0
6810.38 371.819 0
6796.19 445.376 0
6778.09 518.411 0
6756.63 590.823 0
6733.79 662.928 0
6710.92 734.904 0
6689.29 806.855 0
6673.38 880 0
6665.66 954.057 0
6668.35 1028.21 0
6682.53 1101.05 0
6707.68 1171.14 0
6741.66 1237.81 0
6780.93 1301.82 0
6820.92 1365.37 0
6857.57 1430.64 0
6891.76 1497.24 0
6924.31 1564.67 0
6954.6 1633.23 0
6979.11 1704.04 0
6998.85 1776.27 0
7016.53 1849.03 0
7034.97 1921.59 0
7056.95 1993.19 0
7083.63 2063.23 0
7111.35 2132.96 0
p
30
30
7000 0 0
7008.4 64.6166 0
7016.81 129.233 0
7022.67 194.208 0
7025.48 259.488 0
7024.06 325.014 0
7014.9 390.475 0
7004.52 455.72 0
6992.34 520.771 0
6979.28 585.642 0
6965.49 650.315 0
6949.65 714.643 0
6936.48 779.296 0
6924.1 844.022 0
6911.86 908.817 0
6899.48 973.888 0
6888.54 1039.76 0
6878.75 1106.31 0
6870.75 1173.39 0
6865.71 1240.74 0
6865.64 1307.96 0
6873.95 1374.19 0
6893.19 1437.74 0
6919.83 1498.13 0
6952.62 1555.09 0
6991.16 1608.19 0
7032.25 1659.25 0
7070.89 1712 0
7100.15 1770.25 0
7115.75 1833.66 11.1126
7128.49 1898.3 11.1126
p
31
30
7200 0 0
7190.17 60.0601 0
7180.35 120.12 0
7170.98 180.27 0
7162.22 240.529 0
7154.63 300.982 0
7149.46 361.787 0
7145.92 422.733 0
7144.19 483.826 0
7144.18 545.032 0
7145.88 606.366 0
7150.2 667.944 0
7153.31 729.52 0
7155.87 791.249 0
7159.01 853.144 0
7162.9 915.16 0
7165.23 977.217 0
7166.96 1039.35 0
7168.21 1101.52 0
7169.17 1163.73 0
7170.02 1225.98 0
7170.99 1288.34 0
7172.5 1350.83 0
7173.46 1413.49 0
7173.92 1476.28 0
7173.35 1539.12 0
7171.1 1601.89 0
7166.46 1664.43 0
7158.93 1726.53 0
7149.57 1788.22 11.1126
7142.55 1849.86 11.1126
p
32
30
7400 0 0
7389.37 70.8155 0
7378.74 141.631 0
7368.94 212.576 0
7360.43 283.706 0
7354.32 355.14 0
7351.84 426.907 0
7351.47 498.702 0
7354.37 570.498 0
7361.9 642.089 0
7376.68 712.892 0
7401.77 781.405 0
7428.39 849.922 0
7455.44 918.697 0
7480.24 988.345 0
7500.41 1059.16 0
7513.35 1131.16 -7.7977
7517.11 1203.58 -7.7977
7510.78 1275.27 -7.7977
7494.04 1344.91 -7.7977
7467.13 1411.21 0
7430.78 1473.04 0
7387.3 1530.43 0
7339.7 1584.75 0
7291.24 1638.41 0
7245.33 1694.11 0
7205.59 1754.08 0
7174.15 1818.52 -11.1126
7146.9 1884.94 -11.1126
7120.91 1952.04 -11.1126
7094.84 2019.28 0
p
33
30
7600 0 0
7596.97 73.9496 0
7593.94 147.899 0
7591.09 221.836 0
7588.51 295.763 0
7586.47 369.668 0
7585.25 443.527 0
7584.14 517.437 0
7583.06 591.349 0
7581.73 665.257 0
7579.87 739.152 0
7577.19 813.021 0
7573.46 886.845 0
7568.44 960.599 0
7561.97 1034.25 0
7553.89 1107.77 0
7544.39 1181.18 7.7977
7534.38 1254.58 7.7977
7523.82 1327.96 7.7977
7512.67 1401.27 7.7977
7501.4 1474.54 0
7490.13 1547.8 0
7478.85 1621.07 0
7467.58 1694.34 0
7456.31 1767.61 0
7445.04 1840.87 0
7433.77 1914.14 0
7422.49 1987.41 0
7411.22 2060.68 0
7399.95 2133.95 0
7388.68 2207.21 0
p
34
30
7800 0 0
7807.25 72.1791 0
7814.5 144.358 0
7820.74 216.631 0
7825.28 289.025 0
7829.82 361.443 0
7834.33 433.882 0
7839.3 506.31 0
7844.58 578.737 0
7850.46 651.137 0
7857.03 723.491 0
7864.41 795.783 0
7872.65 867.993 0
7881.81 940.104 0
7891.92 1012.1 0
7902.98 1083.97 0
7915 1155.7 0
7927.93 1227.28 0
7941.75 1298.71 0
7956.39 1369.99 0
7971.78 1441.14 0
7987.83 1512.15 0
8004.44 1583.05 0
8021.51 1653.86 0
8038.92 1724.61 0
8056.54 1795.32 0
8074.24 1866.02 0
8091.89 1936.75 0
8109.46 2007.53 11.9918
8127.02 2078.32 11.9918
8144.59 2149.1 11.9918
p
35
30
8000 0 0
7999.62 64.4257 0
7999.24 128.851 0
7996.23 193.336 0
7999.73 258.446 0
8002.68 323.672 0
8006.44 389.21 0
8010.71 454.965 0
8014.85 520.827 0
8018.83 586.659 0
8022.61 652.344 0
8026.19 717.799 0
8029.65 782.994 0
8033.1 847.945 0
8036.65 912.714 0
8040.39 977.39 0
8044.4 1042.08 0
8048.73 1106.87 0
8053.39 1171.85 0
8058.36 1237.06 0
8063.58 1302.5 0
8068.98 1368.14 0
8074.48 1433.91 0
8080 1499.72 0
8085.5 1565.46 0
8091.01 1631.03 0
8096.64 1696.35 0
8102.61 1761.38 0
8109.31 1826.1 0
8117.14 1890.56 11.9918
8125.87 1954.82 11.9918
p
36
30
8200 0 0
8200.09 80.3075 0
8200.17 160.615 0
8199.76 240.892 0
8199.12 321.129 0
8198.19 401.393 0
8196.96 481.656 0
8195.4 561.917 0
8193.54 642.175 0
8191.38 722.431 0
8188.92 802.683 0
8186.17 882.93 0
8183.15 963.173 0
8179.88 1043.41 0
8176.38 1123.64 0
8172.68 1203.87 0
8168.81 1284.09 0
8164.81 1364.31 0
8160.72 1444.52 0
8156.59 1524.74 0
8152.47 1604.95 0
8148.42 1685.17 0
8144.51 1765.4 0
8140.87 1845.65 -11.9918
8137.85 1925.9 -11.9918
8135.44 2006.18 -11.9918
8133.09 2086.48 -11.9918
8130.71 2166.77 -11.9918
8128.33 2247.07 -11.9918
8125.95 2327.37 0
8123.56 2407.67 0
p
37
30
8400 0 0
8395.52 67.4914 0
8391.05 134.983 0
8386.57 202.474 0
8382.1 269.965 0
8377.62 337.457 0
8373.15 404.948 0
8368.67 472.44 0
8364.2 539.931 0
8359.72 607.422 0
8355.25 674.914 0
8350.77 742.405 0
8346.3 809.896 0
8341.82 877.388 0
8337.34 944.879 0
8332.87 1012.37 0
8328.39 1079.86 0
8323.92 1147.35 0
8319.44 1214.84 0
8314.97 1282.34 0
8310.49 1349.83 0
8306.02 1417.32 0
8301.54 1484.81 0
8297.07 1552.3 0
8292.59 1619.79 0
8288.12 1687.28 0
8283.64 1754.78 0
8279.16 1822.27 0
8274.69 1889.76 0
8270.21 1957.25 0
8265.74 2024.74 0
p
38
30
8600 0 0
8608.07 69.9402 0
8616.14 139.88 0
8624.38 209.796 0
8632.86 279.677 0
8641.79 349.504 0
8651.01 419.298 0
8660.59 489.045 0
8670.53 558.743 0
8680.85 628.39 0
8691.55 697.986 0
8702.63 767.527 0
8714.08 837.013 0
8725.91 906.442 0
8738.11 975.814 0
8750.69 1045.13 0
8763.63 1114.38 0
8776.93 1183.58 0
8790.58 1252.71 0
8804.57 1321.79 0
8818.9 1390.81 0
8833.55 1459.77 0
8848.5 1528.68 0
8863.76 1597.53 0
8879.29 1666.33 0
8895.1 1735.08 0
8911.15 1803.78 0
8927.44 1872.43 0
8943.92 1941.05 0
8960.47 2009.66 0
8977.02 2078.27 0
p
39
30
8800 0 0
8801.35 65.1086 0
8802.7 130.217 0
8804.39 195.321 0
8806.48 260.417 0
8809.15 325.495 0
8812.19 390.559 0
8815.66 455.604 0
8819.56 520.631 0
8823.85 585.639 0
8828.53 650.626 0
8833.57 715.593 0
8838.96 780.538 0
8844.68 845.462 0
8850.72 910.365 0
8857.06 975.246 0
8863.69 1040.11 0
8870.6 1104.95 0
8877.78 1169.76 0
8885.2 1234.56 0
8892.87 1299.34 0
8900.76 1364.09 0
8908.88 1428.83 0
8917.2 1493.55 0
8925.72 1558.25 0
8934.43 1622.93 0
8943.3 1687.6 0
8952.26 1752.26 -6.48314
8961.29 1816.91 -6.48314
8970.4 1881.56 0
8979.6 1946.19 0
p
40
30
9000 0 0
8996.28 59.4994 0
8992.55 118.999 0
8989.17 178.52 0
8986.2 238.064 0
8983.46 297.621 0
8981.02 357.194 0
8978.87 416.782 0
8977 476.382 0
8975.39 535.996 0
8974.03 595.62 0
8972.91 655.254 0
8972.02 714.896 0
8971.34 774.547 0
8970.86 834.206 0
8970.57 893.87 0
8970.45 953.541 0
8970.49 1013.22 0
8970.69 1072.9 0
8971.02 1132.58 0
8971.47 1192.27 0
8972.04 1251.96 0
8972.7 1311.65 0
8973.45 1371.35 0
8974.27 1431.04 0
8975.16 1490.74 0
8976.09 1550.44 0
8977.06 1610.14 0
8978.05 1669.84 0
8979.06 1729.54 6.48314
8980.08 1789.24 6.48314
p
41
30
9200 0 0
9205.62 68.2775 0
9211.23 136.555 0
9216.63 204.831 0
9221.82 273.106 0
9226.8 341.376 0
9231.59 409.632 0
9236.21 477.862 0
9240.61 546.063 0
9244.66 614.242 0
9248.21 682.422 0
9251.55 750.647 0
9254.77 818.877 0
9258.09 887.104 0
9261.73 955.313 0
9265.94 1023.49 0
9270.98 1091.61 0
9277.05 1159.65 0
9284.34 1227.58 0
9292.97 1295.36 0
9302.97 1362.97 0
9314.29 1430.38 0
9326.8 1497.6 0
9340.26 1564.65 0
9354.33 1631.58 0
9368.62 1698.46 0
9382.65 1765.39 0
9395.9 1832.45 0
9407.82 1899.75 0
9418.65 1967.21 0
9430.71 2034.64 0
p
42
30
9400 0 0
9402.63 65.1121 0
9405.27 130.224 0
9407.96 195.355 0
9410.68 260.502 0
9413.41 325.673 0
9416.08 390.877 0
9418.6 456.131 0
9420.82 521.451 0
9422.44 586.851 0
9423.17 652.324 0
9424.11 717.761 0
9425.12 783.209 0
9426.32 848.659 0
9427.73 914.107 0
9429.31 979.551 0
9430.92 1045 0
9432.82 1110.43 0
9434.89 1175.87 0
9437.11 1241.32 0
9439.42 1306.77 0
9441.78 1372.23 0
9444.12 1437.7 0
9446.39 1503.18 0
9448.52 1568.66 0
9450.41 1634.16 0
9451.98 1699.66 0
9453.11 1765.16 0
9453.63 1830.65 0
9453.35 1896.13 -4.8865
9452.27 1961.45 -4.8865
p
43
30
9600 0 0
9591.69 66.5749 0
9583.39 133.15 0
9575.34 199.745 0
9567.81 266.392 0
9561.17 333.126 0
9555.94 399.977 0
9552.65 466.949 0
9551.82 533.998 0
9553.72 601.039 0
9558.36 667.978 0
9565 734.827 0
9573.27 801.542 0
9582.56 868.155 0
9592.19 934.729 0
9601.46 1001.34 0
9609.67 1068.05 0
9616.04 1134.91 0
9619.98 1201.9 0
9620.97 1268.93 0
9618.65 1335.89 0
9612.87 1402.6 0
9603.66 1468.92 0
9591.27 1534.72 0
9576.18 1599.98 0
9559.02 1664.74 0
9540.61 1729.17 0
9521.9 1793.52 0
9503.96 1858.09 0
9487.66 1923.05 4.8865
9472.66 1988.52 4.8865
p
44
30
9800 0 0
9807.39 73.8768 0
9814.78 147.754 0
9821.36 221.705 0
9826.66 295.765 0
9829.88 369.962 0
9830.01 444.27 0
9826.59 518.562 0
9819.91 592.704 0
9810.82 666.662 0
9800.19 740.473 0
9786.84 813.884 0
9773.99 887.373 0
9762.88 961.102 0
9755.47 1035.22 0
9753.75 1109.6 0
9759.6 1183.72 0
9774.49 1256.57 0
9799.25 1326.77 0
9832.78 1393.45 0
9874.31 1455.76 0
9922.38 1513.59 0
9975.24 1567.48 0
10031.1 1618.69 0
10088 1669 0
10144 1720.56 0
10196.8 1775.56 0
10243.7 1835.86 -2.70426
10283.4 1901.45 -2.70426
10321.6 1968.24 13.0208
10362.2 2033.74 13.0208
p
45
30
10000 0 0
9993.57 62.0775 0
9987.15 124.155 0
9982.59 186.451 0
9980.05 248.915 0
9979.94 311.5 0
9982.16 374.121 0
9988.87 436.7 0
10000.7 498.899 0
10015.7 560.598 0
10032.9 621.899 0
10050.7 683.123 0
10067.7 744.6 0
10083.7 806.293 0
10098.6 868.168 0
10112.5 930.169 0
10125.6 992.246 0
10138.2 1054.36 0
10150.9 1116.48 0
10162.8 1178.81 0
10174.4 1241.37 0
10185.7 1304.19 0
10196.7 1367.3 0
10207.3 1430.73 0
10217.5 1494.46 0
10227.4 1558.45 0
10237.2 1622.61 0
10247.4 1686.78 0
10259 1750.72 0
10274 1813.87 2.70426
10293.5 1875.5 2.70426
p
46
30
10200 0 0
10211.9 72.9053 0
10223.8 145.811 0
10236.1 218.615 0
10249.2 291.274 0
10263.5 363.69 0
10280.2 435.589 0
10300.1 506.631 0
10322.4 576.915 0
10346.5 646.649 0
10371.3 716.149 0
10394.8 786.087 0
10415.9 856.708 0
10433.5 928.245 0
10446.6 1000.7 0
10454.7 1073.87 0
10458 1147.44 0
10457 1221.14 0
10452.4 1294.82 0
10444.5 1368.37 0
10433.3 1441.66 0
10419.6 1514.65 0
10404.8 1587.49 0
10390.1 1660.36 0
10376.7 1733.42 0
10365.5 1806.75 0
10357.3 1880.36 0
10352.5 1954.15 -13.0208
10351.7 2028.09 -13.0208
10356.8 2101.92 -13.0208
10364.3 2175.6 -13.0208
p
47
30
10400 0 0
10401.3 71.4572 0
10402.6 142.914 0
10405.5 214.365 0
10410.2 285.756 0
10417.2 357.01 0
10425 428.222 0
10433.9 499.393 0
10443.7 570.507 0
10453.9 641.586 0
10464 712.681 0
10473.2 783.853 0
10481.3 855.133 0
10487.6 926.549 0
10491.9 998.099 0
10493.5 1069.75 0
10492.5 1141.48 0
10490.1 1213.22 0
10486.7 1284.95 0
10482.2 1356.61 0
10476.3 1428.17 0
10469 1499.66 0
10460.6 1571.08 0
10451.6 1642.44 0
10442.1 1713.76 0
10432.3 1785.06 0
10422.4 1856.33 0
10412.6 1927.59 0
10402.6 1998.81 0
10392.8 2070.03 13.0208
10384 2141.27 13.0208
p
48
30
10600 0 0
10606.5 70.1408 0
10613 140.282 0
10619.4 210.422 0
10625.9 280.563 0
10632.4 350.704 0
10638.9 420.845 0
10645.4 490.986 0
10651.8 561.127 0
10658.3 631.267 0
10664.8 701.408 0
10671.3 771.549 0
10677.8 841.69 0
10684.3 911.831 0
10690.7 981.972 0
10697.2 1052.11 0
10703.7 1122.25 0
10710.2 1192.39 0
10716.7 1262.53 0
10723.1 1332.68 0
10729.6 1402.82 0
10736.1 1472.96 0
10742.6 1543.1 0
10749.1 1613.24 0
10755.5 1683.38 0
10762 1753.52 0
10768.5 1823.66 0
10775 1893.8 0
10781.5 1963.94 0
10787.9 2034.08 0
10794.4 2104.22 0
p
49
30
10800 0 0
10803.2 83.6128 0
10806.5 167.226 0
10809.7 250.838 0
10812.9 334.451 0
10816.2 418.064 0
10819.4 501.677 0
10822.6 585.289 0
10825.9 668.902 0
10829.1 752.515 0
10832.3 836.128 0
10835.6 919.74 0
10838.8 1003.35 0
10842.1 1086.97 0
10845.3 1170.58 0
10848.5 1254.19 0
10851.8 1337.8 0
10855 1421.42 0
10858.2 1505.03 0
10861.5 1588.64 0
10864.7 1672.26 0
10867.9 1755.87 0
10871.2 1839.48 0
10874.4 1923.09 0
10877.6 2006.71 0
10880.9 2090.32 0
10884.1 2173.93 0
10887.3 2257.54 0
10890.6 2341.16 0
10893.8 2424.77 0
10897 2508.38 0
p
50
30
11000 0 0
11000.1 76.5755 0
11000.2 153.151 0
11000.4 229.726 0
11000.5 306.302 0
11000.6 382.877 0
11000.7 459.453 0
11000.8 536.028 0
11001 612.604 0
11001.1 689.179 0
11001.2 765.755 0
11001.3 842.33 0
11001.4 918.906 0
11001.5 995.481 0
11001.7 1072.06 0
11001.8 1148.63 0
11001.9 1225.21 0
11002 1301.78 0
11002.1 1378.36 0
11002.3 1454.93 0
11002.4 1531.51 0
11002.5 1608.09 0
11002.6 1684.66 0
11002.7 1761.24 0
11002.9 1837.81 0
11003 1914.39 0
11003.1 1990.96 0
11003.2 2067.54 0
11003.3 2144.11 0
11003.5 2220.69 0
11003.6 2297.26 0
p
51
30
11200 0 0
11197.5 82.0479 0
11195 164.096 0
11192.6 246.144 0
11190.1 328.192 0
11187.6 410.24 0
11185.1 492.288 0
11182.6 574.336 0
11180.2 656.383 0
11177.7 738.431 0
11175.2 820.479 0
11172.7 902.527 0
11170.2 984.575 0
11167.8 1066.62 0
11165.3 1148.67 0
11162.8 1230.72 0
11160.3 1312.77 0
11157.8 1394.81 0
11155.4 1476.86 0
11152.9 1558.91 0
11150.4 1640.96 0
11147.9 1723.01 0
11145.4 1805.05 0
11143 1887.1 0
11140.5 1969.15 0
11138 2051.2 0
11135.5 2133.25 0
11133 2215.29 0
11130.6 2297.34 0
11128.1 2379.39 0
11125.6 2461.44 0
p
52
30
11400 0 0
11403.3 74.882 0
11406.7 149.764 0
11410 224.646 0
11413.4 299.528 0
11416.7 374.41 0
11420.1 449.292 0
11423.4 524.174 0
11426.7 599.056 0
11430.1 673.938 0
11433.4 748.82 0
11436.8 823.702 0
11440.1 898.584 0
11443.5 973.466 0
11446.8 1048.35 0
11450.1 1123.23 0
11453.5 1198.11 0
11456.8 1272.99 0
11460.2 1347.88 0
11463.5 1422.76 0
11466.9 1497.64 0
11470.2 1572.52 0
11473.5 1647.4 0
11476.9 1722.29 0
11480.2 1797.17 0
11483.6 1872.05 0
11486.9 1946.93 0
11490.2 2021.81 0
11493.6 2096.7 0
11496.9 2171.58 0
11500.3 2246.46 0
p
53
30
11600 0 0
11598.1 65.4891 0
11596.2 130.978 0
11594.2 196.467 0
11592.3 261.956 0
11590.4 327.445 0
11588.5 392.935 0
11586.5 458.424 0
11584.6 523.913 0
11582.7 589.402 0
11580.8 654.891 0
11578.8 720.38 0
11576.9 785.869 0
11575 851.358 0
11573.1 916.847 0
11571.2 982.336 0
11569.2 1047.83 0
11567.3 1113.31 0
11565.4 1178.8 0
11563.5 1244.29 0
11561.5 1309.78 0
11559.6 1375.27 0
11557.7 1440.76 0
11555.8 1506.25 0
11553.8 1571.74 0
11551.9 1637.23 0
11550 1702.72 0
11548.1 1768.21 0
11546.2 1833.69 0
11544.2 1899.18 0
11542.3 1964.67 0
p
54
30
11800 0 0
11812.7 79.4553 0
11825.5 158.911 0
11838.2 238.366 0
11850.9 317.821 0
11863.7 397.276 0
11876.4 476.732 0
11889.1 556.187 0
11901.9 635.642 0
11914.6 715.098 0
11927.3 794.553 0
11940 874.008 0
11952.8 953.463 0
11965.5 1032.92 0
11978.2 1112.37 0
11991 1191.83 0
12003.7 1271.28 0
12016.4 1350.74 0
12029.2 1430.2 0
12041.9 1509.65 0
12054.6 1589.11 0
12067.4 1668.56 0
12080.1 1748.02 0
12092.8 1827.47 0
12105.6 1906.93 0
12118.3 1986.38 0
12131 2065.84 0
12143.7 2145.29 0
12156.5 2224.75 0
12169.2 2304.2 0
12181.9 2383.66 0
p
55
30
12000 0 0
12005.9 76.5388 0
12011.7 153.078 0
12017.5 229.621 0
12023.1 306.171 0
12028.6 382.729 0
12033.9 459.295 0
12039.1 535.869 0
12044.1 612.45 0
12049 689.034 0
12053.8 765.62 0
12058.5 842.203 0
12063.2 918.776 0
12068.1 995.331 0
12073.3 1071.86 0
12079 1148.33 0
12086 1224.71 0
12094.6 1300.93 0
12105.2 1376.91 0
12118.1 1452.54 0
12133.8 1527.68 0
12152.4 1602.18 0
12174.2 1675.86 0
12199.9 1748.33 0
12229.6 1819.32 0
12263.4 1888.54 0
12301.2 1955.81 0
12342.4 2021.05 0
12386.6 2084.43 0
12433.2 2146.16 0
12481.7 2206.52 0
p
56
30
12200 0 0
12189 72.4557 0
12178 144.911 0
12167.6 217.463 0
12158 290.124 0
12149.4 362.923 0
12142.1 435.877 0
12136.3 508.986 0
12132.2 582.234 0
12130.1 655.593 0
12130 729.016 0
12132.2 802.446 0
12136.7 875.814 0
12143.6 949.049 0
12152.9 1022.08 0
12164.5 1094.82 0
12177.5 1167.33 0
12191.8 1239.63 0
12207.1 1311.72 0
12223.2 1383.62 0
12240.3 1455.31 0
12258.5 1526.73 0
12278.4 1597.76 0
12298.8 1668.62 0
12320.2 1739.23 0
12342.7 1809.54 0
12366.4 1879.48 0
12391.5 1948.95 0
12418.3 2017.82 0
12446.9 2086.04 0
12476.4 2153.87 0
p
57
30
12400 0 0
12388.2 68.913 0
12376.4 137.826 0
12364.9 206.791 0
12353.7 275.815 0
12343.1 344.915 0
12333 414.106 0
12323.6 483.398 0
12315 552.797 0
12307.4 622.307 0
12300.8 691.929 0
12295.4 761.661 0
12291.4 831.495 0
12289.2 901.412 0
12288.9 971.375 0
12291.1 1041.32 0
12295.1 1111.22 0
12301.1 1181.01 0
12309 1250.66 0
12318.6 1320.13 0
12329.7 1389.4 0
12342.2 1458.49 0
12355.7 1527.41 0
12370.1 1596.17 0
12385 1664.83 0
12400.4 1733.42 0
12415.8 1801.98 0
12431.1 1870.58 0
12446 1939.26 0
12460.2 2008.05 0
12473.7 2076.95 0
p
58
30
12600 0 0
12601.8 64.1574 0
12603.5 128.315 0
12605.3 192.472 0
12607.1 256.63 0
12608.8 320.787 0
12610.6 384.944 0
12612.4 449.102 0
12614.1 513.259 0
12615.9 577.416 0
12617.7 641.574 0
12619.4 705.731 0
12621.2 769.889 0
12622.9 834.046 0
12624.7 898.203 0
12626.5 962.361 0
12628.2 1026.52 0
12630 1090.68 0
12631.8 1154.83 0
12633.5 1218.99 0
12635.3 1283.15 0
12637.1 1347.31 0
12638.8 1411.46 0
12640.6 1475.62 0
12642.4 1539.78 0
12644.1 1603.93 0
12645.9 1668.09 0
12647.7 1732.25 0
12649.4 1796.41 0
12651.2 1860.56 0
12653 1924.72 0
p
59
30
12800 0 0
12799.7 73.4671 0
12799.3 146.934 0
12799 220.401 0
12798.7 293.868 0
12798.3 367.335 0
12798 440.802 0
12797.7 514.27 0
12797.3 587.737 0
12797 661.204 0
12796.7 734.671 0
12796.4 808.138 0
12796 881.605 0
12795.7 955.072 0
12795.4 1028.54 0
12795 1102.01 0
12794.7 1175.47 0
12794.4 1248.94 0
12794 1322.41 0
12793.7 1395.87 0
12793.4 1469.34 0
12793 1542.81 0
12792.7 1616.28 0
12792.4 1689.74 0
12792 1763.21 0
12791.7 1836.68 0
12791.4 1910.14 0
12791 1983.61 0
12790.7 2057.08 0
12790.4 2130.55 0
12790.1 2204.01 0
p
60
30
13000 0 0
13001.9 68.5339 0
13003.7 137.068 0
13005.6 205.602 0
13007.5 274.136 0
13009.3 342.669 0
13011.2 411.203 0
13013 479.737 0
13014.9 548.271 0
13016.8 616.805 0
13018.6 685.339 0
13020.5 753.873 0
13022.4 822.407 0
13024.2 890.94 0
13026.1 959.474 0
13028 1028.01 0
13029.8 1096.54 0
13031.7 1165.08 0
13033.6 1233.61 0
13035.4 1302.14 0
13037.3 1370.68 0
13039.1 1439.21 0
13041 1507.75 0
13042.9 1576.28 0
13044.7 1644.81 0
13046.6 1713.35 0
13048.5 1781.88 0
13050.3 1850.41 0
13052.2 1918.95 0
13054.1 1987.48 0
13055.9 2056.02 0
p
61
30
13200 0 0
13203.1 77.2891 0
13206.3 154.578 0
13209.4 231.867 0
13212.5 309.156 0
13215.7 386.445 0
13218.8 463.735 0
13222 541.024 0
13225.1 618.313 0
13228.2 695.602 0
13231.4 772.891 0
13234.5 850.18 0
13237.6 927.469 0
13240.8 1004.76 0
13243.9 1082.05 0
13247 1159.34 0
13250.2 1236.63 0
13253.3 1313.91 0
13256.5 1391.2 0
13259.6 1468.49 0
13262.7 1545.78 0
13265.9 1623.07 0
13269 1700.36 0
13272.1 1777.65 0
13275.3 1854.94 0
13278.4 1932.23 0
13281.5 2009.52 0
13284.7 2086.81 0
13287.8 2164.09 0
13290.9 2241.38 0
13294.1 2318.67 0
p
62
30
13400 0 0
13404.8 87.0614 0
13409.5 174.123 0
13414.3 261.184 0
13419 348.245 0
13423.8 435.307 0
13428.5 522.368 0
13433.3 609.429 0
13438 696.491 0
13442.8 783.552 0
13447.6 870.614 0
13452.3 957.675 0
13457.1 1044.74 0
13461.8 1131.8 0
13466.6 1218.86 0
13471.3 1305.92 0
13476.1 1392.98 0
13480.8 1480.04 0
13485.6 1567.1 0
13490.4 1654.17 0
13495.1 1741.23 0
13499.9 1828.29 0
13504.6 1915.35 0
13509.4 2002.41 0
13514.1 2089.47 0
13518.9 2176.53 0
13523.6 2263.6 0
13528.4 2350.66 0
13533.2 2437.72 0
13537.9 2524.78 0
13542.7 2611.84 0
p
63
30
13600 0 0
13601.9 80.7548 0
13603.9 161.51 0
13605.8 242.264 0
13607.8 323.019 0
13609.7 403.774 0
13611.7 484.529 0
13613.6 565.284 0
13615.6 646.038 0
13617.5 726.793 0
13619.5 807.548 0
13621.4 888.303 0
13623.4 969.058 0
13625.3 1049.81 0
13627.3 1130.57 0
13629.2 1211.32 0
13631.2 1292.08 0
13633.1 1372.83 0
13635.1 1453.59 0
13637 1534.34 0
13639 1615.1 0
13640.9 1695.85 0
13642.9 1776.61 0
13644.8 1857.36 0
13646.8 1938.12 0
13648.7 2018.87 0
13650.7 2099.62 0
13652.6 2180.38 0
13654.6 2261.13 0
13656.5 2341.89 0
13658.5 2422.64 0
p
64
30
13800 0 0
13793.6 74.8088 0
13787.2 149.618 0
13780.5 224.401 0
13773.5 299.156 0
13766.1 373.873 0
13758.6 448.575 0
13751 523.271 0
13743.6 597.979 0
13736.5 672.722 0
13730.1 747.524 0
13724.7 822.404 0
13720.7 897.37 0
13718.4 972.416 0
13718.3 1047.51 0
13720.6 1122.58 0
13725.8 1197.53 0
13734.1 1272.24 0
13745.7 1346.55 0
13760.9 1420.27 0
13779.4 1493.29 0
13801.3 1565.46 0
13826.4 1636.66 0
13854.5 1706.83 0
13885.3 1775.95 0
13918.4 1844.07 0
13953.5 1911.27 0
13990.1 1977.72 0
14027.8 2043.64 0
14066.1 2109.24 0
14104.8 2174.66 0
p
65
30
14000 0 0
13981 67.8439 0
13962 135.688 0
13943.8 203.745 0
13926.5 272.052 0
13910.5 340.681 0
13895.8 409.623 0
13882.6 478.901 0
13871.2 548.507 0
13861.6 618.415 0
13854 688.591 0
13848.4 758.986 0
13844.8 829.547 0
13843.3 900.216 0
13843.9 970.934 0
13846.5 1041.64 0
13851.1 1112.29 0
13857.9 1182.8 0
13866.9 1253.11 0
13878.3 1323.14 0
13891 1392.96 0
13905.3 1462.55 0
13920.8 1531.92 0
13937.4 1601.08 0
13955 1670.02 0
13973.6 1738.74 0
13993.2 1807.22 0
14013.8 1875.45 0
14035.4 1943.39 0
14058 2011.02 0
14081.4 2078.35 0
p
66
30
14200 0 0
14195.7 67.9497 0
14191.5 135.899 0
14187.3 203.85 0
14183.1 271.804 0
14179 339.761 0
14174.9 407.722 0
14171 475.687 0
14167 543.656 0
14163.2 611.629 0
14159.4 679.606 0
14155.7 747.587 0
14152 815.572 0
14148.5 883.56 0
14145 951.553 0
14141.5 1019.55 0
14138.2 1087.55 0
14134.9 1155.56 0
14131.7 1223.56 0
14128.6 1291.58 0
14125.5 1359.59 0
14122.6 1427.61 0
14119.7 1495.64 0
14116.9 1563.67 0
14114.1 1631.7 0
14111.5 1699.74 0
14108.9 1767.78 0
14106.4 1835.82 0
14104 1903.87 0
14101.7 1971.92 0
14099.5 2039.97 0
p
67
30
14400 0 0
14404.3 68.6377 0
14408.5 137.275 0
14412.8 205.913 0
14417.1 274.551 0
14421.3 343.188 0
14425.6 411.826 0
14429.9 480.464 0
14434.1 549.101 0
14438.4 617.739 0
14442.7 686.377 0
14446.9 755.014 0
14451.2 823.652 0
14455.5 892.29 0
14459.7 960.927 0
14464 1029.57 0
14468.2 1098.2 0
14472.5 1166.84 0
14476.8 1235.48 0
14481 1304.12 0
14485.3 1372.75 0
14489.6 1441.39 0
14493.8 1510.03 0
14498.1 1578.67 0
14502.4 1647.3 0
14506.6 1715.94 0
14510.9 1784.58 0
14515.2 1853.22 0
14519.4 1921.85 0
14523.7 1990.49 0
14528 2059.13 0
p
68
30
14600 0 0
14604.2 65.1167 0
14608.5 130.233 0
14612.7 195.35 0
14616.9 260.467 0
14621.2 325.583 0
14625.4 390.7 0
14629.7 455.817 0
14633.9 520.933 0
14638.1 586.05 0
14642.4 651.167 0
14646.6 716.283 0
14650.8 781.4 0
14655.1 846.517 0
14659.3 911.633 0
14663.6 976.75 0
14667.8 1041.87 0
14672 1106.98 0
14676.3 1172.1 0
14680.5 1237.22 0
14684.7 1302.33 0
14689 1367.45 0
14693.2 1432.57 0
14697.4 1497.68 0
14701.7 1562.8 0
14705.9 1627.92 0
14710.2 1693.03 0
14714.4 1758.15 0
14718.6 1823.27 0
14722.9 1888.38 0
14727.1 1953.5 0
p
69
30
14800 0 0
14814.1 71.9405 0
14828.2 143.881 0
14841.9 215.919 0
14854.9 288.069 0
14867.2 360.365 0
14878.4 432.828 0
14888.6 505.47 0
14897.4 578.292 0
14904.8 651.286 0
14910.7 724.433 0
14915.1 797.71 0
14917.7 871.085 0
14918.7 944.524 0
14917.9 1017.99 0
14915.3 1091.43 0
14910.8 1164.8 0
14904.3 1238.06 0
14895.8 1311.13 0
14885.2 1383.96 0
14873.2 1456.58 0
14859.8 1528.99 0
14845.2 1601.21 0
14829.8 1673.26 0
14813.6 1745.18 0
14796.9 1816.98 0
14779.9 1888.71 0
14762.7 1960.41 0
14745.5 2032.12 0
14728.5 2103.86 -2.60225
14711.8 2175.66 -2.60225
p
70
30
15000 0 0
15000.7 75.6248 0
15001.5 151.25 0
15002.2 226.872 0
15003 302.492 0
15003.8 378.112 0
15004.4 453.73 0
15004.9 529.349 0
15005.2 604.968 0
15005.1 680.586 0
15004.4 756.2 0
15003.2 831.808 0
15001.2 907.4 0
14998.3 982.967 0
14994.5 1058.49 0
14989.5 1133.96 0
14983.4 1209.35 0
14976 1284.64 0
14967.3 1359.8 0
14957.1 1434.79 0
14945.3 1509.56 0
14931.6 1584.04 0
14915.9 1658.15 0
14898.1 1731.82 0
14878.1 1804.96 0
14856 1877.51 0
14831.6 1949.39 0
14805.1 2020.54 0
14776.6 2090.95 0
14746.4 2160.72 2.60225
14715.8 2230.3 2.60225
p
71
30
15200 0 0
15194.6 64.1518 0
15189.1 128.304 0
15183.7 192.455 0
15178.2 256.607 0
15172.8 320.759 0
15167.3 384.911 0
15161.9 449.063 0
15156.4 513.215 0
15151 577.366 0
15145.5 641.518 0
15140.1 705.67 0
15134.6 769.822 0
15129.2 833.974 0
15123.8 898.125 0
15118.3 962.277 0
15112.9 1026.43 0
15107.4 1090.58 0
15102 1154.73 0
15096.5 1218.88 0
15091.1 1283.04 0
15085.6 1347.19 0
15080.2 1411.34 0
15074.7 1475.49 0
15069.3 1539.64 0
15063.8 1603.8 0
15058.4 1667.95 0
15052.9 1732.1 0
15047.5 1796.25 0
15042.1 1860.4 0
15036.6 1924.55 0
p
72
30
15400 0 0
15402.9 76.5972 0
15405.9 153.194 0
15408.8 229.793 0
15411.7 306.394 0
15414.5 382.995 0
15417.3 459.598 0
15420.1 536.202 0
15422.8 612.807 0
15425.5 689.412 0
15428.2 766.019 0
15430.9 842.626 0
15433.6 919.233 0
15436.3 995.841 0
15438.9 1072.45 0
15441.6 1149.06 0
15444.2 1225.67 0
15446.9 1302.27 0
15449.5 1378.88 0
15452.2 1455.49 0
15454.8 1532.1 0
15457.5 1608.71 0
15460.2 1685.31 0
15462.9 1761.92 0
15465.7 1838.52 0
15468.4 1915.13 0
15471.2 1991.73 0
15474 2068.33 0
15476.9 2144.94 0
15479.7 2221.54 0
15482.7 2298.13 0
p
73
30
15600 0 0
15597.1 77.9132 0
15594.1 155.826 0
15591.3 233.742 0
15588.5 311.659 0
15585.7 389.578 0
15583 467.499 0
15580.3 545.42 0
15577.6 623.343 0
15575 701.267 0
15572.3 779.192 0
15569.7 857.117 0
15567.1 935.042 0
15564.5 1012.97 0
15561.9 1090.89 0
15559.3 1168.82 0
15556.7 1246.74 0
15554.1 1324.67 0
15551.4 1402.59 0
15548.7 1480.51 0
15546 1558.43 0
15543.2 1636.35 0
15540.4 1714.27 0
15537.5 1792.18 0
15534.5 1870.09 0
15531.5 1948 0
15528.5 2025.91 0
15525.3 2103.82 0
15522.1 2181.72 0
15518.8 2259.62 0
15515.4 2337.51 0
p
74
30
15800 0 0
15800.3 80.0379 0
15800.6 160.076 0
15799.7 240.104 0
15796.8 320.089 0
15791 399.914 0
15782.2 479.424 0
15771.4 558.631 0
15759.3 637.781 0
15746.4 716.848 0
15733.7 795.932 0
15722 875.126 0
15711.9 954.5 0
15704.4 1034.08 0
15699.9 1113.83 0
15699.1 1193.66 0
15702.3 1273.44 0
15709.6 1353 0
15721.2 1432.16 0
15736.8 1510.78 0
15755.9 1588.76 0
15778.2 1666.12 0
15802.7 1742.93 0
15828.5 1819.39 0
15854.6 1895.78 0
15879.8 1972.41 0
15902.8 2049.61 -13.4504
15923.7 2127.31 -13.4504
15946.7 2204.54 -13.4504
15970.4 2281.88 0
15994.1 2359.22 0
p
75
30
16000 0 0
15994.1 68.818 0
15988.3 137.636 0
15982.6 206.481 0
15977.3 275.365 0
15972.6 344.324 0
15968.8 413.406 0
15965.9 482.608 0
15963.4 551.777 0
15961.5 620.967 0
15959.9 690.173 0
15958.6 759.391 0
15957.5 828.617 0
15956.6 897.849 0
15955.9 967.085 0
15955.2 1036.33 0
15954.6 1105.57 0
15954.1 1174.81 0
15953.7 1244.06 0
15953.3 1313.31 0
15952.9 1382.56 0
15952.6 1451.81 0
15952.3 1521.06 0
15952 1590.31 0
15951.8 1659.56 0
15951.6 1728.81 0
15951.4 1798.06 0
15951.2 1867.31 -13.4504
15951.2 1936.55 -13.4504
15952.2 2005.81 -13.4504
15954.6 2074.97 -13.4504
p
76
30
16200 0 0
16203.7 67.1439 0
16207.4 134.288 0
16210.8 201.447 0
16214.1 268.615 0
16217.5 335.776 0
16221.6 402.897 0
16226.4 469.975 0
16230.6 537.106 0
16234.2 604.293 0
16236.6 671.551 0
16237.6 738.874 0
16236.6 806.231 0
16233.6 873.563 0
16228.1 940.788 0
16220 1007.8 0
16210 1074.6 0
16198.1 1141.14 0
16184.4 1207.4 0
16169.3 1273.4 0
16152.8 1339.13 0
16135.1 1404.63 0
16116.5 1469.91 0
16097.1 1535 0
16077 1599.95 0
16056.4 1664.78 0
16035.4 1729.55 0
16014.1 1794.28 0
15992.8 1859.03 13.4504
15971.4 1923.8 13.4504
15949.7 1988.56 13.4504
p
77
30
16400 0 0
16393 74.3818 0
16385.9 148.764 0
16379.6 223.21 0
16374.5 297.75 0
16371.6 372.427 0
16372.7 447.214 0
16379.8 521.817 0
16389 596.301 0
16400.4 670.632 0
16412.6 744.93 0
16424.1 819.355 0
16433.6 894.031 0
16439.6 968.974 0
16440.8 1044.03 0
16436.2 1118.83 0
16425.6 1192.95 0
16408.6 1265.85 0
16385.4 1337.05 0
16356.5 1406.17 0
16322.3 1473.04 0
16283.7 1537.67 0
16241.8 1600.36 0
16197.7 1661.65 0
16152.6 1722.29 0
16107.8 1783.18 0
16064.6 1845.27 0
16024.7 1909.46 0
15988.7 1976.01 13.4504
15955.9 2044.38 13.4504
15928.9 2115.72 13.4504
p
78
30
16600 0 0
16601 75.5249 0
16601.9 151.05 0
16602.9 226.575 0
16603.9 302.1 0
16604.9 377.625 0
16605.8 453.149 0
16606.8 528.674 0
16607.8 604.199 0
16608.7 679.724 0
16609.7 755.249 0
16610.7 830.774 0
16611.7 906.299 0
16612.6 981.824 0
16613.6 1057.35 0
16614.6 1132.87 0
16615.6 1208.4 0
16616.5 1283.92 0
16617.5 1359.45 0
16618.5 1434.97 0
16619.4 1510.5 0
16620.4 1586.02 0
16621.4 1661.55 0
16622.4 1737.07 0
16623.3 1812.6 0
16624.3 1888.12 0
16625.3 1963.65 0
16626.2 2039.17 0
16627.2 2114.7 0
16628.2 2190.22 0
16629.2 2265.75 0
p
79
30
16800 0 0
16799.1 58.7839 0
16798.2 117.568 0
16797.3 176.352 0
16796.4 235.136 0
16795.5 293.92 0
16794.6 352.703 0
16793.7 411.487 0
16792.8 470.271 0
16791.9 529.055 0
16791 587.839 0
16790.1 646.623 0
16789.2 705.407 0
16788.3 764.191 0
16787.4 822.975 0
16786.5 881.759 0
16785.6 940.542 0
16784.7 999.326 0
16783.8 1058.11 0
16782.9 1116.89 0
16782 1175.68 0
16781.1 1234.46 0
16780.2 1293.25 0
16779.3 1352.03 0
16778.4 1410.81 0
16777.5 1469.6 0
16776.6 1528.38 0
16775.7 1587.17 0
16774.8 1645.95 0
16773.9 1704.73 0
16773 1763.52 0
s	0
325 328 357 361 389 394 
325 326 327 328 357 358 359 360 361 389 390 391 392 393 394 
b
3 0
0.783099 0.394383 0.840188
326 0 0 2
327 0 0 1
358 0 0 2
359 0 0 3
360 0 0 3
390 0 0 2
391 0 0 3
392 0 0 3
393 0 0 3
g
0
0.3 2 0 0 1 2 0 2 4
t
2
0
3291.01 2054.38 100
3291.01 2054.38 -100
a
6
0
328 324 361 356 394 388 
1 392 1 359 0 360 0 325 0 326 0 327 0 2640 0.5 2641 0.5 
1 391 1 358 0 359 0 360 0 325 0 2640 0.5 2641 0.5 
1 390 1 358 0 359 0 357 0 2640 0.5 2641 0.5 
1 393 1 360 0 326 0 327 0 2640 0.5 2641 0.5 
1 389 1 358 0 357 0 2640 0.5 2641 0.5 
2 358 1 391 0 390 0 389 0 2640 0.5 2641 0.5 
2 359 1 392 0 391 0 390 0 2640 0.5 2641 0.5 
2 360 1 392 0 391 0 393 0 2640 0.5 2641 0.5 
2 357 1 390 0 389 0 2640 0.5 2641 0.5 
2 325 1 392 0 391 0 2640 0.5 2641 0.5 
2 326 1 392 0 393 0 2640 0.5 2641 0.5 
2 327 1 392 0 393 0 2640 0.5 2641 0.5 
0 2640 6 392 0.5 391 0.5 390 0.5 393 0.5 389 0.5 358 0.5 359 0.5 360 0.5 357 0.5 325 0.5 326 0.5 327 0.5 
0 2641 6 392 0.5 391 0.5 390 0.5 393 0.5 389 0.5 358 0.5 359 0.5 360 0.5 357 0.5 325 0.5 326 0.5 327 0.5 
NanList DIR 0
d
42
0 0 -11.8885 0 0 -11.8885 0 0 -11.8885 0 0 -11.8885 0 0 -11.8885 0 0 11.8885 0 0 11.8885 0 0 11.8885 0 0 11.8885 0 0 11.8885 0 0 11.8885 0 0 11.8885 0 0 0 0 0 0 
s	1
425 427 455 457 
425 426 427 455 456 457 
b
2 0
0.197551 0.911647 0.79844
426 0 0 1
456 0 0 1
g
0
0.3 2 0 0 1 2 0 2 4
t
2
2
3573.3 1986.11 100
3573.3 1986.11 -100
a
4
6
427 424 457 454 
1 426 1 455 0 456 0 2640 0.5 2641 0.5 
1 425 1 455 0 2640 0.5 2641 0.5 
2 455 1 426 0 425 0 2640 0.5 2641 0.5 
2 456 1 426 0 2640 0.5 2641 0.5 
0 2640 2 426 0.5 425 0.5 455 0.5 456 0.5 
0 2641 2 426 0.5 425 0.5 455 0.5 456 0.5 
NanList DIR 0
d
18
0 0 -3.34206 0 0 -3.34206 0 0 3.34206 0 0 3.34206 0 0 0 0 0 0 
s	2
491 493 524 526 556 559 590 592 
491 492 493 524 525 526 556 557 558 559 590 591 592 
b
4 0
0.277775 0.76823 0.335223
492 0 0 3
525 0 0 3
557 0 0 1
558 0 0 3
591 0 0 2
g
0
0.3 2 0 0 1 2 0 2 4
t
2
4
3655.26 2196.12 100
3655.26 2196.12 -100
a
8
10
493 490 526 523 559 555 592 589 
1 557 1 491 0 492 0 525 0 590 0 524 0 2640 0.5 2641 0.5 
1 558 1 491 0 492 0 525 0 590 0 591 0 2640 0.5 2641 0.5 
1 556 1 524 0 2640 0.5 2641 0.5 
2 491 1 557 0 558 0 525 0 590 0 524 0 2640 0.5 2641 0.5 
2 492 1 557 0 558 0 525 0 590 0 591 0 2640 0.5 2641 0.5 
3 525 1 491 0 492 0 557 0 558 0 2640 0.5 2641 0.5 
3 524 1 491 0 557 0 556 0 2640 0.5 2641 0.5 
3 590 1 491 0 492 0 557 0 558 0 2640 0.5 2641 0.5 
3 591 1 492 0 558 0 2640 0.5 2641 0.5 
0 2640 4.5 557 0.5 558 0.5 556 0.5 491 0.5 492 0.5 525 0.5 524 0.5 590 0.5 591 0.5 
0 2641 4.5 557 0.5 558 0.5 556 0.5 491 0.5 492 0.5 525 0.5 524 0.5 590 0.5 591 0.5 
NanList DIR 0
d
33
0 0 -25.2058 0 0 -25.2058 0 0 -25.2058 0 0 0 0 0 0 0 0 13.1121 0 0 13.1121 0 0 13.1121 0 0 13.1121 0 0 0 0 0 0 
s	3
741 746 772 777 
741 742 743 744 745 746 772 773 774 775 776 777 
b
2 0
0.628871 0.477397 0.55397
742 0 0 1
743 0 0 2
744 0 0 2
745 0 0 2
773 0 0 2
774 0 0 2
775 0 0 2
776 0 0 1
g
0
0.3 2 0 0 1 2 0 2 4
t
2
6
5432.39 1232.23 100
5432.39 1232.23 -100
a
4
18
746 740 777 771 
1 742 1 772 0 773 0 2640 0.5 2641 0.5 
1 743 1 773 0 774 0 2640 0.5 2641 0.5 
1 744 1 774 0 775 0 2640 0.5 2641 0.5 
1 745 1 775 0 776 0 2640 0.5 2641 0.5 
1 741 1 772 0 2640 0.5 2641 0.5 
2 772 1 742 0 741 0 2640 0.5 2641 0.5 
2 773 1 742 0 743 0 2640 0.5 2641 0.5 
2 774 1 743 0 744 0 2640 0.5 2641 0.5 
2 775 1 744 0 745 0 2640 0.5 2641 0.5 
2 776 1 745 0 2640 0.5 2641 0.5 
0 2640 5 742 0.5 743 0.5 744 0.5 745 0.5 741 0.5 772 0.5 773 0.5 774 0.5 775 0.5 776 0.5 
0 2641 5 742 0.5 743 0.5 744 0.5 745 0.5 741 0.5 772 0.5 773 0.5 774 0.5 775 0.5 776 0.5 
NanList DIR 0
d
36
0 0 -8.09866 0 0 -8.09866 0 0 -8.09866 0 0 -8.09866 0 0 -8.09866 0 0 8.09866 0 0 8.09866 0 0 8.09866 0 0 8.09866 0 0 8.09866 0 0 0 0 0 0 
s	4
785 786 787 788 789 790 821 822 823 850 851 852 853 854 855 886 887 888 889 
785 786 787 788 789 790 821 822 823 850 851 852 853 854 855 886 887 888 889 
b
3 0
0.95223 0.513401 0.364784
786 0 0 1
787 0 0 2
788 0 0 4
789 0 0 1
853 0 0 3
854 0 0 2
887 0 0 1
888 0 0 2
b
2 0
0.717297 0.635712 0.916195
822 0 0 2
851 0 0 1
852 0 0 1
g
0
0.3 2 0 0 1 2 0 2 4
t
2
8
5903.18 2201.82 100
5903.18 2201.82 -100
a
8
22
790 784 823 820 855 849 889 885 
1 787 1 852 0 853 0 888 0 854 0 887 0 886 0 2640 0.5 2641 0.5 
1 788 1 853 0 888 0 854 0 887 0 2640 0.5 2641 0.5 
1 786 1 852 0 853 0 2640 0.5 2641 0.5 
1 785 1 852 0 2640 0.5 2641 0.5 
1 789 1 888 0 2640 0.5 2641 0.5 
2 852 1 787 0 786 0 822 0 785 0 2640 0.5 2641 0.5 
2 853 1 787 0 788 0 786 0 2640 0.5 2641 0.5 
2 851 1 821 0 822 0 2640 0.5 2641 0.5 
2 854 1 787 0 788 0 2640 0.5 2641 0.5 
2 850 1 821 0 2640 0.5 2641 0.5 
2 888 1 787 0 788 0 789 0 2640 0.5 2641 0.5 
2 887 1 787 0 788 0 2640 0.5 2641 0.5 
2 886 1 787 0 2640 0.5 2641 0.5 
1 821 1 851 0 850 0 2640 0.5 2641 0.5 
1 822 1 852 0 851 0 2640 0.5 2641 0.5 
0 2640 7.5 787 0.5 788 0.5 786 0.5 785 0.5 789 0.5 852 0.5 853 0.5 851 0.5 854 0.5 850 0.5 888 0.5 887 0.5 886 0.5 821 0.5 822 0.5 
0 2641 7.5 787 0.5 788 0.5 786 0.5 785 0.5 789 0.5 852 0.5 853 0.5 851 0.5 854 0.5 850 0.5 888 0.5 887 0.5 886 0.5 821 0.5 822 0.5 
NanList DIR 0
d
51
0 0 -14.1913 0 0 -14.1913 0 0 -14.1913 0 0 -14.1913 0 0 -14.1913 0 0 14.1913 0 0 14.1913 0 0 14.1913 0 0 14.1913 0 0 14.1913 0 0 14.1913 0 0 14.1913 0 0 14.1913 0 0 -14.1913 0 0 -14.1913 0 0 0 0 0 0 
s	5
1019 1021 1052 1054 1083 1086 
1019 1020 1021 1052 1053 1054 1083 1084 1085 1086 
b
3 0
0.0163006 0.606969 0.141603
1020 0 0 2
1053 0 0 1
1084 0 0 2
1085 0 0 1
g
0
0.3 2 0 0 1 2 0 2 4
t
2
10
7139.76 1860.79 100
7139.76 1860.79 -100
a
6
30
1021 1018 1054 1051 1086 1082 
1 1083 1 1019 0 1053 0 1052 0 2640 0.5 2641 0.5 
1 1084 1 1019 0 1020 0 1053 0 2640 0.5 2641 0.5 
1 1085 1 1020 0 2640 0.5 2641 0.5 
2 1019 1 1083 0 1084 0 2640 0.5 2641 0.5 
2 1020 1 1084 0 1085 0 2640 0.5 2641 0.5 
2 1053 1 1083 0 1084 0 2640 0.5 2641 0.5 
2 1052 1 1083 0 2640 0.5 2641 0.5 
0 2640 3.5 1083 0.5 1084 0.5 1085 0.5 1019 0.5 1020 0.5 1053 0.5 1052 0.5 
0 2641 3.5 1083 0.5 1084 0.5 1085 0.5 1019 0.5 1020 0.5 1053 0.5 1052 0.5 
NanList DIR 0
d
27
0 0 -11.1126 0 0 -11.1126 0 0 -11.1126 0 0 11.1126 0 0 11.1126 0 0 11.1126 0 0 11.1126 0 0 0 0 0 0 
s	6
1072 1076 1105 1109 
1072 1073 1074 1075 1076 1105 1106 1107 1108 1109 
b
2 0
0.804177 0.137232 0.242887
1073 0 0 1
1074 0 0 2
1075 0 0 2
1106 0 0 2
1107 0 0 2
1108 0 0 1
g
0
0.3 2 0 0 1 2 0 2 4
t
2
12
7518.82 1264.99 100
7518.82 1264.99 -100
a
4
36
1076 1071 1109 1104 
1 1073 1 1105 0 1106 0 2640 0.5 2641 0.5 
1 1074 1 1106 0 1107 0 2640 0.5 2641 0.5 
1 1075 1 1107 0 1108 0 2640 0.5 2641 0.5 
1 1072 1 1105 0 2640 0.5 2641 0.5 
2 1105 1 1073 0 1072 0 2640 0.5 2641 0.5 
2 1106 1 1073 0 1074 0 2640 0.5 2641 0.5 
2 1107 1 1074 0 1075 0 2640 0.5 2641 0.5 
2 1108 1 1075 0 2640 0.5 2641 0.5 
0 2640 4 1073 0.5 1074 0.5 1075 0.5 1072 0.5 1105 0.5 1106 0.5 1107 0.5 1108 0.5 
0 2641 4 1073 0.5 1074 0.5 1075 0.5 1072 0.5 1105 0.5 1106 0.5 1107 0.5 1108 0.5 
NanList DIR 0
d
30
0 0 -7.7977 0 0 -7.7977 0 0 -7.7977 0 0 -7.7977 0 0 7.7977 0 0 7.7977 0 0 7.7977 0 0 7.7977 0 0 0 0 0 0 
s	7
1150 1151 1152 1153 1184 1185 1186 1211 1212 1213 1214 1215 1216 1217 
1150 1151 1152 1153 1184 1185 1186 1211 1212 1213 1214 1215 1216 1217 
b
2 0
0.12979 0.400944 0.156679
1151 0 0 2
1152 0 0 3
1214 0 0 2
1215 0 0 2
1216 0 0 1
b
2 0
0.218257 0.998924 0.108809
1185 0 0 2
1212 0 0 1
1213 0 0 1
g
0
0.3 2 0 0 1 2 0 2 4
t
2
14
8130.03 2032.58 100
8130.03 2032.58 -100
a
6
40
1153 1149 1186 1183 1217 1210 
1 1213 1 1151 0 1150 0 1185 0 2640 0.5 2641 0.5 
1 1214 1 1151 0 1152 0 1150 0 2640 0.5 2641 0.5 
1 1212 1 1184 0 1185 0 2640 0.5 2641 0.5 
1 1215 1 1151 0 1152 0 2640 0.5 2641 0.5 
1 1211 1 1184 0 2640 0.5 2641 0.5 
1 1216 1 1152 0 2640 0.5 2641 0.5 
2 1151 1 1213 0 1214 0 1215 0 2640 0.5 2641 0.5 
2 1152 1 1214 0 1215 0 1216 0 2640 0.5 2641 0.5 
2 1150 1 1213 0 1214 0 2640 0.5 2641 0.5 
2 1184 1 1212 0 1211 0 2640 0.5 2641 0.5 
2 1185 1 1213 0 1212 0 2640 0.5 2641 0.5 
0 2640 5.5 1213 0.5 1214 0.5 1212 0.5 1215 0.5 1211 0.5 1216 0.5 1151 0.5 1152 0.5 1150 0.5 1184 0.5 1185 0.5 
0 2641 5.5 1213 0.5 1214 0.5 1212 0.5 1215 0.5 1211 0.5 1216 0.5 1151 0.5 1152 0.5 1150 0.5 1184 0.5 1185 0.5 
NanList DIR 0
d
39
0 0 -11.9918 0 0 -11.9918 0 0 -11.9918 0 0 -11.9918 0 0 -11.9918 0 0 -11.9918 0 0 11.9918 0 0 11.9918 0 0 11.9918 0 0 11.9918 0 0 11.9918 0 0 0 0 0 0 
s	8
1314 1316 1349 1351 
1314 1315 1316 1349 1350 1351 
b
2 0
0.61264 0.839112 0.512932
1315 0 0 1
1350 0 0 1
g
0
0.3 2 0 0 1 2 0 2 4
t
2
16
8968.17 1771.99 100
8968.17 1771.99 -100
a
4
46
1316 1313 1351 1348 
1 1314 1 1350 0 1349 0 2640 0.5 2641 0.5 
1 1315 1 1350 0 2640 0.5 2641 0.5 
2 1350 1 1314 0 1315 0 2640 0.5 2641 0.5 
2 1349 1 1314 0 2640 0.5 2641 0.5 
0 2640 2 1314 0.5 1315 0.5 1350 0.5 1349 0.5 
0 2641 2 1314 0.5 1315 0.5 1350 0.5 1349 0.5 
NanList DIR 0
d
18
0 0 -6.48314 0 0 -6.48314 0 0 6.48314 0 0 6.48314 0 0 0 0 0 0 
s	9
1415 1417 1448 1450 
1415 1416 1417 1448 1449 1450 
b
2 0
0.524287 0.637552 0.296032
1416 0 0 1
1449 0 0 1
g
0
0.3 2 0 0 1 2 0 2 4
t
2
18
9466.49 1942.29 100
9466.49 1942.29 -100
a
4
50
1417 1414 1450 1447 
1 1416 1 1448 0 1449 0 2640 0.5 2641 0.5 
1 1415 1 1448 0 2640 0.5 2641 0.5 
2 1448 1 1416 0 1415 0 2640 0.5 2641 0.5 
2 1449 1 1416 0 2640 0.5 2641 0.5 
0 2640 2 1416 0.5 1415 0.5 1448 0.5 1449 0.5 
0 2641 2 1416 0.5 1415 0.5 1448 0.5 1449 0.5 
NanList DIR 0
d
18
0 0 -4.8865 0 0 -4.8865 0 0 4.8865 0 0 4.8865 0 0 0 0 0 0 
s	10
1479 1481 1514 1516 
1479 1480 1481 1514 1515 1516 
b
2 0
0.292517 0.972775 0.493583
1480 0 0 1
1515 0 0 1
g
0
0.3 2 0 0 1 2 0 2 4
t
2
20
10273.7 1856.67 100
10273.7 1856.67 -100
a
4
54
1481 1478 1516 1513 
1 1479 1 1515 0 1514 0 2640 0.5 2641 0.5 
1 1480 1 1515 0 2640 0.5 2641 0.5 
2 1515 1 1479 0 1480 0 2640 0.5 2641 0.5 
2 1514 1 1479 0 2640 0.5 2641 0.5 
0 2640 2 1479 0.5 1480 0.5 1515 0.5 1514 0.5 
0 2641 2 1479 0.5 1480 0.5 1515 0.5 1514 0.5 
NanList DIR 0
d
18
0 0 -2.70426 0 0 -2.70426 0 0 2.70426 0 0 2.70426 0 0 0 0 0 0 
s	11
1481 1482 1483 1545 1546 1547 1548 1549 1580 1581 1582 
1481 1482 1483 1545 1546 1547 1548 1549 1580 1581 1582 
b
2 0
0.769914 0.526745 0.771358
1482 0 0 2
1546 0 0 1
1547 0 0 1
b
2 0
0.283315 0.891529 0.400229
1548 0 0 1
1581 0 0 1
g
0
0.3 2 0 0 1 2 0 2 4
t
2
22
10360.7 2059.13 100
10360.7 2059.13 -100
a
5
58
1483 1549 1544 1582 1579 
1 1547 1 1482 0 1581 0 1580 0 2640 0.5 2641 0.5 
1 1545 1 1482 0 1481 0 2640 0.5 2641 0.5 
1 1546 1 1482 0 1481 0 2640 0.5 2641 0.5 
1 1548 1 1581 0 2640 0.5 2641 0.5 
2 1482 1 1547 0 1545 0 1546 0 2640 0.5 2641 0.5 
2 1481 1 1545 0 1546 0 2640 0.5 2641 0.5 
2 1581 1 1547 0 1548 0 2640 0.5 2641 0.5 
2 1580 1 1547 0 2640 0.5 2641 0.5 
0 2640 4 1547 0.5 1545 0.5 1546 0.5 1548 0.5 1482 0.5 1481 0.5 1581 0.5 1580 0.5 
0 2641 4 1547 0.5 1545 0.5 1546 0.5 1548 0.5 1482 0.5 1481 0.5 1581 0.5 1580 0.5 
NanList DIR 0
d
30
0 0 -13.0208 0 0 -13.0208 0 0 -13.0208 0 0 -13.0208 0 0 13.0208 0 0 13.0208 0 0 13.0208 0 0 13.0208 0 0 0 0 0 0 
s	12
2306 2308 2339 2341 
2306 2307 2308 2339 2340 2341 
b
2 0
0.919026 0.807725 0.352458
2307 0 0 1
2340 0 0 1
g
0
0.3 2 0 0 1 2 0 2 4
t
2
24
14725.6 2167.64 100
14725.6 2167.64 -100
a
4
63
2308 2305 2341 2338 
1 2307 1 2339 0 2340 0 2640 0.5 2641 0.5 
1 2306 1 2339 0 2640 0.5 2641 0.5 
2 2339 1 2307 0 2306 0 2640 0.5 2641 0.5 
2 2340 1 2307 0 2640 0.5 2641 0.5 
0 2640 2 2307 0.5 2306 0.5 2339 0.5 2340 0.5 
0 2641 2 2307 0.5 2306 0.5 2339 0.5 2340 0.5 
NanList DIR 0
d
18
0 0 -2.60225 0 0 -2.60225 0 0 2.60225 0 0 2.60225 0 0 0 0 0 0 
s	13
2468 2471 2502 2506 2536 2539 2569 2572 
2468 2469 2470 2471 2502 2503 2504 2505 2506 2536 2537 2538 2539 2569 2570 2571 2572 
b
4 0
0.525995 0.949327 0.0697553
2469 0 0 1
2470 0 0 1
2503 0 0 2
2504 0 0 3
2505 0 0 3
2537 0 0 2
2538 0 0 3
2570 0 0 2
2571 0 0 3
g
0
0.3 2 0 0 1 2 0 2 4
t
2
26
15951.5 2013.35 100
15951.5 2013.35 -100
a
8
67
2471 2467 2506 2501 2539 2535 2572 2568 
1 2504 1 2571 0 2570 0 2537 0 2538 0 2569 0 2640 0.5 2641 0.5 
1 2503 1 2537 0 2538 0 2536 0 2569 0 2640 0.5 2641 0.5 
1 2505 1 2571 0 2570 0 2538 0 2640 0.5 2641 0.5 
1 2502 1 2537 0 2536 0 2640 0.5 2641 0.5 
2 2571 1 2504 0 2505 0 2468 0 2469 0 2470 0 2640 0.5 2641 0.5 
2 2570 1 2504 0 2505 0 2468 0 2469 0 2640 0.5 2641 0.5 
2 2569 1 2504 0 2503 0 2640 0.5 2641 0.5 
2 2537 1 2504 0 2503 0 2502 0 2640 0.5 2641 0.5 
2 2538 1 2504 0 2503 0 2505 0 2640 0.5 2641 0.5 
2 2536 1 2503 0 2502 0 2640 0.5 2641 0.5 
1 2468 1 2571 0 2570 0 2640 0.5 2641 0.5 
1 2469 1 2571 0 2570 0 2640 0.5 2641 0.5 
1 2470 1 2571 0 2640 0.5 2641 0.5 
0 2640 6.5 2504 0.5 2503 0.5 2505 0.5 2502 0.5 2571 0.5 2570 0.5 2569 0.5 2537 0.5 2538 0.5 2536 0.5 2468 0.5 2469 0.5 2470 0.5 
0 2641 6.5 2504 0.5 2503 0.5 2505 0.5 2502 0.5 2571 0.5 2570 0.5 2569 0.5 2537 0.5 2538 0.5 2536 0.5 2468 0.5 2469 0.5 2470 0.5 
NanList DIR 0
d
45
0 0 -13.4504 0 0 -13.4504 0 0 -13.4504 0 0 -13.4504 0 0 13.4504 0 0 13.4504 0 0 13.4504 0 0 13.4504 0 0 13.4504 0 0 13.4504 0 0 -13.4504 0 0 -13.4504 0 0 -13.4504 0 0 0 0 0 0 
