33 0.3 0.1 0.3 1 0 17 1
p
0
30
1000 0 0
997.99 66.7887 0
995.98 133.577 0
995.223 200.404 0
994.817 267.239 0
995.069 334.089 0
995.989 400.951 0
997.588 467.821 0
999.875 534.692 0
1002.86 601.559 0
1006.56 668.413 0
1010.97 735.246 0
1016.11 802.05 0
1021.8 868.829 0
1027.98 935.583 0
1034.58 1002.31 0
1041.5 1069.03 0
1048.65 1135.73 0
1055.94 1202.42 0
1063.29 1269.11 0
1070.6 1335.8 0
1077.79 1402.5 0
1084.77 1469.22 0
1091.44 1535.97 0
1097.73 1602.73 0
1103.53 1669.53 0
1108.76 1736.36 0
1113.33 1803.21 0
1117.15 1870.09 0
1120.14 1936.99 0
1122.36 2003.9 0
p
1
30
1200 0 0
1214.07 76.3126 0
1228.14 152.625 0
1242.22 228.938 0
1256.29 305.251 0
1270.36 381.563 0
1284.43 457.876 0
1298.51 534.189 0
1312.58 610.501 0
1326.65 686.814 0
1340.72 763.126 0
1354.8 839.439 0
1368.87 915.752 0
1382.94 992.064 0
1397.01 1068.38 0
1411.09 1144.69 0
1425.16 1221 0
1439.23 1297.32 0
1453.3 1373.63 0
1467.38 1449.94 0
1481.45 1526.25 0
1495.52 1602.57 0
1509.59 1678.88 0
1523.66 1755.19 0
1537.74 1831.5 0
1551.81 1907.82 0
1565.88 1984.13 0
1579.95 2060.44 0
1594.03 2136.75 0
1608.1 2213.07 0
1622.17 2289.38 0
p
2
30
1400 0 0
1410.2 86.1736 0
1420.41 172.347 0
1430.61 258.521 0
1440.81 344.695 0
1451.01 430.868 0
1461.22 517.042 0
1471.42 603.215 0
1481.62 689.389 0
1491.82 775.563 0
1502.03 861.736 0
1512.23 947.91 0
1522.43 1034.08 0
1532.63 1120.26 0
1542.84 1206.43 0
1553.04 1292.6 0
1563.24 1378.78 0
1573.44 1464.95 0
1583.65 1551.13 0
1593.85 1637.3 0
1604.05 1723.47 0
1614.25 1809.65 0
1624.46 1895.82 0
1634.66 1981.99 0
1644.86 2068.17 0
1655.06 2154.34 0
1665.27 2240.51 0
1675.47 2326.69 0
1685.67 2412.86 0
1695.87 2499.04 0
1706.08 2585.21 0
p
3
30
1600 0 0
1605.92 76.139 0
1611.84 152.278 0
1617.76 228.417 0
1623.68 304.556 0
1629.6 380.695 0
1635.52 456.834 0
1641.44 532.973 0
1647.36 609.112 0
1653.28 685.251 0
1659.2 761.39 0
1665.12 837.529 0
1671.04 913.669 0
1676.96 989.808 0
1682.88 1065.95 0
1688.8 1142.09 0
1694.72 1218.22 0
1700.64 1294.36 0
1706.56 1370.5 0
1712.49 1446.64 0
1718.41 1522.78 0
1724.33 1598.92 0
1730.25 1675.06 0
1736.17 1751.2 0
1742.09 1827.34 0
1748.01 1903.48 0
1753.93 1979.62 0
1759.85 2055.75 0
1765.77 2131.89 0
1771.69 2208.03 0
1777.61 2284.17 0
p
4
30
1800 0 0
1807.47 81.4845 0
1814.93 162.969 0
1822.4 244.454 0
1829.86 325.938 0
1837.33 407.423 0
1844.79 488.907 0
1852.26 570.392 0
1859.72 651.876 0
1867.19 733.361 0
1874.65 814.845 0
1882.12 896.33 0
1889.58 977.814 0
1897.05 1059.3 0
1904.51 1140.78 0
1911.98 1222.27 0
1919.44 1303.75 0
1926.91 1385.24 0
1934.37 1466.72 0
1941.84 1548.21 0
1949.3 1629.69 0
1956.77 1711.18 0
1964.23 1792.66 0
1971.7 1874.14 0
1979.16 1955.63 0
1986.63 2037.11 0
1994.09 2118.6 0
2001.56 2200.08 0
2009.02 2281.57 0
2016.49 2363.05 0
2023.95 2444.54 0
p
5
30
2000 0 0
2000.99 69.4152 0
2001.99 138.83 0
2002.98 208.246 0
2003.97 277.661 0
2004.96 347.076 0
2005.96 416.491 0
2006.95 485.907 0
2007.94 555.322 0
2008.94 624.737 0
2009.93 694.152 0
2010.92 763.568 0
2011.92 832.983 0
2012.91 902.398 0
2013.9 971.813 0
2014.89 1041.23 0
2015.89 1110.64 0
2016.88 1180.06 0
2017.87 1249.47 0
2018.87 1318.89 0
2019.86 1388.3 0
2020.85 1457.72 0
2021.85 1527.14 0
2022.84 1596.55 0
2023.83 1665.97 0
2024.82 1735.38 0
2025.82 1804.8 0
2026.81 1874.21 0
2027.8 1943.63 0
2028.8 2013.04 0
2029.79 2082.46 0
p
6
30
2200 0 0
2211.1 66.8847 0
2222.21 133.769 0
2233.09 200.69 0
2243.86 267.629 0
2254.45 334.597 0
2264.85 401.596 0
2275.01 468.631 0
2284.92 535.704 0
2294.55 602.818 0
2303.87 669.977 0
2312.85 737.182 0
2321.47 804.436 0
2329.69 871.74 0
2337.48 939.096 0
2344.82 1006.51 0
2351.67 1073.97 0
2357.97 1141.49 0
2363.55 1209.08 0
2368.32 1276.73 0
2372.22 1344.45 0
2375.88 1412.18 0
2379.43 1479.92 0
2383.19 1547.65 0
2387.45 1615.34 0
2392.5 1682.98 0
2398.64 1750.52 0
2406.16 1817.92 0
2415.35 1885.1 0
2426.49 1951.98 -6.20557
2439.44 2018.54 -6.20557
p
7
30
2400 0 0
2396.3 66.9642 0
2392.61 133.928 0
2389.37 200.919 0
2386.36 267.92 0
2383.7 334.938 0
2381.43 401.972 0
2379.6 469.022 0
2378.23 536.086 0
2377.38 603.16 0
2377.07 670.24 0
2377.33 737.324 0
2378.21 804.404 0
2379.73 871.475 0
2381.92 938.529 0
2384.8 1005.56 0
2388.42 1072.56 0
2392.83 1139.52 0
2398.19 1206.41 0
2404.58 1273.21 0
2412.05 1339.92 0
2419.9 1406.58 0
2427.95 1473.22 0
2435.88 1539.88 0
2443.35 1606.59 0
2450.01 1673.37 0
2455.55 1740.25 0
2459.6 1807.22 0
2461.84 1874.27 0
2461.91 1941.34 6.20557
2459.96 2008.38 6.20557
p
8
30
2600 0 0
2604.67 62.0585 0
2609.34 124.117 0
2614.01 186.176 0
2618.68 248.234 0
2623.35 310.293 0
2628.02 372.351 0
2632.69 434.41 0
2637.36 496.468 0
2642.03 558.527 0
2646.7 620.585 0
2651.37 682.644 0
2656.04 744.702 0
2660.71 806.761 0
2665.38 868.819 0
2670.05 930.878 0
2674.73 992.936 0
2679.4 1054.99 0
2684.07 1117.05 0
2688.74 1179.11 0
2693.41 1241.17 0
2698.08 1303.23 0
2702.75 1365.29 0
2707.42 1427.35 0
2712.09 1489.4 0
2716.76 1551.46 0
2721.43 1613.52 0
2726.1 1675.58 0
2730.77 1737.64 0
2735.44 1799.7 0
2740.11 1861.76 0
p
9
30
2800 0 0
2802.13 50.749 0
2804.27 101.498 0
2806.4 152.247 0
2808.54 202.996 0
2810.67 253.745 0
2812.8 304.494 0
2814.94 355.243 0
2817.07 405.992 0
2819.21 456.741 0
2821.34 507.49 0
2823.47 558.239 0
2825.61 608.988 0
2827.74 659.737 0
2829.88 710.486 0
2832.01 761.235 0
2834.14 811.984 0
2836.28 862.733 0
2838.41 913.482 0
2840.55 964.231 0
2842.68 1014.98 0
2844.81 1065.73 0
2846.95 1116.48 0
2849.08 1167.23 0
2851.22 1217.98 0
2853.35 1268.73 0
2855.48 1319.47 0
2857.62 1370.22 0
2859.75 1420.97 0
2861.89 1471.72 0
2864.02 1522.47 0
p
10
30
3000 0 0
2999.23 76.4495 0
2998.47 152.899 0
2997.66 229.346 0
2996.85 305.793 0
2996.08 382.239 0
2995.43 458.684 0
2995.03 535.13 0
2995.02 611.577 0
2995.59 688.021 0
2996.95 764.455 0
2999.35 840.866 0
3003.04 917.231 0
3008.28 993.513 0
3015.32 1069.66 0
3024.41 1145.61 0
3035.77 1221.27 0
3049.58 1296.56 0
3066.01 1371.35 0
3085.13 1445.54 0
3106.96 1519.04 0
3131.52 1591.73 0
3158.75 1663.52 0
3188.56 1734.34 0
3220.82 1804.16 0
3255.35 1872.95 0
3291.93 1940.74 0
3330.33 2007.59 0
3370.25 2073.59 0
3411.28 2138.96 0
3452.67 2204.14 0
p
11
30
3200 0 0
3186.26 71.3679 0
3172.52 142.736 0
3159.42 214.228 0
3147.09 285.863 0
3135.81 357.681 0
3125.85 429.705 0
3117.41 501.941 0
3110.7 574.379 0
3105.88 646.992 0
3103.06 719.738 0
3102.34 792.566 0
3103.79 865.416 0
3107.42 938.223 0
3113.27 1010.92 0
3121.35 1083.44 0
3131.67 1155.71 0
3144.28 1227.66 0
3159.25 1299.19 0
3176.72 1370.2 0
3195.78 1440.84 0
3216.4 1511.08 0
3238.33 1580.96 0
3261.39 1650.51 0
3285.4 1719.78 0
3310.23 1788.78 0
3335.77 1857.55 0
3361.91 1926.11 0
3388.55 1994.5 0
3415.59 2062.74 0
3442.86 2130.88 0
p
12
30
3400 0 0
3405.27 65.2248 0
3410.54 130.45 0
3415.46 195.705 0
3419.97 260.993 0
3424.24 326.297 0
3428.21 391.623 0
3431.89 456.969 0
3435.3 522.333 0
3438.44 587.715 0
3441.33 653.113 0
3443.98 718.526 0
3446.4 783.951 0
3448.61 849.39 0
3450.62 914.839 0
3452.45 980.3 0
3454.09 1045.77 0
3455.57 1111.25 0
3456.9 1176.73 0
3458.08 1242.23 0
3459.14 1307.73 0
3460.07 1373.23 0
3460.9 1438.74 0
3461.63 1504.26 0
3462.27 1569.77 0
3462.84 1635.3 0
3463.35 1700.82 0
3463.81 1766.35 0
3464.22 1831.88 0
3464.6 1897.41 0
3464.97 1962.94 0
p
13
30
3600 0 0
3599.2 70.5832 0
3598.41 141.166 0
3597.34 211.744 0
3595.92 282.315 0
3594.31 352.883 0
3592.42 423.448 0
3590.28 494.006 0
3587.87 564.56 0
3585.22 635.107 0
3582.32 705.648 0
3579.19 776.183 0
3575.82 846.711 0
3572.22 917.232 0
3568.41 987.746 0
3564.38 1058.25 0
3560.14 1128.75 0
3555.71 1199.25 0
3551.08 1269.73 0
3546.27 1340.21 0
3541.28 1410.68 0
3536.12 1481.14 0
3530.8 1551.6 0
3525.33 1622.05 0
3519.71 1692.49 0
3513.96 1762.93 0
3508.08 1833.36 0
3502.08 1903.79 0
3495.98 1974.21 0
3489.84 2044.63 0
3483.7 2115.05 0
p
14
30
3800 0 0
3802.88 84.8311 0
3805.76 169.662 0
3807.62 254.522 0
3808.11 339.408 0
3806.57 424.299 0
3802.29 509.125 0
3794.55 593.756 0
3782.87 677.996 0
3767.38 761.687 0
3749.15 844.866 0
3731.89 928.266 0
3717.63 1012.2 0
3709.03 1096.84 0
3708.5 1181.87 0
3716.13 1266.55 0
3732.89 1349.99 0
3758.79 1431.21 0
3793.31 1509.43 0
3835.48 1584.14 0
3883.99 1655.28 0
3937.28 1723.3 0
3993.68 1789.08 0
4051.42 1853.89 0
4108.65 1919.21 0
4163.39 1986.57 0
4214.67 2056.46 13.6023
4265.48 2126.81 13.6023
4316.62 2196.98 13.6023
4367.85 2267.13 0
4419.07 2337.28 0
p
15
30
4000 0 0
3992.74 70.6795 0
3985.48 141.359 0
3979.49 212.186 0
3974.98 283.15 0
3972.33 354.248 0
3971.87 425.446 0
3973.87 496.691 0
3978.66 567.907 0
3986.48 638.993 0
3997.41 709.833 0
4008.57 780.634 0
4020.06 851.424 0
4031.5 922.23 0
4042.87 993.04 0
4053.11 1064 0
4062.53 1135.1 0
4071.18 1206.33 0
4079.2 1277.7 0
4086.78 1349.21 0
4094.16 1420.84 0
4101.68 1492.57 0
4109.77 1564.33 0
4119.05 1636.02 0
4130.42 1707.47 0
4145.17 1778.34 0
4165.15 1847.97 0
4191.4 1915.66 13.6023
4220.84 1982.15 13.6023
4253.12 2047.31 13.6023
4287.25 2111.49 13.6023
p
16
30
4200 0 0
4199.33 71.5079 0
4198.66 143.016 0
4197.81 214.518 0
4196.72 286.014 0
4195.32 357.502 0
4193.55 428.978 0
4191.38 500.439 0
4188.92 571.884 0
4186.46 643.325 0
4184.39 714.776 0
4182.5 786.238 0
4180.98 857.71 0
4179.88 929.192 0
4179.27 1000.68 0
4179.19 1072.18 0
4179.68 1143.67 0
4180.76 1215.16 0
4182.46 1286.64 0
4184.79 1358.11 0
4187.75 1429.55 0
4191.34 1500.97 0
4195.53 1572.37 0
4200.32 1643.72 0
4205.68 1715.05 0
4211.58 1786.33 0
4217.98 1857.58 0
4225.1 1928.72 -13.6023
4234.33 1999.68 -13.6023
4246.61 2070.29 -13.6023
4259.85 2140.75 -13.6023
p
17
30
4400 0 0
4400.51 72.0837 0
4401.02 144.167 0
4401.53 216.251 0
4402.04 288.335 0
4402.55 360.418 0
4403.06 432.502 0
4403.57 504.586 0
4404.08 576.669 0
4404.6 648.753 0
4405.11 720.837 0
4405.62 792.921 0
4406.13 865.004 0
4406.64 937.088 0
4407.15 1009.17 0
4407.66 1081.26 0
4408.17 1153.34 0
4408.68 1225.42 0
4409.19 1297.51 0
4409.7 1369.59 0
4410.21 1441.67 0
4410.72 1513.76 0
4411.23 1585.84 0
4411.74 1657.92 0
4412.25 1730.01 0
4412.77 1802.09 0
4413.28 1874.18 0
4413.79 1946.26 0
4414.3 2018.34 0
4414.81 2090.43 0
4415.32 2162.51 0
p
18
30
4600 0 0
4607.5 83.7591 0
4615 167.518 0
4622.91 251.237 0
4631.39 334.902 0
4640.17 418.539 0
4649.37 502.135 0
4658.97 585.689 0
4668.97 669.203 0
4679.36 752.676 0
4690.12 836.108 0
4701.25 919.5 0
4712.72 1002.85 0
4724.54 1086.17 0
4736.69 1169.44 0
4749.15 1252.68 0
4761.91 1335.88 0
4774.97 1419.05 0
4788.29 1502.18 0
4801.88 1585.28 0
4815.72 1668.35 0
4829.79 1751.38 0
4844.08 1834.39 0
4858.57 1917.38 0
4873.25 2000.33 0
4888.1 2083.27 0
4903.11 2166.18 0
4918.26 2249.08 0
4933.52 2331.96 0
4948.82 2414.83 0
4964.13 2497.71 0
p
19
30
4800 0 0
4800.84 77.7286 0
4801.67 155.457 0
4803.04 233.183 0
4805.02 310.9 0
4807.34 388.61 0
4810.1 466.309 0
4813.3 543.998 0
4816.9 621.675 0
4820.88 699.342 0
4825.23 776.996 0
4829.92 854.639 0
4834.94 932.27 0
4840.27 1009.89 0
4845.89 1087.5 0
4851.78 1165.09 0
4857.93 1242.67 0
4864.31 1320.25 0
4870.92 1397.81 0
4877.73 1475.36 0
4884.73 1552.91 0
4891.9 1630.44 0
4899.23 1707.97 0
4906.71 1785.49 0
4914.31 1863 0
4922.02 1940.5 0
4929.83 2018 -12.6444
4937.72 2095.5 -12.6444
4945.68 2172.99 -12.6444
4953.7 2250.48 -12.6444
4961.74 2327.97 -12.6444
p
20
30
5000 0 0
4998.63 75.582 0
4997.27 151.164 0
4995.9 226.746 0
4994.53 302.328 0
4993.17 377.91 0
4991.8 453.492 0
4990.43 529.074 0
4989.07 604.656 0
4987.7 680.238 0
4986.33 755.82 0
4984.96 831.402 0
4983.6 906.984 0
4982.23 982.566 0
4980.86 1058.15 0
4979.5 1133.73 0
4978.13 1209.31 0
4976.76 1284.89 0
4975.4 1360.48 0
4974.03 1436.06 0
4972.66 1511.64 0
4971.3 1587.22 0
4969.93 1662.8 0
4968.56 1738.39 0
4967.2 1813.97 0
4965.83 1889.55 0
4964.46 1965.13 0
4963.09 2040.71 12.6444
4961.73 2116.3 12.6444
4960.36 2191.88 12.6444
4958.99 2267.46 12.6444
p
21
30
5200 0 0
5200.14 77.3128 0
5200.28 154.626 0
5200.43 231.939 0
5200.57 309.251 0
5200.71 386.564 0
5200.85 463.877 0
5200.99 541.19 0
5201.14 618.503 0
5201.28 695.816 0
5201.42 773.128 0
5201.56 850.441 0
5201.7 927.754 0
5201.85 1005.07 0
5201.99 1082.38 0
5202.13 1159.69 0
5202.27 1237.01 0
5202.42 1314.32 0
5202.56 1391.63 0
5202.7 1468.94 0
5202.84 1546.26 0
5202.98 1623.57 0
5203.13 1700.88 0
5203.27 1778.2 0
5203.41 1855.51 0
5203.55 1932.82 0
5203.69 2010.13 0
5203.84 2087.45 0
5203.98 2164.76 0
5204.12 2242.07 0
5204.26 2319.39 0
p
22
30
5400 0 0
5403.74 67.2694 0
5407.48 134.539 0
5411.22 201.808 0
5414.97 269.078 0
5418.71 336.347 0
5422.45 403.617 0
5426.19 470.886 0
5429.93 538.156 0
5433.67 605.425 0
5437.41 672.694 0
5441.15 739.964 0
5444.9 807.233 0
5448.64 874.503 0
5452.38 941.772 0
5456.12 1009.04 0
5459.86 1076.31 0
5463.6 1143.58 0
5467.34 1210.85 0
5471.09 1278.12 0
5474.83 1345.39 0
5478.57 1412.66 0
5482.31 1479.93 0
5486.05 1547.2 0
5489.79 1614.47 0
5493.53 1681.74 0
5497.28 1749.01 0
5501.02 1816.27 0
5504.76 1883.54 0
5508.5 1950.81 0
5512.24 2018.08 0
p
23
30
5600 0 0
5600.43 70.3813 0
5600.86 140.763 0
5601.28 211.144 0
5601.71 281.525 0
5602.14 351.907 0
5602.57 422.288 0
5603 492.669 0
5603.43 563.051 0
5603.85 633.432 0
5604.28 703.813 0
5604.71 774.195 0
5605.14 844.576 0
5605.57 914.957 0
5606 985.339 0
5606.42 1055.72 0
5606.85 1126.1 0
5607.28 1196.48 0
5607.71 1266.86 0
5608.14 1337.25 0
5608.57 1407.63 0
5608.99 1478.01 0
5609.42 1548.39 0
5609.85 1618.77 0
5610.28 1689.15 0
5610.71 1759.53 0
5611.14 1829.91 0
5611.56 1900.3 0
5611.99 1970.68 0
5612.42 2041.06 0
5612.85 2111.44 0
p
24
30
5800 0 0
5808.99 74.2465 0
5817.99 148.493 0
5826.98 222.739 0
5835.98 296.986 0
5844.97 371.232 0
5853.96 445.479 0
5862.96 519.725 0
5871.95 593.972 0
5880.95 668.218 0
5889.94 742.465 0
5898.94 816.711 0
5907.93 890.958 0
5916.92 965.204 0
5925.92 1039.45 0
5934.91 1113.7 0
5943.91 1187.94 0
5952.9 1262.19 0
5961.89 1336.44 0
5970.89 1410.68 0
5979.88 1484.93 0
5988.88 1559.18 0
5997.87 1633.42 0
6006.86 1707.67 0
6015.86 1781.92 0
6024.85 1856.16 0
6033.85 1930.41 0
6042.84 2004.65 0
6051.84 2078.9 0
6060.83 2153.15 0
6069.82 2227.39 0
p
25
30
6000 0 0
6010.52 83.3042 0
6021.04 166.608 0
6031.24 249.889 0
6039.89 333.325 0
6047 416.895 0
6051.77 500.586 0
6053.62 584.345 0
6052.83 668.213 0
6049.45 752.074 0
6044.68 835.912 0
6039.56 919.725 0
6035.41 1003.54 0
6033.61 1087.37 0
6035.4 1171.11 0
6041.77 1254.58 0
6053.28 1337.5 0
6069.27 1419.78 0
6086.33 1501.92 -1.75849
6102.67 1584.14 -1.75849
6116.98 1666.65 -1.75849
6130.32 1749.43 0
6142.66 1832.36 0
6154.56 1915.36 0
6166.75 1998.32 0
6180.06 2081.12 0
6195.33 2163.59 0
6213.3 2245.55 0
6234.53 2326.79 0
6258.19 2407.44 8.83997
6280.25 2488.73 8.83997
p
26
30
6200 0 0
6197.69 82.7437 0
6195.37 165.487 0
6189.72 248.274 0
6180.69 330.901 0
6170.54 413.457 0
6158.72 495.98 0
6146.26 578.606 0
6134.07 661.186 0
6122.1 743.793 0
6112 826.61 0
6103.61 909.631 -8.04762
6097.37 992.881 -8.04762
6093.35 1076.32 -8.04762
6091.41 1159.86 -8.04762
6091.46 1243.45 -8.04762
6094.31 1326.99 0
6101.52 1410.18 0
6112.94 1492.73 1.75849
6126.28 1575.14 1.75849
6140.95 1657.52 1.75849
6156.93 1739.54 0
6174.64 1821.23 0
6193.36 1902.74 0
6212.7 1984.15 0
6232.16 2065.58 0
6251.03 2147.18 0
6268.26 2229.15 0
6282.21 2311.72 0
6291.14 2394.92 -8.83997
6296.05 2478.33 -8.83997
p
27
30
6400 0 0
6380.72 85.3483 0
6361.45 170.697 0
6345.53 256.613 0
6330.47 342.573 0
6312.47 427.88 0
6290.83 512.101 0
6265.42 595.038 0
6233.92 676.062 0
6198.62 755.581 0
6164.5 835.588 0
6136.21 917.68 8.04762
6117.46 1002.42 8.04762
6109.61 1089.06 8.04762
6112.5 1176.43 8.04762
6122.49 1263.52 8.04762
6132.47 1350.33 0
6137.88 1437.56 0
6150.98 1524.11 0
6178 1607.75 0
6220.19 1685.25 0
6269.73 1759.01 0
6319.45 1832.67 0
6361.61 1910.37 0
6389.34 1993.63 0
6398.48 2080.45 0
6389.52 2167.22 0
6367.91 2251.91 0
6342.74 2335.74 0
6323.14 2420.86 8.83997
6309.39 2507.75 8.83997
p
28
30
6600 0 0
6607.35 69.5409 0
6614.69 139.082 0
6622.02 208.606 0
6629.49 278.105 0
6637.59 347.534 0
6646.64 416.84 0
6657.07 485.949 0
6669.29 554.759 0
6683.56 623.168 0
6699.79 691.126 0
6717.35 758.73 0
6735.09 826.252 0
6751.6 894.046 0
6765 962.53 0
6775.2 1031.54 0
6781.5 1101.01 0
6783.76 1170.73 0
6782.22 1240.51 0
6777.24 1310.16 0
6769.14 1379.58 0
6758.5 1448.71 0
6746.16 1517.59 0
6733.05 1586.36 0
6720.15 1655.15 0
6708.31 1724.12 0
6698.28 1793.32 0
6690.54 1862.77 0
6685.35 1932.41 0
6682.38 2002.15 -4.22187
6680.29 2072.11 -4.22187
p
29
30
6800 0 0
6805.98 67.8122 0
6811.95 135.624 0
6817.83 203.463 0
6823.66 271.317 0
6829.11 339.206 0
6834.14 407.139 0
6838.6 475.129 0
6842.33 543.191 0
6845.15 611.338 0
6846.78 679.582 0
6846.92 747.919 0
6845.34 816.32 0
6841.86 884.735 0
6838.15 953.114 0
6834 1021.48 0
6829.6 1089.82 0
6824.91 1158.13 0
6819.73 1226.39 0
6813.71 1294.59 0
6807.72 1362.8 0
6801.57 1431.04 0
6795.23 1499.3 0
6788.58 1567.58 0
6781.45 1635.84 0
6773.58 1704.05 0
6764.62 1772.13 0
6754.09 1839.98 0
6741.35 1907.44 0
6725.53 1974.25 4.22187
6706.51 2040.09 4.22187
p
30
30
7000 0 0
6992.67 72.0502 0
6985.34 144.1 0
6978.48 216.191 0
6972.25 288.337 0
6966.62 360.535 0
6961.85 432.797 0
6958.2 505.126 0
6956.01 577.518 0
6955.68 649.947 0
6957.65 722.359 0
6962.14 794.668 0
6969.06 866.798 0
6977.99 938.72 0
6987.47 1010.6 0
6996.51 1082.53 0
7004.03 1154.62 0
7008.94 1226.89 0
7010.25 1299.27 0
7007.19 1371.55 0
6999.24 1443.44 0
6986.09 1514.57 0
6967.71 1584.56 0
6944.38 1653.11 0
6916.62 1720.07 0
6885.17 1785.46 0
6850.98 1849.54 0
6815.13 1912.76 0
6778.84 1975.75 0
6742.94 2038.95 0
6706.73 2102.14 0
p
31
30
7200 0 0
7207.54 70.73 0
7215.08 141.46 0
7222.55 212.195 0
7229.96 282.933 0
7237.35 353.672 0
7244.73 424.408 0
7252.19 495.136 0
7259.79 565.845 0
7267.62 636.528 0
7275.77 707.173 0
7284.34 777.766 0
7293.42 848.295 0
7303.11 918.742 0
7313.5 989.092 0
7324.66 1059.33 0
7336.67 1129.42 0
7349.59 1199.37 0
7363.47 1269.14 0
7378.37 1338.71 0
7394.33 1408.06 0
7411.98 1477.03 0
7431.52 1545.51 0
7453.24 1613.36 0
7477.35 1680.43 0
7504.04 1746.55 0
7533.41 1811.57 0
7565.48 1875.36 0
7600.21 1937.79 0
7637.16 1999.03 -5.61925
7674.86 2059.82 -5.61925
p
32
30
7400 0 0
7392.69 68.6609 0
7385.38 137.322 0
7378.54 206.035 0
7372.27 274.806 0
7366.78 343.648 0
7362.23 412.568 0
7358.79 481.561 0
7356.58 550.617 0
7355.74 619.717 0
7356.34 688.835 0
7358.47 757.941 0
7362.19 826.999 0
7367.56 895.969 0
7374.61 964.809 0
7383.4 1033.47 0
7393.98 1101.9 0
7406.39 1170.05 0
7420.72 1237.85 0
7437.05 1305.22 0
7455.51 1372.08 0
7475.32 1438.56 0
7496.43 1504.68 0
7518.58 1570.48 0
7541.52 1636.04 0
7565.03 1701.4 0
7588.91 1766.64 0
7612.94 1831.83 0
7636.91 1897.04 0
7660.6 1962.35 5.61925
7683.91 2027.77 5.61925
p
33
30
7600 0 0
7607.79 80.6747 0
7615.57 161.349 0
7623.36 242.024 0
7631.15 322.699 0
7638.93 403.374 0
7646.72 484.048 0
7654.51 564.723 0
7662.29 645.398 0
7670.08 726.072 0
7677.86 806.747 0
7685.65 887.422 0
7693.44 968.097 0
7701.22 1048.77 0
7709.01 1129.45 0
7716.8 1210.12 0
7724.58 1290.8 0
7732.37 1371.47 0
7740.16 1452.14 0
7747.94 1532.82 0
7755.73 1613.49 0
7763.52 1694.17 0
7771.3 1774.84 0
7779.09 1855.52 0
7786.87 1936.19 0
7794.66 2016.87 0
7802.45 2097.54 0
7810.23 2178.22 0
7818.02 2258.89 0
7825.81 2339.57 0
7833.59 2420.24 0
p
34
30
7800 0 0
7806.21 80.3075 0
7812.41 160.615 0
7818.05 240.963 0
7823.09 321.351 0
7827.42 401.78 0
7830.95 482.251 0
7833.55 562.759 0
7835.12 643.295 0
7835.19 723.851 0
7834.54 804.404 0
7833.54 884.95 0
7833.01 965.488 0
7834.02 1046 0
7837.85 1126.41 0
7845.88 1206.5 0
7859.45 1285.84 0
7879.7 1363.81 0
7906.64 1439.83 0
7940.47 1513.23 0
7980.86 1583.46 0
8027.1 1650.26 0
8078.26 1713.69 0
8133.19 1774.21 0
8190.59 1832.64 0
8249.07 1890.18 0
8307.11 1948.24 0
8363.05 2008.31 0
8415.95 2070.96 0
8468.25 2134.26 5.69278
8520.6 2197.54 5.69278
p
35
30
8000 0 0
7994.04 71.3602 0
7988.09 142.72 0
7982.75 214.136 0
7978.34 285.625 0
7975.34 357.203 0
7974.14 428.859 0
7975.04 500.551 0
7978.33 572.214 0
7983.38 643.804 0
7990.34 715.267 0
7999.13 786.559 0
8009.74 857.629 0
8022.18 928.427 0
8036.48 998.898 0
8052.7 1068.98 0
8070.92 1138.61 0
8091.32 1207.69 0
8112.9 1276.46 0
8135.7 1344.9 0
8159.52 1413.07 0
8184.25 1481 0
8209.82 1548.7 0
8236.26 1616.16 0
8263.6 1683.35 0
8291.98 1750.21 0
8321.54 1816.64 0
8352.48 1882.52 0
8385.06 1947.7 0
8419.53 2011.99 0
8455.79 2075.35 0
p
36
30
8200 0 0
8206.65 71.4484 0
8213.31 142.897 0
8218.82 214.429 0
8222.87 286.046 0
8225.4 357.714 0
8226.75 429.391 0
8227.61 501.048 0
8228.84 572.66 0
8231.63 644.248 0
8236.05 715.738 0
8242.59 787.053 0
8251.43 858.117 0
8262.55 928.869 0
8275.79 999.277 0
8290.83 1069.35 0
8307.27 1139.13 0
8324.61 1208.72 0
8342.37 1278.22 0
8360.02 1347.74 0
8377.13 1417.38 0
8393.31 1487.23 0
8408.31 1557.32 0
8421.98 1627.66 0
8434.32 1698.22 0
8445.48 1768.97 0
8455.72 1839.84 0
8465.29 1910.82 0
8474.03 1981.93 -5.69278
8481.63 2053.21 -5.69278
8488.65 2124.61 -5.69278
p
37
30
8400 0 0
8399.35 68.5559 0
8398.7 137.112 0
8398.29 205.677 0
8398.29 274.253 0
8398.91 342.842 0
8400.26 411.437 0
8402.41 480.029 0
8405.38 548.607 0
8408.84 617.155 0
8412.77 685.683 0
8417.09 754.192 0
8421.7 822.686 0
8426.54 891.168 0
8431.56 959.641 0
8436.7 1028.11 0
8441.93 1096.57 0
8447.21 1165.02 0
8452.49 1233.48 0
8457.77 1301.94 0
8462.98 1370.4 0
8468.11 1438.86 0
8473.11 1507.34 0
8477.94 1575.82 0
8482.53 1644.31 0
8486.81 1712.82 0
8490.72 1781.35 0
8494.15 1849.9 0
8497.03 1918.46 0
8499.4 1987.04 5.69278
8501.31 2055.61 5.69278
p
38
30
8600 0 0
8604.96 62.6454 0
8609.92 125.291 0
8614.88 187.936 0
8619.85 250.581 0
8624.81 313.227 0
8629.77 375.872 0
8634.73 438.518 0
8639.69 501.163 0
8644.65 563.808 0
8649.62 626.454 0
8654.58 689.099 0
8659.54 751.744 0
8664.5 814.39 0
8669.46 877.035 0
8674.42 939.68 0
8679.39 1002.33 0
8684.35 1064.97 0
8689.31 1127.62 0
8694.27 1190.26 0
8699.23 1252.91 0
8704.19 1315.55 0
8709.15 1378.2 0
8714.12 1440.84 0
8719.08 1503.49 0
8724.04 1566.13 0
8729 1628.78 0
8733.96 1691.42 0
8738.92 1754.07 0
8743.89 1816.72 0
8748.85 1879.36 0
p
39
30
8800 0 0
8813.32 78.5868 0
8826.63 157.174 0
8840.1 235.732 0
8853.63 314.277 0
8867.21 392.813 0
8881.03 471.306 0
8894.54 549.849 0
8906.26 628.681 0
8914.21 708.038 0
8921.53 787.509 0
8928.09 867.11 0
8934.8 946.742 0
8942.58 1026.29 0
8952.34 1105.6 0
8964.93 1184.48 0
8981.07 1262.67 0
9001.34 1339.86 0
9025.82 1415.79 0
9054.7 1490.19 0
9087.85 1562.83 0
9124.99 1633.59 0
9165.62 1702.51 0
9209.15 1769.75 0
9254.79 1835.68 0
9301.68 1900.79 0
9348.82 1965.76 0
9395.12 2031.34 0
9439.36 2098.32 0
9480.95 2167 14.5587
9521.79 2236.18 14.5587
p
40
30
9000 0 0
9000.58 74.5509 0
9001.17 149.102 0
9003.89 223.653 0
9008.59 298.138 0
9015.62 372.487 0
9025.46 446.578 0
9037.7 520.363 0
9051.37 593.931 0
9065.77 667.395 0
9081.51 740.604 0
9098.18 813.611 0
9115.67 886.419 0
9133.9 959.036 0
9152.79 1031.47 0
9172.31 1103.73 0
9192.49 1175.8 0
9213.43 1247.67 0
9235.14 1319.34 0
9256.99 1391 0
9279.06 1462.63 0
9301.26 1534.27 0
9323.59 1605.92 0
9346.08 1677.56 0
9368.84 1749.16 0
9391.98 1820.67 0
9415.66 1892.02 0
9440.06 1963.15 0
9465.39 2033.97 0
9491.7 2104.42 14.5587
9518.44 2174.71 14.5587
p
41
30
9200 0 0
9208.83 75.3081 0
9217.66 150.616 0
9226.9 225.838 0
9236.72 300.959 0
9247.44 375.932 0
9259.43 450.708 0
9272.63 525.27 0
9287 599.615 0
9301.51 673.912 0
9316.56 748.143 0
9331.77 822.35 0
9346.96 896.568 0
9361.96 970.828 0
9376.62 1045.15 0
9390.82 1119.56 0
9404.48 1194.06 0
9417.51 1268.67 0
9429.89 1343.38 0
9441.6 1418.18 0
9452.64 1493.08 0
9463.05 1568.06 0
9472.87 1643.11 0
9482.15 1718.22 0
9490.96 1793.39 0
9499.38 1868.59 0
9507.5 1943.84 0
9515.4 2019.1 0
9523.02 2094.42 -14.5587
9530 2169.87 -14.5587
9536.8 2245.4 -14.5587
p
42
30
9400 0 0
9404.54 71.5575 0
9409.07 143.115 0
9414.15 214.704 0
9419.54 286.33 0
9425.2 357.997 0
9431.4 429.657 0
9436.84 501.479 0
9444.29 573.265 0
9448.88 645.724 0
9454.39 718.03 0
9460.45 790.41 0
9466.84 862.834 0
9473.51 935.245 0
9480.34 1007.59 0
9487.24 1079.85 0
9494.14 1152 0
9500.98 1224.09 0
9507.73 1296.14 0
9514.39 1368.21 0
9520.95 1440.36 0
9527.41 1512.6 0
9533.73 1584.96 0
9539.88 1657.42 0
9545.76 1729.95 0
9551.21 1802.5 0
9555.95 1875.05 0
9559.52 1947.57 0
9561.19 2020.05 0
9559.98 2092.43 14.5587
9555.85 2164.46 14.5587
p
43
30
9600 0 0
9596.38 82.9333 0
9592.77 165.867 0
9589.4 248.785 0
9587.86 331.771 0
9589.18 414.783 0
9595.41 497.649 0
9608.49 579.862 0
9630.05 660.501 0
9659.28 738.863 0
9691.09 816.604 0
9724.5 893.821 0
9756.69 971.506 0
9785.25 1050.38 0
9808.02 1130.81 0
9823.31 1212.66 0
9830.02 1295.41 0
9827.75 1378.27 0
9816.89 1460.45 0
9798.56 1541.4 0
9773.98 1620.87 0
9744.78 1698.98 0
9712.94 1776.2 0
9680.62 1853.27 0
9650.17 1931.01 0
9623.62 2010.05 -14.5587
9601.95 2090.4 -14.5587
9585.57 2171.88 -14.5587
9569.77 2253.63 -14.5587
9553.58 2335.41 -14.5587
9537.34 2417.18 0
p
44
30
9800 0 0
9808.14 72.2099 0
9816.29 144.42 0
9825.12 216.559 0
9834.88 288.578 0
9845.78 360.441 0
9856.82 432.298 0
9867.9 504.165 0
9878.62 576.108 0
9888.56 648.186 0
9897.31 720.445 0
9904.47 792.907 0
9909.67 865.57 0
9912.52 938.398 0
9912.69 1011.32 0
9909.81 1084.23 0
9904.45 1157.04 0
9896.45 1229.64 0
9885.85 1301.96 0
9872.69 1373.9 0
9856.99 1445.38 0
9838.82 1516.33 0
9818.55 1586.77 0
9796.43 1656.71 0
9772.59 1726.14 0
9747.12 1795.04 0
9720.12 1863.42 0
9691.73 1931.29 0
9662.17 1998.72 14.5587
9631.83 2065.83 14.5587
9600.98 2132.76 14.5587
p
45
30
10000 0 0
9997.9 79.9047 0
9995.81 159.809 0
9995.56 239.757 0
9997.73 319.706 0
10003.5 399.542 0
10011.4 479.26 0
10021.7 558.797 0
10033.7 638.153 0
10046.8 717.38 0
10060.1 796.579 0
10072.7 875.884 0
10083.4 955.417 -11.1068
10091.1 1035.24 -11.1068
10094.5 1115.29 -11.1068
10092.6 1195.33 -11.1068
10085.2 1275.02 -11.1068
10071.6 1353.92 -11.1068
10051.9 1431.58 -11.1068
10026.1 1507.56 0
9994.78 1581.54 0
9958.38 1653.38 0
9917.73 1723.09 0
9873.76 1790.94 0
9827.49 1857.39 0
9780.04 1923.1 0
9732.59 1988.84 0
9686.4 2055.46 0
9642.21 2123.35 14.5587
9598.67 2191.68 14.5587
9555.44 2260.24 14.5587
p
46
30
10200 0 0
10192.1 93.524 0
10184.1 187.048 0
10176.2 280.572 0
10168.2 374.096 0
10160.3 467.62 0
10152.3 561.144 0
10144.4 654.668 0
10136.4 748.192 0
10128.5 841.716 0
10120.5 935.24 11.1068
10112.6 1028.76 11.1068
10104.6 1122.29 11.1068
10096.7 1215.81 11.1068
10088.7 1309.34 11.1068
10080.8 1402.86 11.1068
10072.8 1496.38 11.1068
10064.9 1589.91 0
10056.9 1683.43 0
10049 1776.96 0
10041 1870.48 0
10033.1 1964 0
10025.1 2057.53 0
10017.2 2151.05 0
10009.2 2244.58 0
10001.3 2338.1 0
9993.32 2431.62 0
9985.37 2525.15 0
9977.42 2618.67 0
9969.47 2712.2 0
9961.52 2805.72 0
p
47
30
10400 0 0
10397.4 77.9313 0
10394.8 155.863 0
10392.3 233.794 0
10389.7 311.725 0
10387.1 389.656 0
10384.5 467.588 0
10381.9 545.519 0
10379.3 623.45 0
10376.8 701.381 0
10374.2 779.313 0
10371.6 857.244 0
10369 935.175 0
10366.4 1013.11 0
10363.9 1091.04 0
10361.3 1168.97 0
10358.7 1246.9 0
10356.1 1324.83 0
10353.5 1402.76 0
10351 1480.69 0
10348.4 1558.63 0
10345.8 1636.56 0
10343.2 1714.49 0
10340.6 1792.42 0
10338 1870.35 0
10335.5 1948.28 0
10332.9 2026.21 0
10330.3 2104.14 0
10327.7 2182.08 0
10325.1 2260.01 0
10322.6 2337.94 0
p
48
30
10600 0 0
10605.6 74.2291 0
10611.1 148.458 0
10616.7 222.687 0
10622.3 296.916 0
10627.8 371.145 0
10633.4 445.375 0
10639 519.604 0
10644.5 593.833 0
10650.1 668.062 0
10655.6 742.291 0
10661.2 816.52 0
10666.8 890.749 0
10672.3 964.978 0
10677.9 1039.21 0
10683.5 1113.44 0
10689 1187.67 0
10694.6 1261.89 0
10700.2 1336.12 0
10705.7 1410.35 0
10711.3 1484.58 0
10716.9 1558.81 0
10722.4 1633.04 0
10728 1707.27 0
10733.5 1781.5 0
10739.1 1855.73 0
10744.7 1929.96 0
10750.2 2004.19 0
10755.8 2078.41 0
10761.4 2152.64 0
10766.9 2226.87 0
p
49
30
10800 0 0
10800.1 75.2144 0
10800.2 150.429 0
10800.3 225.643 0
10800.4 300.858 0
10800.5 376.072 0
10800.6 451.286 0
10800.7 526.501 0
10800.7 601.715 0
10800.8 676.93 0
10800.9 752.144 0
10801 827.358 0
10801.1 902.573 0
10801.2 977.787 0
10801.3 1053 0
10801.4 1128.22 0
10801.5 1203.43 0
10801.6 1278.64 0
10801.7 1353.86 0
10801.8 1429.07 0
10801.9 1504.29 0
10802 1579.5 0
10802.1 1654.72 0
10802.1 1729.93 0
10802.2 1805.15 0
10802.3 1880.36 0
10802.4 1955.57 0
10802.5 2030.79 0
10802.6 2106 0
10802.7 2181.22 0
10802.8 2256.43 0
p
50
30
11000 0 0
11003.8 63.2953 0
11007.5 126.591 0
11011.3 189.886 0
11015 253.181 0
11018.8 316.476 0
11022.5 379.772 0
11026.3 443.067 0
11030 506.362 0
11033.8 569.657 0
11037.5 632.953 0
11041.3 696.248 0
11045 759.543 0
11048.8 822.838 0
11052.6 886.134 0
11056.3 949.429 0
11060.1 1012.72 0
11063.8 1076.02 0
11067.6 1139.31 0
11071.3 1202.61 0
11075.1 1265.91 0
11078.8 1329.2 0
11082.6 1392.5 0
11086.3 1455.79 0
11090.1 1519.09 0
11093.8 1582.38 0
11097.6 1645.68 0
11101.3 1708.97 0
11105.1 1772.27 0
11108.9 1835.56 0
11112.6 1898.86 0
p
51
30
11200 0 0
11203.7 72.0546 0
11207.4 144.109 0
11211.1 216.164 0
11214.8 288.219 0
11218.5 360.273 0
11222.2 432.328 0
11225.9 504.382 0
11229.7 576.437 0
11233.4 648.492 0
11237.1 720.546 0
11240.8 792.601 0
11244.5 864.656 0
11248.2 936.71 0
11251.9 1008.76 0
11255.6 1080.82 0
11259.3 1152.87 0
11263 1224.93 0
11266.7 1296.98 0
11270.4 1369.04 0
11274.1 1441.09 0
11277.8 1513.15 0
11281.5 1585.2 0
11285.2 1657.26 0
11289 1729.31 0
11292.7 1801.37 0
11296.4 1873.42 0
11300.1 1945.48 0
11303.8 2017.53 0
11307.5 2089.58 0
11311.2 2161.64 0
p
52
30
11400 0 0
11398.8 76.1377 0
11397.6 152.275 0
11396.3 228.413 0
11395.1 304.551 0
11393.9 380.688 0
11392.7 456.826 0
11391.4 532.964 0
11390.2 609.101 0
11389 685.239 0
11387.8 761.377 0
11386.6 837.515 0
11385.3 913.652 0
11384.1 989.79 0
11382.9 1065.93 0
11381.7 1142.07 0
11380.4 1218.2 0
11379.2 1294.34 0
11378 1370.48 0
11376.8 1446.62 0
11375.6 1522.75 0
11374.3 1598.89 0
11373.1 1675.03 0
11371.9 1751.17 0
11370.7 1827.3 0
11369.4 1903.44 0
11368.2 1979.58 0
11367 2055.72 0
11365.8 2131.86 0
11364.6 2207.99 0
11363.3 2284.13 0
p
53
30
11600 0 0
11595.4 82.9811 0
11590.8 165.962 0
11586.5 248.957 0
11582.5 331.971 0
11579.2 415.012 0
11576.7 498.083 0
11575.2 581.183 0
11574.5 664.301 0
11574.7 747.432 0
11575.7 830.567 0
11577.6 913.699 0
11580.3 996.823 0
11583.8 1079.93 0
11588.1 1163.02 0
11593.1 1246.08 0
11598.8 1329.12 0
11605.2 1412.12 0
11612.3 1495.09 0
11619.9 1578.02 0
11628.2 1660.91 0
11637 1743.76 0
11646.2 1826.58 0
11656 1909.36 0
11666.1 1992.11 0
11676.6 2074.82 0
11687.4 2157.51 0
11698.5 2240.17 0
11709.7 2322.81 0
11721.1 2405.45 0
11732.5 2488.08 0
p
54
30
11800 0 0
11789 77.0458 0
11778 154.092 0
11767.6 231.233 0
11757.9 308.472 0
11749.1 385.827 0
11741.4 463.308 0
11734.9 540.912 0
11729.2 618.593 0
11724.5 696.348 0
11720.6 774.164 0
11717.5 852.028 0
11715 929.931 0
11713.2 1007.87 0
11712 1085.83 0
11711.3 1163.81 0
11711.1 1241.8 0
11711.4 1319.81 0
11712.1 1397.83 0
11713.1 1475.85 0
11714.5 1553.88 0
11716.2 1631.92 0
11718.2 1709.96 0
11720.5 1788 0
11723.1 1866.04 0
11725.9 1944.08 0
11728.9 2022.12 0
11732.2 2100.16 0
11735.6 2178.2 0
11739.3 2256.23 0
11743.1 2334.26 0
p
55
30
12000 0 0
11999.4 75.3216 0
11998.8 150.643 0
11998.2 225.965 0
11997.6 301.286 0
11997 376.608 0
11996.4 451.929 0
11995.8 527.251 0
11995.2 602.573 0
11994.6 677.894 0
11994 753.216 0
11993.3 828.537 0
11992.7 903.859 0
11992.1 979.18 0
11991.5 1054.5 0
11990.9 1129.82 0
11990.3 1205.15 0
11989.7 1280.47 0
11989.1 1355.79 0
11988.5 1431.11 0
11987.9 1506.43 0
11987.3 1581.75 0
11986.7 1657.07 0
11986.1 1732.4 0
11985.5 1807.72 0
11984.9 1883.04 0
11984.3 1958.36 0
11983.7 2033.68 0
11983.1 2109 0
11982.5 2184.33 0
11981.9 2259.65 0
p
56
30
12200 0 0
12194.4 59.815 0
12188.8 119.63 0
12183.1 179.445 0
12177.5 239.26 0
12171.9 299.075 0
12166.3 358.89 0
12160.6 418.705 0
12155 478.52 0
12149.4 538.335 0
12143.8 598.15 0
12138.2 657.965 0
12132.5 717.78 0
12126.9 777.595 0
12121.3 837.41 0
12115.7 897.225 0
12110 957.04 0
12104.4 1016.85 0
12098.8 1076.67 0
12093.2 1136.48 0
12087.6 1196.3 0
12081.9 1256.11 0
12076.3 1315.93 0
12070.7 1375.74 0
12065.1 1435.56 0
12059.4 1495.37 0
12053.8 1555.19 0
12048.2 1615 0
12042.6 1674.82 0
12037 1734.63 0
12031.3 1794.45 0
p
57
30
12400 0 0
12396.9 69.7574 0
12393.8 139.515 0
12390.7 209.272 0
12387.6 279.029 0
12384.5 348.787 0
12381.4 418.544 0
12378.3 488.301 0
12375.2 558.059 0
12372.1 627.816 0
12369 697.574 0
12365.9 767.331 0
12362.8 837.088 0
12359.6 906.846 0
12356.5 976.603 0
12353.4 1046.36 0
12350.3 1116.12 0
12347.2 1185.88 0
12344.1 1255.63 0
12341 1325.39 0
12337.9 1395.15 0
12334.8 1464.9 0
12331.7 1534.66 0
12328.6 1604.42 0
12325.5 1674.18 0
12322.4 1743.93 0
12319.3 1813.69 0
12316.2 1883.45 0
12313.1 1953.21 0
12310 2022.96 0
12306.9 2092.72 0
p
58
30
12600 0 0
12602.7 65.2786 0
12605.5 130.557 0
12608.2 195.836 0
12610.9 261.114 0
12613.7 326.393 0
12616.4 391.672 0
12619.2 456.95 0
12621.9 522.229 0
12624.6 587.508 0
12627.4 652.786 0
12630.1 718.065 0
12632.8 783.343 0
12635.6 848.622 0
12638.3 913.901 0
12641.1 979.179 0
12643.8 1044.46 0
12646.5 1109.74 0
12649.3 1175.02 0
12652 1240.29 0
12654.7 1305.57 0
12657.5 1370.85 0
12660.2 1436.13 0
12663 1501.41 0
12665.7 1566.69 0
12668.4 1631.97 0
12671.2 1697.24 0
12673.9 1762.52 0
12676.6 1827.8 0
12679.4 1893.08 0
12682.1 1958.36 0
p
59
30
12800 0 0
12800.4 66.2628 0
12800.8 132.526 0
12801.2 198.788 0
12801.5 265.051 0
12801.9 331.314 0
12802.3 397.577 0
12802.7 463.84 0
12803.1 530.102 0
12803.5 596.365 0
12803.8 662.628 0
12804.2 728.891 0
12804.6 795.153 0
12805 861.416 0
12805.4 927.679 0
12805.8 993.942 0
12806.1 1060.2 0
12806.5 1126.47 0
12806.9 1192.73 0
12807.3 1258.99 0
12807.7 1325.26 0
12808.1 1391.52 0
12808.4 1457.78 0
12808.8 1524.04 0
12809.2 1590.31 0
12809.6 1656.57 0
12810 1722.83 0
12810.4 1789.1 0
12810.7 1855.36 0
12811.1 1921.62 0
12811.5 1987.88 0
p
60
30
13000 0 0
12993.8 81.4686 0
12987.5 162.937 0
12981.3 244.406 0
12975 325.875 0
12968.8 407.343 0
12962.5 488.812 0
12956.3 570.281 0
12950 651.749 0
12943.8 733.218 0
12937.6 814.686 0
12931.3 896.155 0
12925.1 977.624 0
12918.8 1059.09 0
12912.6 1140.56 0
12906.3 1222.03 0
12900.1 1303.5 0
12893.8 1384.97 0
12887.6 1466.44 0
12881.4 1547.9 0
12875.1 1629.37 0
12868.9 1710.84 0
12862.6 1792.31 0
12856.4 1873.78 0
12850.1 1955.25 0
12843.9 2036.72 0
12837.6 2118.18 0
12831.4 2199.65 0
12825.2 2281.12 0
12818.9 2362.59 0
12812.7 2444.06 0
p
61
30
13200 0 0
13189.8 63.0432 0
13179.7 126.086 0
13169.5 189.13 0
13159.4 252.173 0
13149.2 315.216 0
13139 378.259 0
13128.9 441.303 0
13118.7 504.346 0
13108.5 567.389 0
13098.4 630.432 0
13088.2 693.476 0
13078.1 756.519 0
13067.9 819.562 0
13057.7 882.605 0
13047.6 945.649 0
13037.4 1008.69 0
13027.3 1071.74 0
13017.1 1134.78 0
13006.9 1197.82 0
12996.8 1260.86 0
12986.6 1323.91 0
12976.5 1386.95 0
12966.3 1449.99 0
12956.1 1513.04 0
12946 1576.08 0
12935.8 1639.12 0
12925.6 1702.17 0
12915.5 1765.21 0
12905.3 1828.25 0
12895.2 1891.3 0
p
62
30
13400 0 0
13398.1 77.4353 0
13396.2 154.871 0
13393 232.258 0
13390.5 309.674 0
13389.1 387.124 0
13389.7 464.603 0
13393.3 542.039 0
13399.2 619.394 0
13407.8 696.571 0
13419.2 773.486 0
13433.4 850.06 0
13450.3 926.219 0
13469.8 1001.9 0
13491.7 1077.07 0
13516 1151.7 0
13542.5 1225.78 0
13570.8 1299.34 0
13600.7 1372.42 0
13632 1445.1 0
13664.3 1517.46 0
13697.4 1589.62 0
13730.9 1661.7 0
13764.4 1733.86 0
13797.6 1806.18 0
13830.7 1878.65 0
13863.6 1951.21 0
13896.6 2023.74 -14.5759
13929.9 2096.13 -14.5759
13963.6 2168.31 -14.5759
13997.6 2240.37 -14.5759
p
63
30
13600 0 0
13591.9 59.7095 0
13583.8 119.419 0
13580.2 179.801 0
13578.4 240.286 0
13579.3 300.916 0
13582.8 361.556 0
13588.8 422.082 0
13596.2 482.48 0
13604.9 542.732 0
13614.5 602.859 0
13624.6 662.898 0
13635 722.893 0
13645.5 782.886 0
13655.9 842.92 0
13666.1 903.031 0
13676.1 963.248 0
13685.9 1023.59 0
13695.4 1084.07 0
13704.7 1144.69 0
13713.9 1205.44 0
13723.1 1266.3 0
13732.4 1327.24 0
13742 1388.23 0
13752.2 1449.21 0
13763.1 1510.13 0
13775.1 1570.88 0
13788.3 1631.4 0
13803.1 1691.55 0
13819.8 1751.21 0
13838.4 1810.33 0
p
64
30
13800 0 0
13805.5 77.7615 0
13810.9 155.523 0
13816.4 233.21 0
13821.8 310.936 0
13827.2 388.663 0
13832.6 466.393 0
13837.9 544.125 0
13843.2 621.86 0
13848.5 699.598 0
13853.7 777.339 0
13858.9 855.084 0
13864 932.832 0
13869 1010.59 0
13874 1088.34 0
13878.9 1166.1 0
13883.7 1243.87 0
13888.5 1321.64 0
13893.2 1399.42 0
13897.8 1477.21 0
13902.3 1555 0
13906.7 1632.8 0
13911 1710.6 0
13915.2 1788.41 0
13919.3 1866.23 0
13923.3 1944.06 14.5759
13927.2 2021.89 14.5759
13931.4 2099.72 14.5759
13936.1 2177.53 14.5759
13941 2255.33 14.5759
13946 2333.13 0
p
65
30
14000 0 0
14000.8 77.2262 0
14001.7 154.452 0
14002.4 231.748 0
14003.1 309.009 0
14003.7 386.272 0
14004.3 463.535 0
14004.8 540.798 0
14005.3 618.062 0
14005.8 695.326 0
14006.2 772.591 0
14006.5 849.856 0
14006.9 927.122 0
14007.2 1004.39 0
14007.5 1081.65 0
14007.8 1158.92 0
14008 1236.19 0
14008.3 1313.45 0
14008.5 1390.72 0
14008.7 1467.99 0
14008.9 1545.25 0
14009.2 1622.52 0
14009.4 1699.79 0
14009.7 1777.05 0
14009.9 1854.32 0
14010.2 1931.59 0
14010.5 2008.85 0
14010.8 2086.12 0
14011.1 2163.38 14.5759
14011.6 2240.65 14.5759
14012.3 2317.89 14.5759
p
66
30
14200 0 0
14199.6 72.5862 0
14199.1 145.172 0
14198.7 217.759 0
14198.2 290.345 0
14197.8 362.931 0
14197.4 435.517 0
14196.9 508.104 0
14196.5 580.69 0
14196 653.276 0
14195.6 725.862 0
14195.2 798.449 0
14194.7 871.035 0
14194.3 943.621 0
14193.8 1016.21 0
14193.4 1088.79 0
14193 1161.38 0
14192.5 1233.97 0
14192.1 1306.55 0
14191.6 1379.14 0
14191.2 1451.72 0
14190.8 1524.31 0
14190.3 1596.9 0
14189.9 1669.48 0
14189.4 1742.07 0
14189 1814.66 0
14188.6 1887.24 0
14188.1 1959.83 0
14187.7 2032.41 0
14187.2 2105 0
14186.8 2177.59 0
p
67
30
14400 0 0
14406.1 71.2495 0
14412.1 142.499 0
14417.5 213.797 0
14422 285.162 0
14425 356.609 0
14425.9 428.128 0
14424 499.657 0
14418.6 571.048 0
14409.2 642.081 0
14396.6 712.664 0
14382.6 783.091 0
14368.4 853.489 0
14355.3 924.084 0
14344 994.963 0
14335.9 1066.18 0
14331.6 1137.66 0
14331.8 1209.19 0
14337 1280.49 0
14347.2 1351.22 0
14362.5 1421.07 0
14382.4 1489.79 0
14406.4 1557.29 0
14433.6 1623.61 0
14463.3 1688.99 0
14494.2 1753.8 0
14525.4 1818.55 0
14555.5 1883.75 0
14583.7 1949.69 0
14611.3 2016.06 0
14638.8 2082.45 0
p
68
30
14600 0 0
14596.2 65.394 0
14592.5 130.788 0
14588.9 196.215 0
14585.7 261.67 0
14582.8 327.164 0
14580.3 392.703 0
14578.3 458.302 0
14577 523.986 0
14577.1 589.796 0
14578.9 655.689 0
14580.3 721.547 0
14581.8 787.431 0
14583.2 853.328 0
14584.3 919.225 0
14585 985.12 0
14585.3 1051.01 0
14585.3 1116.9 0
14585.2 1182.8 0
14584.9 1248.71 0
14584.7 1314.63 0
14584.5 1380.58 0
14584.5 1446.54 0
14584.8 1512.52 0
14585.7 1578.51 0
14587.3 1644.49 0
14589.9 1710.42 0
14594.2 1776.27 0
14600.7 1841.92 0
14610.2 1907.2 -5.01292
14622.9 1971.9 -5.01292
p
69
30
14800 0 0
14794.7 66.6962 0
14789.5 133.392 0
14784 200.063 0
14778.2 266.703 0
14772 333.3 0
14765.3 399.836 0
14758 466.291 0
14749.9 532.647 0
14741.4 598.914 0
14732.8 665.168 0
14724.1 731.424 0
14715.4 797.69 0
14707 863.982 0
14698.8 930.313 0
14691.1 996.693 0
14683.9 1063.13 0
14677.3 1129.62 0
14671.3 1196.17 0
14666 1262.78 0
14661.4 1329.44 0
14657.5 1396.14 0
14654.2 1462.88 0
14651.7 1529.65 0
14649.7 1596.44 0
14648.3 1663.25 0
14647.4 1730.08 0
14646.9 1796.91 0
14646.7 1863.74 0
14646.8 1930.58 5.01292
14647.3 1997.52 5.01292
p
70
30
15000 0 0
14991.8 73.0458 0
14983.6 146.092 0
14975.4 219.137 0
14967.2 292.183 0
14959 365.229 0
14950.8 438.275 0
14942.6 511.32 0
14934.4 584.366 0
14926.2 657.412 0
14918 730.458 0
14909.8 803.503 0
14901.6 876.549 0
14893.4 949.595 0
14885.2 1022.64 0
14877 1095.69 0
14868.8 1168.73 0
14860.6 1241.78 0
14852.4 1314.82 0
14844.2 1387.87 0
14836 1460.92 0
14827.8 1533.96 0
14819.6 1607.01 0
14811.4 1680.05 0
14803.2 1753.1 0
14795 1826.14 0
14786.8 1899.19 0
14778.6 1972.24 0
14770.4 2045.28 0
14762.2 2118.33 0
14754 2191.37 0
p
71
30
15200 0 0
15199.5 80.1258 0
15199 160.252 0
15198.5 240.377 0
15198 320.503 0
15197.5 400.629 0
15197 480.755 0
15196.5 560.88 0
15196 641.006 0
15195.5 721.132 0
15195 801.258 0
15194.6 881.383 0
15194.1 961.509 0
15193.6 1041.63 0
15193.1 1121.76 0
15192.6 1201.89 0
15192.1 1282.01 0
15191.6 1362.14 0
15191.1 1442.26 0
15190.6 1522.39 0
15190.1 1602.52 0
15189.6 1682.64 0
15189.1 1762.77 0
15188.6 1842.89 0
15188.1 1923.02 0
15187.6 2003.14 0
15187.1 2083.27 0
15186.6 2163.4 0
15186.1 2243.52 0
15185.6 2323.65 0
15185.1 2403.77 0
p
72
30
15400 0 0
15397.6 72.219 0
15395.2 144.438 0
15392.8 216.657 0
15390.4 288.876 0
15388 361.095 0
15385.6 433.314 0
15383.2 505.533 0
15380.8 577.752 0
15378.4 649.971 0
15376 722.19 0
15373.6 794.409 0
15371.2 866.629 0
15368.8 938.848 0
15366.5 1011.07 0
15364.1 1083.29 0
15361.7 1155.5 0
15359.3 1227.72 0
15356.9 1299.94 0
15354.5 1372.16 0
15352.1 1444.38 0
15349.7 1516.6 0
15347.3 1588.82 0
15344.9 1661.04 0
15342.5 1733.26 0
15340.1 1805.48 0
15337.7 1877.7 0
15335.3 1949.91 0
15332.9 2022.13 0
15330.5 2094.35 0
15328.1 2166.57 0
p
73
30
15600 0 0
15603.9 66.9159 0
15607.8 133.832 0
15611.6 200.748 0
15615.5 267.663 0
15619.4 334.579 0
15623.3 401.495 0
15627.1 468.411 0
15631 535.327 0
15634.9 602.243 0
15638.8 669.159 0
15642.7 736.074 0
15646.5 802.99 0
15650.4 869.906 0
15654.3 936.822 0
15658.2 1003.74 0
15662 1070.65 0
15665.9 1137.57 0
15669.8 1204.49 0
15673.7 1271.4 0
15677.6 1338.32 0
15681.4 1405.23 0
15685.3 1472.15 0
15689.2 1539.06 0
15693.1 1605.98 0
15696.9 1672.9 0
15700.8 1739.81 0
15704.7 1806.73 0
15708.6 1873.64 0
15712.5 1940.56 0
15716.3 2007.48 0
p
74
30
15800 0 0
15798.7 72.0684 0
15797.5 144.137 0
15796.2 216.205 0
15795 288.274 0
15793.7 360.342 0
15792.4 432.411 0
15791.2 504.479 0
15789.9 576.547 0
15788.6 648.616 0
15787.4 720.684 0
15786.1 792.753 0
15784.9 864.821 0
15783.6 936.89 0
15782.3 1008.96 0
15781.1 1081.03 0
15779.8 1153.09 0
15778.5 1225.16 0
15777.3 1297.23 0
15776 1369.3 0
15774.8 1441.37 0
15773.5 1513.44 0
15772.2 1585.51 0
15771 1657.57 0
15769.7 1729.64 0
15768.5 1801.71 0
15767.2 1873.78 0
15765.9 1945.85 0
15764.7 2017.92 0
15763.4 2089.98 0
15762.1 2162.05 0
p
75
30
16000 0 0
15999 90.8001 0
15998.1 181.6 0
15997.1 272.4 0
15996.1 363.2 0
15995.1 454.001 0
15994.2 544.801 0
15993.2 635.601 0
15992.2 726.401 0
15991.3 817.201 0
15990.3 908.001 0
15989.3 998.801 0
15988.4 1089.6 0
15987.4 1180.4 0
15986.4 1271.2 0
15985.4 1362 0
15984.5 1452.8 0
15983.5 1543.6 0
15982.5 1634.4 0
15981.6 1725.2 0
15980.6 1816 0
15979.6 1906.8 0
15978.7 1997.6 0
15977.7 2088.4 0
15976.7 2179.2 0
15975.7 2270 0
15974.8 2360.8 0
15973.8 2451.6 0
15972.8 2542.4 0
15971.9 2633.2 0
15970.9 2724 0
p
76
30
16200 0 0
16216.2 77.307 0
16232.3 154.614 0
16249.6 231.655 0
16268.5 308.34 0
16289.4 384.495 0
16312.1 460.206 0
16336.5 535.4 0
16362.6 610.122 0
16389.7 684.497 0
16417.4 758.743 0
16444.6 833.198 0
16470.1 908.341 -9.31802
16491.2 984.877 -9.31802
16503.1 1063.56 -9.31802
16499.6 1143.6 -9.31802
16476.1 1221.31 0
16437.5 1293.91 0
16392.8 1363.95 0
16348.2 1434.12 0
16310.9 1507.68 0
16287.4 1585.61 0
16281.8 1665.68 0
16295.7 1743.97 0
16327.2 1816.67 0
16371.9 1882.19 0
16424.3 1942.1 0
16478.4 2000.62 0
16527.9 2063.06 0
16568.8 2131.53 11.5652
16608.2 2201.35 11.5652
p
77
30
16400 0 0
16399.7 69.442 0
16399.3 138.884 0
16401.5 208.372 0
16406.5 277.786 0
16414.9 346.97 0
16424.8 416.029 0
16436.4 484.942 0
16449.1 553.759 0
16462.3 622.543 0
16475.7 691.369 0
16488.6 760.32 0
16500.2 829.498 0
16509.6 899.021 0
16515.9 968.96 9.31802
16520.6 1039.23 9.31802
16525.8 1109.96 9.31802
16534.5 1181.19 9.31802
16539.7 1252.58 0
16543.9 1324.25 0
16547.2 1395.98 0
16550.7 1467.67 0
16553.2 1539.33 0
16555.5 1611.07 0
16557.5 1683 0
16559.2 1755.18 0
16560.8 1827.53 0
16563.2 1899.86 0
16567.9 1971.81 0
16578.7 2042.63 11.5652
16598 2110.89 11.5652
p
78
30
16600 0 0
16601.4 88.5614 0
16602.8 177.123 0
16604.7 265.641 0
16610.3 354.068 0
16620.9 442.139 0
16635.9 529.702 0
16656.5 616.36 0
16683.1 701.67 0
16715.9 785.127 0
16754.9 866.201 0
16799.9 944.427 0
16850.2 1019.56 0
16904.2 1092.04 -12.6609
16958.2 1164.17 -12.6609
17005.4 1240.17 -12.6609
17036.8 1323.13 -12.6609
17048.5 1410.76 -12.6609
17037.2 1498.72 -12.6609
17003 1581.25 -12.6609
16950.5 1654.6 0
16885.3 1718.23 0
16814.8 1776.57 0
16746.2 1836.59 0
16686.6 1904.42 0
16643.4 1982.49 0
16622.5 2068.46 -11.5652
16620.9 2156.83 -11.5652
16617.2 2245.61 -11.5652
16611.9 2334.51 0
16606.7 2423.41 0
p
79
30
16800 0 0
16806.3 65.2344 0
16812.7 130.469 0
16820.4 195.575 0
16828.4 260.654 0
16837 325.68 0
16846.1 390.662 0
16855.5 455.607 0
16865.4 520.524 0
16875.6 585.421 0
16886 650.306 0
16896.5 715.187 0
16907.2 780.074 0
16918 844.96 0
16928.9 909.851 0
16939.8 974.745 0
16950.8 1039.64 0
16961.7 1104.55 12.6609
16972.5 1169.47 12.6609
16982.9 1234.41 12.6609
16992.8 1299.37 12.6609
17002.6 1364.33 0
17012.3 1429.3 12.6609
17022 1494.27 12.6609
17031.3 1559.27 12.6609
17040.3 1624.3 12.6609
17049.5 1689.29 0
17059 1754.26 0
17068.8 1819.18 0
17078.9 1884.07 0
17089.3 1948.91 0
s	0
227 229 260 262 
227 228 229 260 261 262 
b
2 0
0.783099 0.394383 0.840188
228 0 0 1
261 0 0 1
g
0
0.3 2 0 0 1 2 0 2 4
t
2
0
2446.95 1980.06 100
2446.95 1980.06 -100
a
4
0
229 226 262 259 
1 227 1 261 0 260 0 2640 0.5 2641 0.5 
1 228 1 261 0 2640 0.5 2641 0.5 
2 261 1 227 0 228 0 2640 0.5 2641 0.5 
2 260 1 227 0 2640 0.5 2641 0.5 
0 2640 2 227 0.5 228 0.5 261 0.5 260 0.5 
0 2641 2 227 0.5 228 0.5 261 0.5 260 0.5 
NanList DIR 0
d
18
0 0 -6.20557 0 0 -6.20557 0 0 6.20557 0 0 6.20557 0 0 0 0 0 0 
s	1
488 491 522 526 555 559 
488 489 490 491 522 523 524 525 526 555 556 557 558 559 
b
3 0
0.197551 0.911647 0.79844
489 0 0 2
490 0 0 1
523 0 0 2
524 0 0 3
525 0 0 2
556 0 0 2
557 0 0 4
558 0 0 4
g
0
0.3 2 0 0 1 2 0 2 4
t
2
2
4246.84 2052.39 100
4246.84 2052.39 -100
a
6
4
491 487 526 521 559 554 
1 557 1 488 0 523 0 524 0 489 0 525 0 2640 0.5 2641 0.5 
1 558 1 488 0 524 0 489 0 525 0 490 0 2640 0.5 2641 0.5 
1 556 1 488 0 523 0 524 0 522 0 2640 0.5 2641 0.5 
1 555 1 523 0 522 0 2640 0.5 2641 0.5 
2 523 1 557 0 556 0 555 0 2640 0.5 2641 0.5 
2 524 1 557 0 558 0 556 0 2640 0.5 2641 0.5 
2 522 1 556 0 555 0 2640 0.5 2641 0.5 
2 525 1 557 0 558 0 2640 0.5 2641 0.5 
2 488 1 557 0 558 0 556 0 2640 0.5 2641 0.5 
2 489 1 557 0 558 0 2640 0.5 2641 0.5 
2 490 1 558 0 2640 0.5 2641 0.5 
0 2640 5.5 557 0.5 558 0.5 556 0.5 555 0.5 523 0.5 524 0.5 522 0.5 525 0.5 488 0.5 489 0.5 490 0.5 
0 2641 5.5 557 0.5 558 0.5 556 0.5 555 0.5 523 0.5 524 0.5 522 0.5 525 0.5 488 0.5 489 0.5 490 0.5 
NanList DIR 0
d
39
0 0 -13.6023 0 0 -13.6023 0 0 -13.6023 0 0 -13.6023 0 0 13.6023 0 0 13.6023 0 0 13.6023 0 0 13.6023 0 0 13.6023 0 0 13.6023 0 0 13.6023 0 0 0 0 0 0 
s	2
653 658 687 691 
653 654 655 656 657 658 687 688 689 690 691 
b
2 0
0.277775 0.76823 0.335223
654 0 0 1
655 0 0 3
656 0 0 2
657 0 0 1
688 0 0 2
689 0 0 2
690 0 0 3
g
0
0.3 2 0 0 1 2 0 2 4
t
2
4
4952.54 2164.59 100
4952.54 2164.59 -100
a
4
10
658 652 691 686 
1 654 1 689 0 687 0 688 0 2640 0.5 2641 0.5 
1 655 1 689 0 690 0 688 0 2640 0.5 2641 0.5 
1 656 1 689 0 690 0 2640 0.5 2641 0.5 
1 653 1 687 0 2640 0.5 2641 0.5 
1 657 1 690 0 2640 0.5 2641 0.5 
2 689 1 654 0 655 0 656 0 2640 0.5 2641 0.5 
2 690 1 655 0 656 0 657 0 2640 0.5 2641 0.5 
2 687 1 654 0 653 0 2640 0.5 2641 0.5 
2 688 1 654 0 655 0 2640 0.5 2641 0.5 
0 2640 4.5 654 0.5 655 0.5 656 0.5 653 0.5 657 0.5 689 0.5 690 0.5 687 0.5 688 0.5 
0 2641 4.5 654 0.5 655 0.5 656 0.5 653 0.5 657 0.5 689 0.5 690 0.5 687 0.5 688 0.5 
NanList DIR 0
d
33
0 0 -12.6444 0 0 -12.6444 0 0 -12.6444 0 0 -12.6444 0 0 -12.6444 0 0 12.6444 0 0 12.6444 0 0 12.6444 0 0 12.6444 0 0 0 0 0 0 
s	3
843 846 876 879 
843 844 845 846 876 877 878 879 
b
2 0
0.628871 0.477397 0.55397
844 0 0 2
845 0 0 1
877 0 0 1
878 0 0 2
g
0
0.3 2 0 0 1 2 0 2 4
t
2
6
6114.36 1579.68 100
6114.36 1579.68 -100
a
4
14
846 842 879 875 
1 843 1 877 0 876 0 2640 0.5 2641 0.5 
1 844 1 877 0 878 0 2640 0.5 2641 0.5 
1 845 1 878 0 2640 0.5 2641 0.5 
2 877 1 843 0 844 0 2640 0.5 2641 0.5 
2 878 1 844 0 845 0 2640 0.5 2641 0.5 
2 876 1 843 0 2640 0.5 2641 0.5 
0 2640 3 843 0.5 844 0.5 845 0.5 877 0.5 878 0.5 876 0.5 
0 2641 3 843 0.5 844 0.5 845 0.5 877 0.5 878 0.5 876 0.5 
NanList DIR 0
d
24
0 0 -1.75849 0 0 -1.75849 0 0 -1.75849 0 0 1.75849 0 0 1.75849 0 0 1.75849 0 0 0 0 0 0 
s	4
854 856 887 889 920 922 
854 855 856 887 888 889 920 921 922 
b
3 0
0.95223 0.513401 0.364784
855 0 0 1
888 0 0 2
921 0 0 1
g
0
0.3 2 0 0 1 2 0 2 4
t
2
8
6293.03 2449.67 100
6293.03 2449.67 -100
a
6
18
856 853 889 886 922 919 
1 888 1 854 0 920 0 855 0 921 0 2640 0.5 2641 0.5 
1 887 1 854 0 920 0 2640 0.5 2641 0.5 
2 854 1 888 0 887 0 2640 0.5 2641 0.5 
2 855 1 888 0 2640 0.5 2641 0.5 
2 920 1 888 0 887 0 2640 0.5 2641 0.5 
2 921 1 888 0 2640 0.5 2641 0.5 
0 2640 3 888 0.5 887 0.5 854 0.5 855 0.5 920 0.5 921 0.5 
0 2641 3 888 0.5 887 0.5 854 0.5 855 0.5 920 0.5 921 0.5 
NanList DIR 0
d
24
0 0 -8.83997 0 0 -8.83997 0 0 8.83997 0 0 8.83997 0 0 8.83997 0 0 8.83997 0 0 0 0 0 0 
s	5
869 874 902 907 
869 870 871 872 873 874 902 903 904 905 906 907 
b
2 0
0.717297 0.635712 0.916195
870 0 0 2
871 0 0 3
872 0 0 2
873 0 0 2
903 0 0 2
904 0 0 3
905 0 0 3
906 0 0 1
g
0
0.3 2 0 0 1 2 0 2 4
t
2
10
6107.55 1083.13 100
6107.55 1083.13 -100
a
4
24
874 868 907 901 
1 870 1 903 0 904 0 902 0 2640 0.5 2641 0.5 
1 871 1 903 0 904 0 905 0 2640 0.5 2641 0.5 
1 869 1 903 0 902 0 2640 0.5 2641 0.5 
1 872 1 904 0 905 0 2640 0.5 2641 0.5 
1 873 1 905 0 906 0 2640 0.5 2641 0.5 
2 903 1 870 0 871 0 869 0 2640 0.5 2641 0.5 
2 904 1 870 0 871 0 872 0 2640 0.5 2641 0.5 
2 905 1 871 0 872 0 873 0 2640 0.5 2641 0.5 
2 902 1 870 0 869 0 2640 0.5 2641 0.5 
2 906 1 873 0 2640 0.5 2641 0.5 
0 2640 5 870 0.5 871 0.5 869 0.5 872 0.5 873 0.5 903 0.5 904 0.5 905 0.5 902 0.5 906 0.5 
0 2641 5 870 0.5 871 0.5 869 0.5 872 0.5 873 0.5 903 0.5 904 0.5 905 0.5 902 0.5 906 0.5 
NanList DIR 0
d
36
0 0 -8.04762 0 0 -8.04762 0 0 -8.04762 0 0 -8.04762 0 0 -8.04762 0 0 8.04762 0 0 8.04762 0 0 8.04762 0 0 8.04762 0 0 8.04762 0 0 0 0 0 0 
s	6
953 955 986 988 
953 954 955 986 987 988 
b
2 0
0.0163006 0.606969 0.141603
954 0 0 1
987 0 0 1
g
0
0.3 2 0 0 1 2 0 2 4
t
2
12
6698.68 2022.15 100
6698.68 2022.15 -100
a
4
28
955 952 988 985 
1 953 1 987 0 986 0 2640 0.5 2641 0.5 
1 954 1 987 0 2640 0.5 2641 0.5 
2 987 1 953 0 954 0 2640 0.5 2641 0.5 
2 986 1 953 0 2640 0.5 2641 0.5 
0 2640 2 953 0.5 954 0.5 987 0.5 986 0.5 
0 2641 2 953 0.5 954 0.5 987 0.5 986 0.5 
NanList DIR 0
d
18
0 0 -4.22187 0 0 -4.22187 0 0 4.22187 0 0 4.22187 0 0 0 0 0 0 
s	7
1052 1054 1085 1087 
1052 1053 1054 1085 1086 1087 
b
2 0
0.804177 0.137232 0.242887
1053 0 0 1
1086 0 0 1
g
0
0.3 2 0 0 1 2 0 2 4
t
2
14
7664.13 2012.24 100
7664.13 2012.24 -100
a
4
32
1054 1051 1087 1084 
1 1052 1 1086 0 1085 0 2640 0.5 2641 0.5 
1 1053 1 1086 0 2640 0.5 2641 0.5 
2 1086 1 1052 0 1053 0 2640 0.5 2641 0.5 
2 1085 1 1052 0 2640 0.5 2641 0.5 
0 2640 2 1052 0.5 1053 0.5 1086 0.5 1085 0.5 
0 2641 2 1052 0.5 1053 0.5 1086 0.5 1085 0.5 
NanList DIR 0
d
18
0 0 -5.61925 0 0 -5.61925 0 0 5.61925 0 0 5.61925 0 0 0 0 0 0 
s	8
1151 1153 1216 1219 1250 1252 
1151 1152 1153 1216 1217 1218 1219 1250 1251 1252 
b
3 0
0.12979 0.400944 0.156679
1152 0 0 1
1217 0 0 1
1218 0 0 2
1251 0 0 2
g
0
0.3 2 0 0 1 2 0 2 4
t
2
16
8490.55 2076.31 100
8490.55 2076.31 -100
a
6
36
1153 1150 1219 1215 1252 1249 
1 1217 1 1151 0 1250 0 1251 0 2640 0.5 2641 0.5 
1 1218 1 1151 0 1251 0 1152 0 2640 0.5 2641 0.5 
1 1216 1 1250 0 2640 0.5 2641 0.5 
2 1250 1 1217 0 1216 0 2640 0.5 2641 0.5 
2 1251 1 1217 0 1218 0 2640 0.5 2641 0.5 
2 1151 1 1217 0 1218 0 2640 0.5 2641 0.5 
2 1152 1 1218 0 2640 0.5 2641 0.5 
0 2640 3.5 1217 0.5 1218 0.5 1216 0.5 1250 0.5 1251 0.5 1151 0.5 1152 0.5 
0 2641 3.5 1217 0.5 1218 0.5 1216 0.5 1250 0.5 1251 0.5 1151 0.5 1152 0.5 
NanList DIR 0
d
27
0 0 -5.69278 0 0 -5.69278 0 0 -5.69278 0 0 5.69278 0 0 5.69278 0 0 5.69278 0 0 5.69278 0 0 0 0 0 0 
s	9
1316 1318 1349 1351 1381 1384 1415 1417 1444 1449 1480 1483 1513 1516 
1316 1317 1318 1349 1350 1351 1381 1382 1383 1384 1415 1416 1417 1444 1445 1446 1447 1448 1449 1480 1481 1482 1483 1513 1514 1515 1516 
b
7 0
0.218257 0.998924 0.108809
1317 0 0 1
1350 0 0 2
1382 0 0 2
1383 0 0 4
1416 0 0 2
1445 0 0 2
1446 0 0 2
1447 0 0 2
1448 0 0 1
1481 0 0 1
1482 0 0 2
1514 0 0 2
1515 0 0 3
g
0
0.3 2 0 0 1 2 0 2 4
t
2
18
9567.22 2154.14 100
9567.22 2154.14 -100
a
14
42
1318 1315 1351 1348 1384 1380 1417 1414 1449 1443 1483 1479 1516 1512 
1 1382 1 1514 0 1416 0 1317 0 1349 0 1350 0 1415 0 1316 0 2640 0.5 2641 0.5 
1 1383 1 1514 0 1515 0 1416 0 1317 0 1350 0 2640 0.5 2641 0.5 
1 1381 1 1416 0 1349 0 1415 0 2640 0.5 2641 0.5 
1 1446 1 1514 0 1515 0 1482 0 1513 0 2640 0.5 2641 0.5 
1 1445 1 1481 0 1482 0 1513 0 2640 0.5 2641 0.5 
1 1444 1 1481 0 1480 0 2640 0.5 2641 0.5 
1 1447 1 1514 0 1515 0 2640 0.5 2641 0.5 
1 1448 1 1515 0 2640 0.5 2641 0.5 
2 1514 1 1382 0 1383 0 1446 0 1447 0 2640 0.5 2641 0.5 
2 1515 1 1383 0 1446 0 1447 0 1448 0 2640 0.5 2641 0.5 
2 1513 1 1446 0 1445 0 2640 0.5 2641 0.5 
2 1416 1 1382 0 1383 0 1381 0 2640 0.5 2641 0.5 
2 1415 1 1382 0 1381 0 2640 0.5 2641 0.5 
2 1481 1 1445 0 1444 0 2640 0.5 2641 0.5 
2 1482 1 1446 0 1445 0 2640 0.5 2641 0.5 
2 1480 1 1444 0 2640 0.5 2641 0.5 
2 1349 1 1382 0 1381 0 2640 0.5 2641 0.5 
2 1350 1 1382 0 1383 0 2640 0.5 2641 0.5 
2 1317 1 1382 0 1383 0 2640 0.5 2641 0.5 
2 1316 1 1382 0 2640 0.5 2641 0.5 
0 2640 10 1382 0.5 1383 0.5 1381 0.5 1446 0.5 1445 0.5 1444 0.5 1447 0.5 1448 0.5 1514 0.5 1515 0.5 1513 0.5 1416 0.5 1415 0.5 1481 0.5 1482 0.5 1480 0.5 1349 0.5 1350 0.5 1317 0.5 1316 0.5 
0 2641 10 1382 0.5 1383 0.5 1381 0.5 1446 0.5 1445 0.5 1444 0.5 1447 0.5 1448 0.5 1514 0.5 1515 0.5 1513 0.5 1416 0.5 1415 0.5 1481 0.5 1482 0.5 1480 0.5 1349 0.5 1350 0.5 1317 0.5 1316 0.5 
NanList DIR 0
d
66
0 0 -14.5587 0 0 -14.5587 0 0 -14.5587 0 0 -14.5587 0 0 -14.5587 0 0 -14.5587 0 0 -14.5587 0 0 -14.5587 0 0 14.5587 0 0 14.5587 0 0 14.5587 0 0 14.5587 0 0 14.5587 0 0 14.5587 0 0 14.5587 0 0 14.5587 0 0 14.5587 0 0 14.5587 0 0 14.5587 0 0 14.5587 0 0 0 0 0 0 
s	10
1497 1504 1528 1535 
1497 1498 1499 1500 1501 1502 1503 1504 1528 1529 1530 1531 1532 1533 1534 1535 
b
2 0
0.61264 0.839112 0.512932
1498 0 0 2
1499 0 0 3
1500 0 0 3
1501 0 0 2
1502 0 0 2
1503 0 0 2
1529 0 0 2
1530 0 0 3
1531 0 0 3
1532 0 0 3
1533 0 0 2
1534 0 0 1
g
0
0.3 2 0 0 1 2 0 2 4
t
2
20
10089.1 1205.18 100
10089.1 1205.18 -100
a
4
56
1504 1496 1535 1527 
1 1498 1 1529 0 1530 0 1528 0 2640 0.5 2641 0.5 
1 1499 1 1529 0 1530 0 1531 0 2640 0.5 2641 0.5 
1 1500 1 1530 0 1531 0 1532 0 2640 0.5 2641 0.5 
1 1497 1 1529 0 1528 0 2640 0.5 2641 0.5 
1 1501 1 1531 0 1532 0 2640 0.5 2641 0.5 
1 1502 1 1532 0 1533 0 2640 0.5 2641 0.5 
1 1503 1 1533 0 1534 0 2640 0.5 2641 0.5 
2 1529 1 1498 0 1499 0 1497 0 2640 0.5 2641 0.5 
2 1530 1 1498 0 1499 0 1500 0 2640 0.5 2641 0.5 
2 1531 1 1499 0 1500 0 1501 0 2640 0.5 2641 0.5 
2 1532 1 1500 0 1501 0 1502 0 2640 0.5 2641 0.5 
2 1528 1 1498 0 1497 0 2640 0.5 2641 0.5 
2 1533 1 1502 0 1503 0 2640 0.5 2641 0.5 
2 1534 1 1503 0 2640 0.5 2641 0.5 
0 2640 7 1498 0.5 1499 0.5 1500 0.5 1497 0.5 1501 0.5 1502 0.5 1503 0.5 1529 0.5 1530 0.5 1531 0.5 1532 0.5 1528 0.5 1533 0.5 1534 0.5 
0 2641 7 1498 0.5 1499 0.5 1500 0.5 1497 0.5 1501 0.5 1502 0.5 1503 0.5 1529 0.5 1530 0.5 1531 0.5 1532 0.5 1528 0.5 1533 0.5 1534 0.5 
NanList DIR 0
d
48
0 0 -11.1068 0 0 -11.1068 0 0 -11.1068 0 0 -11.1068 0 0 -11.1068 0 0 -11.1068 0 0 -11.1068 0 0 11.1068 0 0 11.1068 0 0 11.1068 0 0 11.1068 0 0 11.1068 0 0 11.1068 0 0 11.1068 0 0 0 0 0 0 
s	11
2073 2077 2137 2142 2173 2176 
2073 2074 2075 2076 2077 2137 2138 2139 2140 2141 2142 2173 2174 2175 2176 
b
3 0
0.524287 0.637552 0.296032
2074 0 0 3
2075 0 0 3
2076 0 0 4
2138 0 0 1
2139 0 0 2
2140 0 0 3
2141 0 0 2
2174 0 0 1
2175 0 0 1
g
0
0.3 2 0 0 1 2 0 2 4
t
2
22
13956.8 2145.75 100
13956.8 2145.75 -100
a
6
60
2077 2072 2142 2136 2176 2172 
1 2075 1 2138 0 2139 0 2140 0 2173 0 2174 0 2141 0 2640 0.5 2641 0.5 
1 2076 1 2140 0 2173 0 2174 0 2175 0 2640 0.5 2641 0.5 
1 2073 1 2138 0 2139 0 2137 0 2640 0.5 2641 0.5 
1 2074 1 2138 0 2139 0 2140 0 2640 0.5 2641 0.5 
2 2138 1 2075 0 2073 0 2074 0 2640 0.5 2641 0.5 
2 2139 1 2075 0 2073 0 2074 0 2640 0.5 2641 0.5 
2 2140 1 2075 0 2076 0 2074 0 2640 0.5 2641 0.5 
2 2137 1 2073 0 2640 0.5 2641 0.5 
2 2141 1 2075 0 2640 0.5 2641 0.5 
2 2173 1 2075 0 2076 0 2640 0.5 2641 0.5 
2 2174 1 2075 0 2076 0 2640 0.5 2641 0.5 
2 2175 1 2076 0 2640 0.5 2641 0.5 
0 2640 6 2075 0.5 2076 0.5 2073 0.5 2074 0.5 2138 0.5 2139 0.5 2140 0.5 2137 0.5 2141 0.5 2173 0.5 2174 0.5 2175 0.5 
0 2641 6 2075 0.5 2076 0.5 2073 0.5 2074 0.5 2138 0.5 2139 0.5 2140 0.5 2137 0.5 2141 0.5 2173 0.5 2174 0.5 2175 0.5 
NanList DIR 0
d
42
0 0 -14.5759 0 0 -14.5759 0 0 -14.5759 0 0 -14.5759 0 0 14.5759 0 0 14.5759 0 0 14.5759 0 0 14.5759 0 0 14.5759 0 0 14.5759 0 0 14.5759 0 0 14.5759 0 0 0 0 0 0 
s	12
2273 2275 2306 2308 
2273 2274 2275 2306 2307 2308 
b
2 0
0.292517 0.972775 0.493583
2274 0 0 1
2307 0 0 1
g
0
0.3 2 0 0 1 2 0 2 4
t
2
24
14631.8 1951.8 100
14631.8 1951.8 -100
a
4
66
2275 2272 2308 2305 
1 2274 1 2306 0 2307 0 2640 0.5 2641 0.5 
1 2273 1 2306 0 2640 0.5 2641 0.5 
2 2306 1 2274 0 2273 0 2640 0.5 2641 0.5 
2 2307 1 2274 0 2640 0.5 2641 0.5 
0 2640 2 2274 0.5 2273 0.5 2306 0.5 2307 0.5 
0 2641 2 2274 0.5 2273 0.5 2306 0.5 2307 0.5 
NanList DIR 0
d
18
0 0 -5.01292 0 0 -5.01292 0 0 5.01292 0 0 5.01292 0 0 0 0 0 0 
s	13
2520 2524 2555 2559 
2520 2521 2522 2523 2524 2555 2556 2557 2558 2559 
b
2 0
0.769914 0.526745 0.771358
2521 0 0 1
2522 0 0 2
2523 0 0 2
2556 0 0 2
2557 0 0 2
2558 0 0 1
g
0
0.3 2 0 0 1 2 0 2 4
t
2
26
16507.6 1049.96 100
16507.6 1049.96 -100
a
4
70
2524 2519 2559 2554 
1 2521 1 2555 0 2556 0 2640 0.5 2641 0.5 
1 2522 1 2556 0 2557 0 2640 0.5 2641 0.5 
1 2523 1 2557 0 2558 0 2640 0.5 2641 0.5 
1 2520 1 2555 0 2640 0.5 2641 0.5 
2 2555 1 2521 0 2520 0 2640 0.5 2641 0.5 
2 2556 1 2521 0 2522 0 2640 0.5 2641 0.5 
2 2557 1 2522 0 2523 0 2640 0.5 2641 0.5 
2 2558 1 2523 0 2640 0.5 2641 0.5 
0 2640 4 2521 0.5 2522 0.5 2523 0.5 2520 0.5 2555 0.5 2556 0.5 2557 0.5 2558 0.5 
0 2641 4 2521 0.5 2522 0.5 2523 0.5 2520 0.5 2555 0.5 2556 0.5 2557 0.5 2558 0.5 
NanList DIR 0
d
30
0 0 -9.31802 0 0 -9.31802 0 0 -9.31802 0 0 -9.31802 0 0 9.31802 0 0 9.31802 0 0 9.31802 0 0 9.31802 0 0 0 0 0 0 
s	14
2537 2538 2539 2570 2571 2572 2600 2601 2602 2603 
2537 2538 2539 2570 2571 2572 2600 2601 2602 2603 
b
2 0
0.283315 0.891529 0.400229
2538 0 0 1
2602 0 0 1
b
2 0
0.919026 0.807725 0.352458
2571 0 0 1
2601 0 0 1
g
0
0.3 2 0 0 1 2 0 2 4
t
2
28
16602 2136.76 100
16602 2136.76 -100
a
6
74
2539 2536 2572 2569 2603 2599 
1 2601 1 2538 0 2571 0 2537 0 2640 0.5 2641 0.5 
1 2600 1 2571 0 2570 0 2640 0.5 2641 0.5 
1 2602 1 2538 0 2640 0.5 2641 0.5 
2 2538 1 2601 0 2602 0 2640 0.5 2641 0.5 
2 2537 1 2601 0 2640 0.5 2641 0.5 
2 2571 1 2601 0 2600 0 2640 0.5 2641 0.5 
2 2570 1 2600 0 2640 0.5 2641 0.5 
0 2640 3.5 2601 0.5 2600 0.5 2602 0.5 2538 0.5 2537 0.5 2571 0.5 2570 0.5 
0 2641 3.5 2601 0.5 2600 0.5 2602 0.5 2538 0.5 2537 0.5 2571 0.5 2570 0.5 
NanList DIR 0
d
27
0 0 -11.5652 0 0 -11.5652 0 0 -11.5652 0 0 11.5652 0 0 11.5652 0 0 11.5652 0 0 11.5652 0 0 0 0 0 0 
s	15
2587 2591 2624 2628 
2587 2588 2589 2590 2591 2624 2625 2626 2627 2628 
b
2 0
0.525995 0.949327 0.0697553
2588 0 0 2
2589 0 0 3
2590 0 0 2
2625 0 0 2
2626 0 0 3
2627 0 0 2
g
0
0.3 2 0 0 1 2 0 2 4
t
2
30
16976.8 1203.41 100
16976.8 1203.41 -100
a
4
80
2591 2586 2628 2623 
1 2588 1 2625 0 2626 0 2624 0 2640 0.5 2641 0.5 
1 2589 1 2625 0 2626 0 2627 0 2640 0.5 2641 0.5 
1 2587 1 2625 0 2624 0 2640 0.5 2641 0.5 
1 2590 1 2626 0 2627 0 2640 0.5 2641 0.5 
2 2625 1 2588 0 2589 0 2587 0 2640 0.5 2641 0.5 
2 2626 1 2588 0 2589 0 2590 0 2640 0.5 2641 0.5 
2 2624 1 2588 0 2587 0 2640 0.5 2641 0.5 
2 2627 1 2589 0 2590 0 2640 0.5 2641 0.5 
0 2640 4 2588 0.5 2589 0.5 2587 0.5 2590 0.5 2625 0.5 2626 0.5 2624 0.5 2627 0.5 
0 2641 4 2588 0.5 2589 0.5 2587 0.5 2590 0.5 2625 0.5 2626 0.5 2624 0.5 2627 0.5 
NanList DIR 0
d
30
0 0 -12.6609 0 0 -12.6609 0 0 -12.6609 0 0 -12.6609 0 0 12.6609 0 0 12.6609 0 0 12.6609 0 0 12.6609 0 0 0 0 0 0 
s	16
2591 2594 2629 2633 
2591 2592 2593 2594 2629 2630 2631 2632 2633 
b
2 0
0.663227 0.192214 0.0860558
2592 0 0 2
2593 0 0 3
2630 0 0 2
2631 0 0 2
2632 0 0 1
g
0
0.3 2 0 0 1 2 0 2 4
t
2
32
17027.8 1513.98 100
17027.8 1513.98 -100
a
3
84
2594 2633 2628 
1 2592 1 2630 0 2629 0 2631 0 2640 0.5 2641 0.5 
1 2593 1 2630 0 2631 0 2632 0 2640 0.5 2641 0.5 
1 2591 1 2630 0 2629 0 2640 0.5 2641 0.5 
2 2630 1 2592 0 2593 0 2591 0 2640 0.5 2641 0.5 
2 2629 1 2592 0 2591 0 2640 0.5 2641 0.5 
2 2631 1 2592 0 2593 0 2640 0.5 2641 0.5 
2 2632 1 2593 0 2640 0.5 2641 0.5 
0 2640 3.5 2592 0.5 2593 0.5 2591 0.5 2630 0.5 2629 0.5 2631 0.5 2632 0.5 
0 2641 3.5 2592 0.5 2593 0.5 2591 0.5 2630 0.5 2629 0.5 2631 0.5 2632 0.5 
NanList DIR 0
d
27
0 0 -12.6609 0 0 -12.6609 0 0 -12.6609 0 0 12.6609 0 0 12.6609 0 0 12.6609 0 0 12.6609 0 0 0 0 0 0 
