33 0.3 0.1 0.3 1 0 20 1
p
0
30
1000 0 0
990.429 82.6946 0
980.858 165.389 0
971.288 248.084 0
961.79 330.787 0
952.386 413.501 0
943.111 496.229 0
934.002 578.976 0
925.095 661.746 0
916.426 744.541 0
908.03 827.364 0
899.943 910.218 0
892.197 993.106 0
884.836 1076.03 0
877.71 1158.97 0
870.806 1241.94 0
864.066 1324.92 0
857.434 1407.9 0
850.853 1490.9 0
844.267 1573.89 0
837.618 1656.87 0
830.849 1739.85 0
823.904 1822.81 0
816.727 1905.75 0
809.259 1988.66 0
801.446 2071.54 0
793.229 2154.39 0
784.553 2237.18 0
775.361 2319.92 0
765.7 2402.6 0
755.934 2485.27 0
p
1
30
1200 0 0
1195.54 69.3312 0
1191.09 138.662 0
1186.63 207.993 0
1182.18 277.325 0
1177.72 346.656 0
1173.27 415.987 0
1168.81 485.318 0
1164.36 554.649 0
1159.9 623.98 0
1155.44 693.312 0
1150.99 762.643 0
1146.53 831.974 0
1142.08 901.305 0
1137.62 970.636 0
1133.17 1039.97 0
1128.71 1109.3 0
1124.26 1178.63 0
1119.8 1247.96 0
1115.34 1317.29 0
1110.89 1386.62 0
1106.43 1455.95 0
1101.98 1525.29 0
1097.52 1594.62 0
1093.07 1663.95 0
1088.61 1733.28 0
1084.15 1802.61 0
1079.7 1871.94 0
1075.24 1941.27 0
1070.79 2010.6 0
1066.33 2079.93 0
p
2
30
1400 0 0
1392.48 77.5273 0
1384.95 155.055 0
1377.43 232.582 0
1369.91 310.109 0
1362.39 387.636 0
1354.86 465.164 0
1347.34 542.691 0
1339.82 620.218 0
1332.3 697.745 0
1324.77 775.273 0
1317.25 852.8 0
1309.73 930.327 0
1302.21 1007.85 0
1294.68 1085.38 0
1287.16 1162.91 0
1279.64 1240.44 0
1272.12 1317.96 0
1264.59 1395.49 0
1257.07 1473.02 0
1249.55 1550.55 0
1242.03 1628.07 0
1234.5 1705.6 0
1226.98 1783.13 0
1219.46 1860.65 0
1211.94 1938.18 0
1204.41 2015.71 0
1196.89 2093.24 0
1189.37 2170.76 0
1181.85 2248.29 0
1174.32 2325.82 0
p
3
30
1600 0 0
1599.21 83.3582 0
1598.41 166.716 0
1597.62 250.075 0
1596.83 333.433 0
1596.04 416.791 0
1595.24 500.149 0
1594.45 583.507 0
1593.66 666.866 0
1592.87 750.224 0
1592.07 833.582 0
1591.28 916.94 0
1590.49 1000.3 0
1589.69 1083.66 0
1588.9 1167.01 0
1588.11 1250.37 0
1587.32 1333.73 0
1586.52 1417.09 0
1585.73 1500.45 0
1584.94 1583.81 0
1584.15 1667.16 0
1583.35 1750.52 0
1582.56 1833.88 0
1581.77 1917.24 0
1580.97 2000.6 0
1580.18 2083.96 0
1579.39 2167.31 0
1578.6 2250.67 0
1577.8 2334.03 0
1577.01 2417.39 0
1576.22 2500.75 0
p
4
30
1800 0 0
1800.02 75.9489 0
1800.05 151.898 0
1800.29 227.84 0
1800.93 303.776 0
1802.25 379.699 0
1804.61 455.594 0
1808.45 531.427 0
1814.31 607.118 0
1821.25 682.709 0
1829.64 758.204 0
1839.29 833.577 0
1850.07 908.827 0
1861.81 983.961 0
1874.36 1058.99 0
1887.54 1133.93 0
1901.17 1208.81 0
1915.06 1283.64 0
1929.02 1358.47 0
1942.86 1433.32 0
1956.41 1508.2 0
1969.48 1583.16 0
1981.89 1658.21 0
1993.5 1733.36 0
2004.15 1808.62 0
2013.71 1884.01 0
2022.07 1959.51 0
2028.98 2035.13 -15.4594
2033.89 2110.9 -15.4594
2037.59 2186.81 -15.4594
2041.11 2262.73 -15.4594
p
5
30
2000 0 0
2000.75 70.3818 0
2001.49 140.764 0
2002.66 211.153 0
2004.28 281.544 0
2006.45 351.933 0
2009.26 422.32 0
2012.71 492.71 0
2016.55 563.158 0
2016.81 634.023 0
2017.5 704.869 0
2017.63 775.839 0
2018.33 846.88 0
2019.53 917.957 0
2021.34 989.03 0
2023.77 1060.08 0
2026.76 1131.09 0
2030.22 1202.08 0
2034.08 1273.07 0
2038.21 1344.09 0
2042.52 1415.16 0
2046.88 1486.31 0
2051.18 1557.56 0
2055.22 1628.89 0
2058.79 1700.3 0
2061.55 1771.76 0
2063.02 1843.25 0
2062.54 1914.72 0
2059.21 1986.05 8.83397
2052.12 2057.07 8.83397
2042.04 2127.75 8.83397
p
6
30
2200 0 0
2190.87 84.0028 0
2181.75 168.006 0
2174 252.152 0
2168.45 336.495 0
2166.49 421.055 0
2169.96 505.692 0
2181.38 589.879 0
2204.92 672.081 0
2240.33 750.564 0
2279.23 827.931 0
2319.09 905.136 0
2357.17 983.179 0
2389.86 1063.26 0
2414.25 1145.69 0
2428.1 1229.98 0
2429.99 1314.95 0
2419.52 1399.07 0
2397.31 1480.92 0
2364.89 1559.53 0
2324.48 1634.73 0
2278.76 1707.19 0
2230.7 1778.35 0
2183.43 1850.06 0
2140.3 1924.13 0
2104.77 2001.89 0
2078.47 2082.99 8.83397
2055.68 2165.36 8.83397
2033.01 2247.79 8.83397
2010.27 2330.2 8.83397
1987.53 2412.62 0
p
7
30
2400 0 0
2404.91 64.3971 0
2409.81 128.794 0
2414.78 193.185 0
2419.84 257.568 0
2425.03 321.939 0
2430.42 386.295 0
2436.05 450.628 0
2441.99 514.935 0
2448.29 579.207 0
2455 643.437 0
2462.2 707.616 0
2469.92 771.736 0
2478.22 835.785 0
2487.11 899.76 0
2496.63 963.648 0
2506.8 1027.44 0
2517.65 1091.13 0
2529.19 1154.7 0
2541.44 1218.15 0
2554.42 1281.46 0
2568.12 1344.62 0
2582.55 1407.64 0
2597.72 1470.49 0
2613.62 1533.17 0
2630.25 1595.67 0
2647.58 1658 0
2665.62 1720.14 0
2684.33 1782.09 0
2703.6 1843.89 0
2723.03 1905.64 0
p
8
30
2600 0 0
2595.69 62.0582 0
2591.37 124.116 0
2587.37 186.197 0
2583.73 248.303 0
2580.59 310.438 0
2578.06 372.604 0
2576.24 434.801 0
2575.22 497.021 0
2575.1 559.256 0
2575.95 621.494 0
2577.84 683.718 0
2580.85 745.909 0
2585.06 808.041 0
2590.17 870.116 0
2596.18 932.123 0
2602.98 994.059 0
2610.49 1055.92 0
2618.62 1117.72 0
2627.29 1179.46 0
2636.42 1241.13 0
2645.93 1302.76 0
2655.75 1364.34 0
2665.81 1425.89 0
2676.04 1487.42 0
2686.37 1548.93 0
2696.73 1610.44 0
2707.06 1671.95 0
2717.28 1733.48 0
2727.32 1795.03 0
2737.17 1856.61 0
p
9
30
2800 0 0
2798.02 80.239 0
2796.04 160.478 0
2792.87 240.681 0
2788.19 320.819 0
2781.45 400.829 0
2772.25 480.622 0
2760.43 560.103 0
2747.64 639.466 0
2734.51 718.79 0
2722.16 798.239 0
2711.81 877.959 0
2704.69 958.011 0
2701.99 1038.32 0
2703.79 1118.65 0
2710.75 1198.73 0
2723.08 1278.22 0
2740.83 1356.78 0
2763.84 1434.09 0
2791.74 1509.92 0
2824.02 1584.18 0
2859.99 1656.9 0
2898.87 1728.28 0
2939.74 1798.68 0
2981.64 1868.57 0
3023.51 1938.56 0
3064.2 2009.26 0
3103.05 2080.97 0
3141.34 2153.09 9.43765
3179.64 2225.23 9.43765
3217.96 2297.35 0
p
10
30
3000 0 0
2988.94 69.5737 0
2977.88 139.147 0
2967.64 208.861 0
2958.45 278.736 0
2950.74 348.812 0
2944.93 419.102 0
2941.43 489.588 0
2939.54 560.155 0
2939.37 630.777 0
2940.79 701.412 0
2943.71 772.023 0
2948.06 842.586 0
2953.81 913.078 0
2960.74 983.497 0
2968.2 1053.9 0
2976.13 1124.31 0
2984.35 1194.74 0
2992.77 1265.22 0
3001.34 1335.75 0
3010.1 1406.33 0
3019.13 1476.95 0
3028.53 1547.6 0
3038.5 1618.23 0
3049.23 1688.8 0
3061 1759.26 0
3074.1 1829.53 0
3088.88 1899.5 0
3105.74 1969.03 0
3125.11 2037.94 9.43765
3146.89 2106.17 9.43765
p
11
30
3200 0 0
3199.92 72.585 0
3199.84 145.17 0
3199.55 217.747 0
3199.01 290.318 0
3198.16 362.882 0
3197 435.436 0
3195.56 507.981 0
3193.89 580.528 0
3192 653.071 0
3189.94 725.61 0
3187.74 798.146 0
3185.45 870.681 0
3183.1 943.214 0
3180.74 1015.75 0
3178.41 1088.28 0
3176.15 1160.82 0
3173.99 1233.35 0
3171.97 1305.9 0
3170.14 1378.44 0
3168.52 1450.99 0
3167.15 1523.54 0
3166.06 1596.1 0
3165.27 1668.66 0
3164.82 1741.22 0
3164.71 1813.78 0
3164.98 1886.35 0
3165.64 1958.91 0
3166.69 2031.46 -12.5835
3168.12 2104.01 -12.5835
3169.83 2176.58 -12.5835
p
12
30
3400 0 0
3399.09 78.4298 0
3398.17 156.86 0
3397.26 235.289 0
3396.35 313.719 0
3395.44 392.149 0
3394.52 470.579 0
3393.61 549.009 0
3392.7 627.438 0
3391.78 705.868 0
3390.87 784.298 0
3389.96 862.728 0
3389.05 941.158 0
3388.13 1019.59 0
3387.22 1098.02 0
3386.31 1176.45 0
3385.4 1254.88 0
3384.48 1333.31 0
3383.57 1411.74 0
3382.66 1490.17 0
3381.74 1568.6 0
3380.83 1647.03 0
3379.92 1725.46 0
3379.01 1803.89 0
3378.09 1882.32 0
3377.18 1960.74 0
3376.27 2039.17 0
3375.35 2117.6 0
3374.44 2196.03 0
3373.53 2274.46 0
3372.62 2352.89 0
p
13
30
3600 0 0
3598.57 74.3992 0
3597.13 148.798 0
3595.7 223.198 0
3594.27 297.597 0
3592.84 371.996 0
3591.4 446.395 0
3589.97 520.794 0
3588.54 595.194 0
3587.1 669.593 0
3585.67 743.992 0
3584.24 818.391 0
3582.81 892.79 0
3581.37 967.19 0
3579.94 1041.59 0
3578.51 1115.99 0
3577.07 1190.39 0
3575.64 1264.79 0
3574.21 1339.19 0
3572.78 1413.58 0
3571.34 1487.98 0
3569.91 1562.38 0
3568.48 1636.78 0
3567.05 1711.18 0
3565.61 1785.58 0
3564.18 1859.98 0
3562.75 1934.38 0
3561.31 2008.78 0
3559.88 2083.18 0
3558.45 2157.58 0
3557.02 2231.98 0
p
14
30
3800 0 0
3799.83 68.7602 0
3799.66 137.52 0
3799.53 206.278 0
3799.52 275.033 0
3799.77 343.786 0
3800.48 412.534 0
3801.89 481.271 0
3804.29 549.982 0
3808.01 618.641 0
3813.36 687.2 0
3820.7 755.593 0
3830.33 823.725 0
3842.03 891.568 0
3855.96 959.035 0
3872.08 1026.06 0
3890.37 1092.59 0
3910.76 1158.57 0
3933.17 1223.96 0
3957.5 1288.73 0
3983.61 1352.89 0
4011.37 1416.42 0
4040.63 1479.36 0
4071.19 1541.74 0
4102.89 1603.61 0
4135.53 1665.06 0
4168.89 1726.15 0
4202.77 1787 0
4236.96 1847.69 0
4271.39 1908.28 -5.75448
4305.87 1968.85 -5.75448
p
15
30
4000 0 0
3991.42 61.2619 0
3982.84 122.524 0
3974.86 183.874 0
3967.63 245.322 0
3961.4 306.891 0
3956.42 368.588 0
3952.89 430.404 0
3950.99 492.315 0
3950.88 554.283 0
3952.66 616.257 0
3956.47 678.175 0
3962.4 739.966 0
3969.93 801.616 0
3979.04 863.092 0
3989.58 924.38 0
4001.41 985.472 0
4014.41 1046.37 0
4028.46 1107.07 0
4043.49 1167.57 0
4059.41 1227.88 0
4076.15 1288.01 0
4093.67 1347.95 0
4111.92 1407.7 0
4130.86 1467.27 0
4150.46 1526.66 0
4170.71 1585.87 0
4191.59 1644.89 0
4213.09 1703.72 0
4235.21 1762.35 0
4257.83 1820.8 0
p
16
30
4200 0 0
4204.69 70.1178 0
4209.38 140.236 0
4214.07 210.353 0
4218.76 280.471 0
4223.45 350.589 0
4228.15 420.707 0
4232.84 490.824 0
4237.53 560.942 0
4242.22 631.06 0
4246.91 701.178 0
4251.6 771.296 0
4256.29 841.413 0
4260.98 911.531 0
4265.67 981.649 0
4270.36 1051.77 0
4275.06 1121.88 0
4279.75 1192 0
4284.44 1262.12 0
4289.13 1332.24 0
4293.82 1402.36 0
4298.51 1472.47 0
4303.2 1542.59 0
4307.89 1612.71 0
4312.58 1682.83 0
4317.27 1752.94 0
4321.96 1823.06 0
4326.66 1893.18 3.83632
4331.35 1963.3 3.83632
4336.04 2033.42 3.83632
4340.73 2103.53 0
p
17
30
4400 0 0
4400.29 76.7969 0
4400.57 153.594 0
4401.42 230.374 0
4402.39 307.162 0
4403.61 383.948 0
4405.05 460.733 0
4406.7 537.518 0
4408.56 614.302 0
4410.59 691.085 0
4412.79 767.868 0
4415.14 844.65 0
4417.62 921.432 0
4420.22 998.213 0
4422.92 1074.99 0
4425.7 1151.77 0
4428.56 1228.55 0
4431.47 1305.33 0
4434.4 1382.12 0
4437.26 1458.9 0
4440.04 1535.68 0
4442.8 1612.47 0
4445.56 1689.26 0
4448.32 1766.04 0
4451.08 1842.83 0
4453.84 1919.62 0
4456.61 1996.41 0
4459.37 2073.19 0
4462.13 2149.98 0
4464.89 2226.77 0
4467.65 2303.56 0
p
18
30
4600 0 0
4606.63 67.2127 0
4613.26 134.425 0
4618.1 201.843 0
4622.02 269.317 0
4624.43 336.883 0
4624.99 404.519 0
4623.26 472.184 0
4618.7 539.801 0
4610.66 607.234 0
4598.55 674.259 0
4585.21 741.139 0
4570.51 807.891 0
4555.09 874.609 0
4539.49 941.368 0
4524.17 1008.22 0
4509.59 1075.22 0
4496.2 1142.39 0
4484.56 1209.75 0
4475.3 1277.32 0
4469.2 1345.07 0
4467.29 1412.9 0
4470.83 1480.53 0
4481.15 1547.41 0
4499.69 1612.61 0
4526.76 1675.2 0
4557.85 1736.25 -5.07125
4591.2 1796.27 -5.07125
4626.38 1855.33 -5.07125
4662.93 1913.65 -5.07125
4700.11 1971.57 0
p
19
30
4800 0 0
4800.37 76.3471 0
4800.74 152.694 0
4804.06 229.011 0
4809.01 305.255 0
4816.05 381.367 0
4824.81 457.318 0
4834.24 533.164 0
4842.31 609.086 0
4845.79 685.227 0
4840.28 761.143 0
4821.23 835.103 0
4791.61 906.031 0
4752.45 972.84 0
4706.81 1036.03 0
4658.35 1097.43 0
4611.02 1159.57 0
4568.83 1224.8 0
4535.6 1294.36 0
4514.48 1367.93 0
4507.17 1443.8 0
4513.38 1519.73 0
4530.64 1594.12 0
4555.35 1666.53 0
4585.71 1736.9 5.07125
4621.5 1805.1 5.07125
4662.44 1870.97 5.07125
4707.8 1934.7 5.07125
4755.87 1997.16 -11.7442
4804.38 2059.7 -11.7442
4852.73 2122.38 -11.7442
p
20
30
5000 0 0
5003.58 57.4272 0
5007.16 114.854 0
5010.82 172.284 0
5014 229.75 0
5016.59 287.258 0
5018.38 344.813 0
5019.16 402.415 0
5018.68 460.059 0
5016.69 517.733 0
5012.69 575.436 0
5003.87 632.982 0
4994.1 690.332 0
4982.8 747.523 0
4971.32 804.744 0
4959.8 861.986 0
4948.49 919.27 0
4937.52 976.598 0
4926.9 1033.97 0
4916.6 1091.37 0
4906.5 1148.81 0
4896.51 1206.28 0
4886.46 1263.77 0
4876.22 1321.27 0
4865.6 1378.75 0
4854.42 1436.17 0
4842.43 1493.46 0
4829.37 1550.56 0
4814.89 1607.32 0
4798.58 1663.62 0
4780.4 1719.42 0
p
21
30
5200 0 0
5193.07 76.7477 0
5186.14 153.495 0
5181.23 230.416 0
5177.85 307.434 0
5176.78 384.559 0
5178.55 461.723 0
5183.74 538.803 0
5192.98 615.588 0
5207.27 691.71 0
5229.25 766.224 0
5257.29 838.757 0
5282.31 912.45 0
5301.92 987.591 0
5312.32 1064.27 0
5310.14 1141.37 0
5293.53 1216.64 0
5262.25 1287.39 0
5217.75 1351.39 0
5162.71 1407.7 0
5100.48 1457.2 0
5034.54 1502.59 0
4968.43 1547.84 0
4905.96 1597.37 0
4851.71 1654.86 0
4809.27 1720.86 0
4777.59 1792.68 0
4765.57 1871.44 0
4772.38 1952.01 11.7442
4792.23 2031.23 11.7442
4815.4 2109.64 11.7442
p
22
30
5400 0 0
5399.76 77.5535 0
5399.53 155.107 0
5399.29 232.661 0
5399.05 310.214 0
5398.81 387.768 0
5398.58 465.321 0
5398.34 542.875 0
5398.1 620.428 0
5397.87 697.982 0
5397.63 775.535 0
5397.39 853.089 0
5397.15 930.642 0
5396.92 1008.2 0
5396.68 1085.75 0
5396.44 1163.3 0
5396.21 1240.86 0
5395.97 1318.41 0
5395.73 1395.96 0
5395.49 1473.52 0
5395.26 1551.07 0
5395.02 1628.62 0
5394.78 1706.18 0
5394.55 1783.73 0
5394.31 1861.28 0
5394.07 1938.84 0
5393.83 2016.39 0
5393.6 2093.95 0
5393.36 2171.5 0
5393.12 2249.05 0
5392.89 2326.61 0
p
23
30
5600 0 0
5608.64 65.8041 0
5617.27 131.608 0
5625.91 197.412 0
5634.55 263.216 0
5643.18 329.021 0
5651.82 394.825 0
5660.45 460.629 0
5669.09 526.433 0
5677.73 592.237 0
5686.36 658.041 0
5695 723.845 0
5703.64 789.649 0
5712.27 855.454 0
5720.91 921.258 0
5729.55 987.062 0
5738.18 1052.87 0
5746.82 1118.67 0
5755.45 1184.47 0
5764.09 1250.28 0
5772.73 1316.08 0
5781.36 1381.89 0
5790 1447.69 0
5798.64 1513.49 0
5807.27 1579.3 0
5815.91 1645.1 0
5824.55 1710.91 0
5833.18 1776.71 0
5841.82 1842.52 0
5850.45 1908.32 0
5859.09 1974.12 0
p
24
30
5800 0 0
5814.72 72.9415 0
5829.44 145.883 0
5844.1 218.832 0
5858.62 291.805 0
5872.9 364.824 0
5886.75 437.921 0
5899.96 511.136 0
5912.22 584.514 0
5923.13 658.106 0
5932.17 731.956 0
5938.65 806.09 0
5941.55 880.482 0
5939.31 954.969 0
5929.39 1029.01 0
5909.77 1101.44 0
5889.42 1173.9 0
5870.74 1246.88 0
5858.17 1320.98 0
5855.67 1395.78 0
5866.12 1469.56 0
5890.85 1539.68 0
5929.32 1603.4 0
5979.05 1659.21 0
6036.8 1707.33 0
6098.98 1750.16 0
6162.05 1791.83 0
6222.14 1837.33 0
6274.35 1891.23 -14.0654
6315.9 1953.67 -14.0654
6356.19 2017.15 -14.0654
p
25
30
6000 0 0
5996.66 67.6346 0
5993.32 135.269 0
5990.2 202.914 0
5987.33 270.57 0
5984.8 338.241 0
5982.69 405.926 0
5981.06 473.625 0
5979.95 541.336 0
5979.39 609.055 0
5979.35 676.777 0
5979.77 744.498 0
5980.44 812.217 0
5980.98 879.935 0
5981.13 947.653 0
5982.92 1015.38 0
5987.69 1083 0
5996.16 1150.31 0
6009.05 1216.98 0
6026.81 1282.61 0
6049.49 1346.83 0
6077.06 1409.26 0
6109.25 1469.6 0
6143.64 1528.84 0
6179.41 1587.38 0
6215.22 1645.95 0
6249.76 1705.29 0
6281.65 1766.08 -14.0654
6309.12 1829.04 -14.0654
6330.79 1894.12 -14.0654
6352.23 1959.38 -14.0654
p
26
30
6200 0 0
6204.16 63.7898 0
6208.31 127.58 0
6212.57 191.373 0
6216.93 255.165 0
6221.41 318.957 0
6226.01 382.749 0
6230.73 446.543 0
6235.56 510.342 0
6240.47 574.15 0
6245.45 637.974 0
6250.47 701.826 0
6255.46 765.73 0
6260.25 829.739 0
6265.42 893.899 0
6268.03 958.665 0
6271.58 1023.17 0
6275.22 1087.68 0
6279.54 1152.13 0
6284.26 1216.53 0
6289.3 1280.89 0
6294.53 1345.24 0
6299.8 1409.62 0
6305 1474.05 0
6309.96 1538.54 0
6314.49 1603.07 0
6318.25 1667.65 0
6320.74 1732.26 12.3073
6321.23 1796.89 12.3073
6319.34 1861.43 12.3073
6316.07 1925.67 12.3073
p
27
30
6400 0 0
6392.13 71.9313 0
6384.25 143.863 0
6376.42 215.79 0
6368.81 287.737 0
6361.71 359.732 0
6355.53 431.808 0
6350.82 503.996 0
6348.27 576.301 0
6348.71 648.675 0
6353.13 720.96 0
6362.65 792.832 0
6378.47 863.707 0
6401.75 932.664 0
6433.2 998.491 0
6471.28 1060.75 0
6509.55 1123.18 0
6544.98 1187.12 0
6573.35 1254.14 0
6590.85 1324.36 0
6594.78 1396.32 0
6584.19 1467.5 0
6560.19 1535.48 0
6525.65 1599.08 0
6484.56 1658.99 0
6441.45 1717.62 0
6401.23 1778.14 0
6369.34 1843.14 12.3073
6348.62 1912.28 12.3073
6331.36 1982.63 12.3073
6314.36 2053.16 12.3073
p
28
30
6600 0 0
6603.97 78.9403 0
6607.94 157.881 0
6612.13 236.807 0
6616.65 315.715 0
6621.68 394.592 0
6627.39 473.424 0
6633.97 552.19 0
6641.25 630.901 0
6649.32 709.544 0
6658.17 788.111 0
6667.79 866.598 0
6678.18 944.999 0
6689.32 1023.31 0
6701.2 1101.53 0
6713.8 1179.65 0
6727.09 1257.67 0
6741.06 1335.59 0
6755.68 1413.4 0
6770.92 1491.12 0
6786.74 1568.74 0
6803.12 1646.26 0
6820.01 1723.68 0
6837.39 1801.02 0
6855.2 1878.27 0
6873.42 1955.45 0
6891.99 2032.55 0
6910.87 2109.59 0
6929.98 2186.58 0
6949.15 2263.57 0
6968.32 2340.56 0
p
29
30
6800 0 0
6796.91 73.8453 0
6793.82 147.691 0
6791.23 221.559 0
6789.23 295.448 0
6788 369.36 0
6787.72 443.289 0
6788.54 517.224 0
6790.18 591.153 0
6792.69 665.07 0
6796.01 738.968 0
6800.09 812.842 0
6804.87 886.687 0
6810.31 960.501 0
6816.36 1034.28 0
6822.98 1108.03 0
6830.12 1181.74 0
6837.75 1255.42 0
6845.83 1329.06 0
6854.33 1402.67 0
6863.22 1476.24 0
6872.45 1549.79 0
6882.01 1623.3 0
6891.86 1696.78 0
6901.98 1770.24 0
6912.34 1843.67 0
6922.91 1917.08 0
6933.68 1990.47 0
6944.61 2063.85 0
6955.69 2137.2 0
6966.87 2210.54 0
p
30
30
7000 0 0
7002.41 71.0375 0
7004.81 142.075 0
7007.18 213.115 0
7009.39 284.161 0
7011.24 355.217 0
7012.44 426.287 0
7012.61 497.366 0
7011.43 568.441 0
7009.57 639.514 0
7006.96 710.577 0
7003.77 781.626 0
7000.18 852.666 0
6996.36 923.699 0
6992.48 994.731 0
6988.72 1065.77 0
6985.26 1136.81 0
6982.27 1207.87 0
6979.92 1278.94 0
6978.38 1350.02 0
6977.84 1421.11 0
6978.56 1492.18 0
6980.81 1563.28 0
6983.4 1634.31 0
6985.99 1705.34 0
6988.57 1776.37 0
6991.16 1847.41 0
6993.74 1918.44 0
6996.33 1989.47 0
6998.91 2060.51 0
7001.5 2131.54 0
p
31
30
7200 0 0
7211.38 77.9741 0
7222.75 155.948 0
7234.87 233.807 0
7247.54 311.575 0
7260.52 389.29 0
7273.16 467.056 0
7284.52 545.02 0
7293.79 623.261 0
7300.07 701.808 0
7301.85 780.625 0
7297.29 859.423 0
7284.15 937.445 0
7260.27 1013.23 0
7224.62 1084.8 0
7178.29 1150.72 0
7129.59 1215.29 0
7082.77 1281.21 0
7043.7 1351.5 0
7018.27 1427.1 0
7010.91 1505.87 0
7023.36 1583.69 0
7057.42 1654.91 0
7109.33 1715.07 0
7172.49 1764.35 0
7240.3 1807.82 0
7306.38 1853.96 0
7364.06 1910.06 -9.39209
7408.88 1977.3 -9.39209
7434.54 2054.94 -14.3288
7454.38 2134.48 -14.3288
p
32
30
7400 0 0
7395.6 63.5342 0
7391.19 127.068 0
7387.05 190.631 0
7383.17 254.218 0
7379.58 317.831 0
7376.29 381.471 0
7373.32 445.141 0
7370.69 508.842 0
7368.24 572.563 0
7365.95 636.311 0
7363.76 700.093 0
7361.74 763.929 0
7360.17 827.858 0
7359.6 891.946 0
7361.3 956.2 0
7362.45 1020.43 0
7363.44 1084.73 0
7364.12 1149.08 0
7364.58 1213.5 0
7365.31 1278.01 0
7365.28 1342.64 0
7365.05 1407.4 0
7364.84 1472.31 0
7364.97 1537.35 0
7365.84 1602.48 0
7367.89 1667.66 0
7371.61 1732.79 0
7377.49 1797.76 0
7386.02 1862.44 9.39209
7397.05 1926.85 9.39209
p
33
30
7600 0 0
7602.54 75.8103 0
7605.09 151.621 0
7608.31 227.4 0
7612.29 303.138 0
7617.3 378.808 0
7623.62 454.367 0
7631.69 529.745 0
7642.34 604.787 0
7656.33 679.347 0
7673.94 753.187 0
7694.96 826.174 0
7718.52 898.397 0
7743.02 970.25 0
7766.46 1042.32 0
7784.91 1115.69 0
7796.93 1190.34 0
7800.61 1265.81 0
7795.16 1341.22 0
7780.95 1415.61 0
7759.52 1488.41 0
7732.98 1559.68 -7.46346
7702.24 1629.4 -7.46346
7667.59 1697.52 -7.46346
7629.89 1764.24 -7.46346
7589.56 1829.53 0
7548.54 1894.45 0
7509.37 1960.42 0
7474.7 2028.67 9.55254
7445.72 2099.66 9.55254
7418.74 2171.32 9.55254
p
34
30
7800 0 0
7809.19 75.6349 0
7818.37 151.27 0
7828.05 226.81 0
7838.3 302.26 0
7849.2 377.612 0
7860.65 452.881 0
7872.41 528.113 0
7885.03 603.221 0
7898.16 678.232 0
7911.58 753.184 0
7924.77 828.168 0
7936.92 903.318 0
7946.98 978.778 -9.41426
7953.31 1054.62 -9.41426
7952.68 1130.78 -9.41426
7942.72 1206.41 -9.41426
7922.89 1280.28 -9.41426
7894.02 1351.43 -9.41426
7858.55 1419.88 0
7818.37 1485.85 0
7775.99 1550.45 7.46346
7734.28 1615.32 7.46346
7697.38 1682.73 7.46346
7668.99 1753.79 7.46346
7651.76 1828.06 0
7647.19 1904.02 0
7653.83 1979.82 0
7667.84 2054.65 0
7683.82 2129.16 5.7552
7697.26 2204.36 5.7552
p
35
30
8000 0 0
7990.09 71.4495 0
7980.18 142.899 0
7973.17 214.82 0
7968.8 287.041 0
7967.24 359.483 0
7968.38 432.045 0
7972.27 504.618 0
7976.3 577.299 0
7980.61 649.965 0
7984.48 722.694 0
7987.23 795.492 0
7988.08 868.335 0
7986.02 941.149 0
7980.45 1013.87 11.2971
7973 1086.58 11.2971
7964.13 1159.34 11.2971
7954.08 1232.22 11.2971
7943.24 1305.21 11.2971
7929.26 1377.46 0
7912.8 1449.16 0
7894.21 1520.31 0
7874.13 1591.07 0
7853.48 1661.77 0
7831.33 1732.13 0
7808.42 1802.35 0
7785.07 1872.48 0
7762.16 1942.72 0
7741.79 2013.59 0
7726.67 2085.71 5.7552
7715.4 2157.88 5.7552
p
36
30
8200 0 0
8185.28 74.9207 0
8170.56 149.841 0
8157.4 225.056 0
8146.4 300.633 0
8138.56 376.645 0
8134.78 453.036 0
8135.39 529.607 0
8140.44 606.1 0
8147.24 682.566 0
8154.62 759.001 0
8160.76 835.497 0
8163.81 912.061 0
8162.12 988.514 0
8154.4 1064.43 0
8139.98 1139.23 0
8119.03 1212.37 0
8092.92 1283.78 0
8063.45 1353.88 0
8031.52 1422.97 0
7998.57 1491.61 0
7965.72 1560.32 0
7933.85 1629.47 0
7903.52 1699.3 0
7874.97 1769.85 0
7848.07 1841.04 0
7822.38 1912.66 0
7797.2 1984.47 0
7771.7 2056.18 0
7746.13 2127.84 -11.5104
7723.5 2200.66 -11.5104
p
37
30
8400 0 0
8409.8 82.2967 0
8419.59 164.593 0
8428.54 246.986 0
8436.16 329.518 0
8441.69 412.235 0
8444.15 495.139 0
8442.37 578.135 0
8434.92 660.94 0
8420 742.944 0
8395.34 822.925 0
8361.5 899.867 0
8325.67 976.194 0
8290.44 1052.9 0
8258.94 1131.04 0
8234.38 1211.3 0
8219.58 1293.52 0
8216.54 1376.67 0
8226.21 1459.11 0
8248.45 1539.1 0
8281.99 1615.26 0
8324.71 1687.05 0
8373.91 1754.97 0
8426.58 1820.55 0
8479.5 1886 0
8529.2 1953.78 0
8571.91 2025.94 0
8605.29 2102.66 0
8631.86 2182.11 0
8648.73 2264.48 0
8663.09 2347.36 0
p
38
30
8600 0 0
8599.02 70.3141 0
8598.04 140.628 0
8596.94 210.95 0
8595.73 281.277 0
8594.39 351.609 0
8592.91 421.949 0
8591.3 492.3 0
8589.57 562.67 0
8587.86 633.078 0
8586.92 703.597 0
8589.31 774.339 0
8591.53 845.05 0
8594.25 915.817 0
8597.2 986.613 0
8599.5 1057.44 0
8601.26 1128.29 0
8602.41 1199.15 0
8602.99 1270.04 0
8603.1 1340.96 0
8602.86 1411.94 0
8602.41 1482.99 0
8601.94 1554.11 0
8601.65 1625.3 0
8601.79 1696.54 0
8602.67 1767.8 0
8604.74 1839.04 0
8608.55 1910.19 0
8614.88 1981.11 0
8624.72 2051.61 0
8638.34 2121.57 0
p
39
30
8800 0 0
8807.64 76.266 0
8815.28 152.532 0
8822.75 228.814 0
8830.02 305.114 0
8837.05 381.435 0
8843.81 457.781 0
8850.32 534.145 0
8856.68 610.519 0
8863.14 686.879 0
8870.07 763.191 0
8877.41 839.49 0
8883.9 915.873 0
8889.3 992.356 0
8893.02 1068.95 0
8894.56 1145.64 0
8893.45 1222.36 0
8889.3 1299 0
8881.81 1375.43 0
8871.55 1451.57 0
8858.58 1527.33 0
8843.24 1602.69 0
8825.92 1677.66 0
8807.07 1752.29 0
8787.17 1826.66 0
8766.74 1900.9 0
8746.34 1975.14 0
8726.5 2049.52 0
8707.82 2124.18 0
8690.83 2199.24 0
8675.63 2274.75 0
p
40
30
9000 0 0
8995 78.0506 0
8990.01 156.101 0
8985.02 234.148 0
8980.02 312.191 0
8975.02 390.231 0
8970.02 468.266 0
8965.03 546.297 0
8960.13 624.327 0
8955.49 702.363 0
8951.59 780.419 0
8949.62 858.536 0
8948.13 936.696 0
8947.2 1014.88 0
8946.43 1093.09 0
8945.37 1171.31 0
8943.56 1249.52 0
8940.52 1327.69 0
8935.8 1405.78 0
8928.86 1483.71 0
8919.34 1561.36 0
8906.93 1638.61 0
8891.48 1715.33 0
8872.96 1791.4 0
8851.5 1866.73 0
8827.4 1941.29 0
8801.11 2015.17 0
8773.25 2088.5 0
8744.56 2161.54 0
8715.66 2234.5 0
8686.25 2307.36 0
p
41
30
9200 0 0
9191.7 72.1596 0
9183.4 144.319 0
9175.1 216.479 0
9166.81 288.638 0
9158.51 360.798 0
9150.21 432.958 0
9141.91 505.117 0
9133.61 577.277 0
9125.31 649.437 0
9117.01 721.596 0
9108.72 793.756 0
9100.42 865.915 0
9092.12 938.075 0
9083.82 1010.23 0
9075.52 1082.39 0
9067.22 1154.55 0
9058.92 1226.71 0
9050.63 1298.87 0
9042.33 1371.03 0
9034.03 1443.19 0
9025.73 1515.35 0
9017.43 1587.51 0
9009.13 1659.67 0
9000.83 1731.83 0
8992.54 1803.99 0
8984.24 1876.15 0
8975.94 1948.31 0
8967.64 2020.47 0
8959.34 2092.63 0
8951.04 2164.79 0
p
42
30
9400 0 0
9401.71 69.2519 0
9403.42 138.504 0
9404.69 207.755 0
9405.87 277.014 0
9406.85 346.278 0
9407.65 415.546 0
9408.28 484.819 0
9408.75 554.095 0
9409.06 623.376 0
9409.24 692.66 0
9409.28 761.947 0
9409.2 831.237 0
9409.02 900.53 0
9408.73 969.825 0
9408.36 1039.12 0
9407.91 1108.42 0
9407.39 1177.72 0
9406.81 1247.02 0
9406.19 1316.33 0
9405.53 1385.63 0
9404.84 1454.94 0
9404.14 1524.24 0
9403.44 1593.55 0
9402.74 1662.85 0
9402.06 1732.16 0
9401.41 1801.46 0
9400.79 1870.77 0
9400.22 1940.07 0
9399.67 2009.37 -2.79126
9399.01 2078.67 -2.79126
p
43
30
9600 0 0
9601.88 72.2626 0
9603.76 144.525 0
9602.71 216.926 0
9600.58 289.293 0
9596.82 361.637 0
9592.1 433.954 0
9586.48 506.232 0
9580.21 578.472 0
9573.48 650.679 0
9566.46 722.859 0
9559.29 795.022 0
9552.07 867.178 0
9544.9 939.336 0
9537.81 1011.5 0
9530.85 1083.69 0
9524.02 1155.9 0
9517.31 1228.13 0
9510.68 1300.39 0
9504.09 1372.66 0
9497.47 1444.96 0
9490.74 1517.26 0
9483.79 1589.55 0
9476.52 1661.83 0
9468.81 1734.07 0
9460.51 1806.26 0
9451.5 1878.38 0
9441.62 1950.41 0
9430.87 2022.35 2.79126
9419.71 2094.24 2.79126
9407.91 2166.05 0
p
44
30
9800 0 0
9794.84 82.1758 0
9789.68 164.352 0
9785.33 246.551 0
9780.25 328.721 0
9774.26 410.834 0
9767.69 492.91 0
9760.24 574.923 0
9751.86 656.857 0
9742.5 738.7 0
9732.1 820.439 0
9720.66 902.06 0
9708.17 983.555 0
9694.63 1064.91 0
9680.07 1146.13 0
9664.52 1227.2 0
9648.04 1308.13 0
9630.68 1388.92 0
9612.5 1469.57 0
9593.6 1550.09 0
9574.06 1630.5 0
9553.99 1710.81 0
9533.48 1791.04 0
9512.67 1871.21 0
9491.66 1951.34 0
9470.59 2031.47 0
9449.6 2111.62 0
9428.82 2191.84 0
9408.09 2272.06 0
9387.36 2352.28 0
9366.63 2432.5 0
p
45
30
10000 0 0
10008.7 78.1089 0
10017.4 156.218 0
10026.6 234.291 0
10036.1 312.319 0
10045.9 390.309 0
10056 468.264 0
10066.2 546.198 0
10076.4 624.132 0
10086.5 702.089 0
10096.5 780.057 0
10106.4 858.045 0
10116.1 936.057 0
10125.7 1014.1 0
10135 1092.16 0
10144.1 1170.26 0
10152.8 1248.39 0
10161.3 1326.56 0
10169.4 1404.76 0
10177.2 1483 0
10184.5 1561.28 0
10191.3 1639.6 0
10197.7 1717.96 0
10203.5 1796.35 0
10208.7 1874.79 0
10213.2 1953.27 0
10217.1 2031.79 0
10220.2 2110.35 0
10222.6 2188.94 -18.6518
10223.9 2267.55 -18.6518
10223.8 2346.22 -18.6518
p
46
30
10200 0 0
10201 53.9245 0
10202.1 107.849 0
10203.1 161.773 0
10204.2 215.698 0
10205.2 269.622 0
10206.3 323.547 0
10207.3 377.471 0
10208.3 431.396 0
10209.4 485.32 0
10210.4 539.245 0
10211.5 593.169 0
10212.5 647.093 0
10213.6 701.018 0
10214.6 754.942 0
10215.6 808.867 0
10216.7 862.791 0
10217.7 916.716 0
10218.8 970.64 0
10219.8 1024.56 0
10220.8 1078.49 0
10221.9 1132.41 0
10222.9 1186.34 0
10224 1240.26 0
10225 1294.19 0
10226.1 1348.11 0
10227.1 1402.04 0
10228.1 1455.96 0
10229.2 1509.88 0
10230.2 1563.81 0
10231.3 1617.73 0
p
47
30
10400 0 0
10407.2 77.6223 0
10414.4 155.245 0
10422.9 232.743 0
10432.4 310.121 0
10441 387.661 0
10448.2 465.372 0
10453.5 543.291 0
10456.4 621.395 0
10456.5 699.613 0
10454.8 777.832 0
10451.5 856.022 0
10446.9 934.151 0
10441.2 1012.21 0
10434.6 1090.19 0
10427.3 1168.1 0
10419.3 1245.96 0
10410.4 1323.74 0
10401.4 1401.55 0
10392.1 1479.37 0
10382.6 1557.21 0
10372.6 1635.06 0
10362 1712.87 0
10350.5 1790.6 0
10337.8 1868.16 0
10323.4 1945.45 0
10306.9 2022.32 0
10287.7 2098.57 0
10265.3 2173.93 4.96664
10239.4 2248.21 4.96664
10211.5 2321.76 4.96664
p
48
30
10600 0 0
10595.1 83.2138 0
10590.1 166.428 0
10586.3 249.672 0
10584.1 332.977 0
10583.6 416.34 0
10585.3 499.719 0
10589.3 583.056 0
10595.7 666.292 0
10604 749.383 0
10613 832.434 0
10621.9 915.499 0
10629.6 998.66 0
10635.3 1081.96 0
10637.9 1165.37 0
10636.8 1248.76 -9.53205
10631.7 1331.98 -9.53205
10622 1414.78 -9.53205
10608 1496.99 -9.53205
10589.7 1578.39 -9.53205
10567.4 1658.86 -9.53205
10541.3 1738.24 0
10510.8 1816.16 0
10476.5 1892.55 0
10439.1 1967.54 0
10399.2 2041.36 0
10357.7 2114.36 0
10315.4 2186.96 0
10273.2 2259.61 13.6852
10231.6 2332.59 13.6852
10189.9 2405.59 13.6852
p
49
30
10800 0 0
10786.4 74.7362 0
10772.7 149.472 0
10761.2 224.637 0
10751.8 300.149 0
10743.2 375.77 0
10735.7 451.547 0
10729.1 527.436 0
10723 603.402 0
10717.3 679.413 0
10711.7 755.441 0
10706 831.456 0
10700.1 907.431 0
10693.5 983.335 0
10686.2 1059.13 0
10677.9 1134.79 0
10668.5 1210.28 8.17033
10658.4 1285.72 8.17033
10647.8 1361.07 8.17033
10636.5 1436.31 8.17033
10624.6 1511.42 8.17033
10612 1586.43 8.17033
10599 1661.33 8.17033
10585.6 1736.15 0
10572.2 1810.93 0
10558.8 1885.7 0
10545.4 1960.48 0
10532 2035.26 0
10518.6 2110.04 0
10505.2 2184.82 0
10491.8 2259.6 0
p
50
30
11000 0 0
11010.9 82.9002 0
11021.7 165.8 0
11032.1 248.765 0
11042 331.802 0
11051.2 414.904 0
11059.8 498.089 0
11067.8 581.324 0
11075.4 664.607 0
11082.6 747.929 0
11089.4 831.282 0
11095.9 914.657 0
11102.1 998.049 0
11108.3 1081.45 0
11114.3 1164.86 0
11120.2 1248.28 0
11126.2 1331.69 0
11132.2 1415.11 0
11138.1 1498.54 0
11143.1 1582.04 0
11147.1 1665.6 0
11150 1749.21 0
11151.8 1832.86 0
11153.5 1916.52 0
11155.5 2000.17 0
11158.1 2083.81 0
11162 2167.4 0
11167.4 2250.88 0
11175 2334.18 0
11185.2 2417.2 0
11197.9 2499.87 0
p
51
30
11200 0 0
11194.3 83.2566 0
11188.5 166.513 0
11183 249.773 0
11177.6 333.046 0
11172.9 416.363 0
11169.1 499.726 0
11165.8 583.118 0
11163.3 666.538 0
11161.5 749.981 0
11160.3 833.44 0
11159.8 916.909 0
11159.9 1000.38 0
11160.7 1083.85 0
11161.9 1167.32 0
11163.6 1250.77 0
11165.8 1334.22 0
11168.3 1417.66 0
11171.2 1501.08 0
11175.3 1584.46 0
11180.7 1667.77 0
11187.5 1751 0
11195.9 1834.1 0
11204.6 1917.17 0
11213.3 2000.24 0
11221.4 2083.37 0
11228.4 2166.59 0
11233.5 2249.94 0
11236.1 2333.38 0
11235.8 2416.86 0
11232.4 2500.27 0
p
52
30
11400 0 0
11393.9 80.6668 0
11387.7 161.334 0
11381.8 242.017 0
11376 322.716 0
11370.3 403.421 0
11364.8 484.137 0
11359.4 564.862 0
11354.2 645.596 0
11349 726.338 0
11344 807.089 0
11339.1 887.847 0
11334.3 968.613 0
11329.5 1049.39 0
11324.9 1130.16 0
11320.4 1210.95 0
11316 1291.74 0
11311.7 1372.54 0
11307.4 1453.34 0
11303.2 1534.15 0
11299.1 1614.96 0
11295.1 1695.78 0
11291.2 1776.6 0
11287.3 1857.43 0
11283.5 1938.26 0
11279.8 2019.09 0
11276.1 2099.93 0
11272.5 2180.77 0
11268.9 2261.62 0
11265.4 2342.46 0
11261.9 2423.31 0
p
53
30
11600 0 0
11598.9 75.3764 0
11597.8 150.753 0
11596.7 226.129 0
11595.6 301.506 0
11594.5 376.882 0
11593.5 452.259 0
11592.4 527.635 0
11591.3 603.012 0
11590.2 678.388 0
11589.1 753.764 0
11588 829.141 0
11586.9 904.517 0
11585.8 979.894 0
11584.7 1055.27 0
11583.6 1130.65 0
11582.6 1206.02 0
11581.5 1281.4 0
11580.4 1356.78 0
11579.3 1432.15 0
11578.2 1507.53 0
11577.1 1582.91 0
11576 1658.28 0
11574.9 1733.66 0
11573.8 1809.03 0
11572.7 1884.41 0
11571.7 1959.79 0
11570.6 2035.16 0
11569.5 2110.54 0
11568.4 2185.92 0
11567.3 2261.29 0
p
54
30
11800 0 0
11796.2 60.6364 0
11792.4 121.273 0
11788.6 181.909 0
11784.8 242.546 0
11781 303.182 0
11777.2 363.819 0
11773.4 424.455 0
11769.6 485.092 0
11765.8 545.728 0
11762 606.364 0
11758.2 667.001 0
11754.4 727.637 0
11750.5 788.274 0
11746.7 848.91 0
11742.9 909.547 0
11739.1 970.183 0
11735.3 1030.82 0
11731.5 1091.46 0
11727.7 1152.09 0
11723.9 1212.73 0
11720.1 1273.37 0
11716.3 1334 0
11712.5 1394.64 0
11708.7 1455.27 0
11704.9 1515.91 0
11701.1 1576.55 0
11697.3 1637.18 0
11693.5 1697.82 0
11689.7 1758.46 0
11685.9 1819.09 0
p
55
30
12000 0 0
12000 75.4709 0
12000 150.942 0
11999.8 226.413 0
11999.3 301.884 0
11998.6 377.353 0
11997.4 452.817 0
11995.7 528.272 0
11993.6 603.719 0
11991.1 679.155 0
11988.1 754.579 0
11984.7 829.988 0
11980.9 905.382 0
11976.8 980.761 0
11972.2 1056.12 0
11967.3 1131.47 0
11962.1 1206.79 0
11956.6 1282.1 0
11950.7 1357.39 0
11944.6 1432.66 0
11938.1 1507.91 0
11931.4 1583.14 0
11924.5 1658.35 0
11917.3 1733.55 0
11909.9 1808.73 0
11902.3 1883.89 0
11894.5 1959.04 0
11886.5 2034.17 0
11878.4 2109.29 -15.3985
11870.1 2184.38 -15.3985
11861.7 2259.48 -15.3985
p
56
30
12200 0 0
12202.2 79.2993 0
12204.3 158.599 0
12206.2 237.906 0
12207.7 317.222 0
12208.7 396.551 0
12208.9 475.89 0
12208.1 555.235 0
12206.1 634.565 0
12202.8 713.862 0
12198 793.097 0
12191.7 872.235 0
12183.6 951.231 0
12173.6 1030.03 0
12162.2 1108.66 0
12149.3 1187.09 0
12135.2 1265.32 0
12119.8 1343.35 0
12103.3 1421.18 0
12085.8 1498.81 0
12067.3 1576.23 0
12047.9 1653.46 0
12027.5 1730.48 0
12006.4 1807.3 0
11984.3 1883.91 0
11961.5 1960.31 0
11937.8 2036.48 0
11913.4 2112.44 11.5489
11888.4 2188.25 11.5489
11862.8 2263.87 11.5489
11836.4 2339.22 11.5489
p
57
30
12400 0 0
12392.9 84.1596 0
12385.8 168.319 0
12379.1 252.508 0
12372.9 336.734 0
12367.4 421.01 0
12362.9 505.343 0
12359.6 589.732 0
12356.7 674.138 0
12353.9 758.546 0
12350.6 842.933 0
12346.2 927.263 0
12340.1 1011.48 0
12331.7 1095.49 0
12320.8 1179.23 0
12307.1 1262.56 0
12290.4 1345.36 0
12270.5 1427.51 0
12247.5 1508.88 0
12221.5 1589.39 0
12192.5 1668.98 0
12160.9 1747.62 0
12126.9 1825.37 0
12091 1902.31 0
12053.6 1978.59 0
12015.2 2054.42 0
11976.4 2130.05 0
11937.7 2205.73 0
11899.7 2281.77 0
11862.7 2358.26 0
11825.5 2434.72 0
p
58
30
12600 0 0
12591 58.6635 0
12582 117.327 0
12573 175.991 0
12563.9 234.654 0
12554.9 293.318 0
12545.9 351.981 0
12536.9 410.645 0
12527.9 469.308 0
12518.9 527.972 0
12509.9 586.635 0
12500.9 645.299 0
12491.8 703.962 0
12482.8 762.626 0
12473.8 821.289 0
12464.8 879.953 0
12455.8 938.616 0
12446.8 997.28 0
12437.8 1055.94 0
12428.8 1114.61 0
12419.7 1173.27 0
12410.7 1231.93 0
12401.7 1290.6 0
12392.7 1349.26 0
12383.7 1407.92 0
12374.7 1466.59 0
12365.7 1525.25 0
12356.6 1583.91 0
12347.6 1642.58 0
12338.6 1701.24 0
12329.6 1759.91 0
p
59
30
12800 0 0
12803.3 74.7441 0
12806.7 149.488 0
12810 224.232 0
12813.3 298.976 0
12816.7 373.721 0
12820 448.465 0
12823.4 523.209 0
12826.7 597.953 0
12830 672.697 0
12833.4 747.441 0
12836.7 822.185 0
12840 896.929 0
12843.4 971.673 0
12846.7 1046.42 0
12850 1121.16 0
12853.4 1195.91 0
12856.7 1270.65 0
12860.1 1345.39 0
12863.4 1420.14 0
12866.7 1494.88 0
12870.1 1569.63 0
12873.4 1644.37 0
12876.7 1719.11 0
12880.1 1793.86 0
12883.4 1868.6 0
12886.7 1943.35 0
12890.1 2018.09 0
12893.4 2092.83 0
12896.8 2167.58 0
12900.1 2242.32 0
p
60
30
13000 0 0
13001.5 83.9141 0
13003 167.828 0
13004.5 251.742 0
13006 335.657 0
13007.4 419.571 0
13008.9 503.485 0
13010.4 587.399 0
13011.9 671.313 0
13013.4 755.227 0
13014.9 839.141 0
13016.4 923.055 0
13017.9 1006.97 0
13019.3 1090.88 0
13020.8 1174.8 0
13022.3 1258.71 0
13023.8 1342.63 0
13025.3 1426.54 0
13026.8 1510.45 0
13028.3 1594.37 0
13029.8 1678.28 0
13031.2 1762.2 0
13032.7 1846.11 0
13034.2 1930.02 0
13035.7 2013.94 0
13037.2 2097.85 0
13038.7 2181.77 0
13040.2 2265.68 0
13041.7 2349.6 0
13043.1 2433.51 0
13044.6 2517.42 0
p
61
30
13200 0 0
13197.1 78.097 0
13194.3 156.194 0
13191.4 234.291 0
13188.6 312.388 0
13185.7 390.485 0
13182.8 468.582 0
13180 546.679 0
13177.1 624.776 0
13174.3 702.873 0
13171.4 780.97 0
13168.6 859.067 0
13165.7 937.164 0
13162.8 1015.26 0
13160 1093.36 0
13157.1 1171.45 0
13154.3 1249.55 0
13151.4 1327.65 0
13148.5 1405.75 0
13145.7 1483.84 0
13142.8 1561.94 0
13140 1640.04 0
13137.1 1718.13 0
13134.2 1796.23 0
13131.4 1874.33 0
13128.5 1952.42 0
13125.7 2030.52 0
13122.8 2108.62 0
13119.9 2186.72 0
13117.1 2264.81 0
13114.2 2342.91 0
p
62
30
13400 0 0
13403.9 76.0481 0
13407.7 152.096 0
13411.3 228.162 0
13414.5 304.247 0
13417.2 380.353 0
13419.2 456.482 0
13420.6 532.631 0
13421.4 608.791 0
13421.7 684.959 0
13421.5 761.133 0
13420.8 837.309 0
13419.7 913.485 0
13418.1 989.659 0
13416.2 1065.83 0
13414 1142 0
13411.5 1218.16 0
13408.7 1294.32 0
13405.6 1370.47 0
13402.3 1446.62 0
13398.9 1522.76 0
13395.3 1598.9 0
13391.5 1675.04 0
13387.7 1751.17 0
13383.7 1827.3 0
13379.8 1903.43 0
13375.7 1979.56 0
13371.7 2055.68 0
13367.7 2131.81 0
13363.8 2207.94 0
13359.9 2284.07 0
p
63
30
13600 0 0
13596.8 78.8335 0
13593.7 157.667 0
13590.3 236.493 0
13586.8 315.311 0
13583 394.115 0
13578.8 472.901 0
13574.2 551.663 0
13569.3 630.406 0
13563.9 709.124 0
13558.2 787.818 0
13552 866.486 0
13545.5 945.127 0
13538.7 1023.74 0
13531.5 1102.32 0
13523.9 1180.88 0
13516 1259.41 0
13507.8 1337.9 0
13499.2 1416.37 0
13490.4 1494.81 0
13481.2 1573.22 0
13471.8 1651.6 0
13462.1 1729.95 0
13452.1 1808.27 0
13441.9 1886.57 0
13431.5 1964.84 0
13420.8 2043.08 0
13410 2121.3 0
13398.9 2199.5 0
13387.8 2277.68 0
13376.5 2355.86 0
p
64
30
13800 0 0
13790.7 77.951 0
13781.4 155.902 0
13772 233.853 0
13762.7 311.804 0
13753.4 389.755 0
13744.1 467.706 0
13734.8 545.657 0
13725.5 623.608 0
13716.1 701.559 0
13706.8 779.51 0
13697.5 857.461 0
13688.2 935.412 0
13678.9 1013.36 0
13669.6 1091.31 0
13660.2 1169.27 0
13650.9 1247.22 0
13641.6 1325.17 0
13632.3 1403.12 0
13623 1481.07 0
13613.7 1559.02 0
13604.3 1636.97 0
13595 1714.92 0
13585.7 1792.87 0
13576.4 1870.82 0
13567.1 1948.78 0
13557.8 2026.73 0
13548.4 2104.68 0
13539.1 2182.63 0
13529.8 2260.58 0
13520.5 2338.53 0
p
65
30
14000 0 0
13999.2 79.1255 0
13998.4 158.251 0
13997.6 237.377 0
13996.8 316.502 0
13996 395.628 0
13995.2 474.753 0
13994.4 553.879 0
13993.6 633.004 0
13992.8 712.13 0
13991.9 791.255 0
13991.1 870.381 0
13990.3 949.506 0
13989.5 1028.63 0
13988.7 1107.76 0
13987.9 1186.88 0
13987.1 1266.01 0
13986.3 1345.13 0
13985.5 1424.26 0
13984.7 1503.39 0
13983.9 1582.51 0
13983.1 1661.64 0
13982.3 1740.76 0
13981.5 1819.89 0
13980.7 1899.01 0
13979.9 1978.14 0
13979.1 2057.26 0
13978.3 2136.39 0
13977.4 2215.52 0
13976.6 2294.64 0
13975.8 2373.77 0
p
66
30
14200 0 0
14203.1 80.3509 0
14206.2 160.702 0
14209.2 241.053 0
14212.3 321.404 0
14215.4 401.755 0
14218.5 482.106 0
14221.6 562.456 0
14224.7 642.807 0
14227.7 723.158 0
14230.8 803.509 0
14233.9 883.86 0
14237 964.211 0
14240.1 1044.56 0
14243.1 1124.91 0
14246.2 1205.26 0
14249.3 1285.61 0
14252.4 1365.97 0
14255.5 1446.32 0
14258.5 1526.67 0
14261.6 1607.02 0
14264.7 1687.37 0
14267.8 1767.72 0
14270.9 1848.07 0
14274 1928.42 0
14277 2008.77 0
14280.1 2089.12 0
14283.2 2169.47 0
14286.3 2249.83 0
14289.4 2330.18 0
14292.4 2410.53 0
p
67
30
14400 0 0
14397.5 79.1579 0
14395.1 158.316 0
14392.6 237.474 0
14390.2 316.632 0
14387.7 395.79 0
14385.2 474.948 0
14382.8 554.106 0
14380.3 633.263 0
14377.8 712.421 0
14375.4 791.579 0
14372.9 870.737 0
14370.5 949.895 0
14368 1029.05 0
14365.5 1108.21 0
14363.1 1187.37 0
14360.6 1266.53 0
14358.1 1345.68 0
14355.7 1424.84 0
14353.2 1504 0
14350.8 1583.16 0
14348.3 1662.32 0
14345.8 1741.47 0
14343.4 1820.63 0
14340.9 1899.79 0
14338.5 1978.95 0
14336 2058.11 0
14333.5 2137.26 0
14331.1 2216.42 0
14328.6 2295.58 0
14326.1 2374.74 0
p
68
30
14600 0 0
14591.9 76.5483 0
14583.9 153.097 0
14575.9 229.65 0
14567.9 306.209 0
14560 382.777 0
14552.3 459.357 0
14544.7 535.949 0
14537.2 612.556 0
14529.9 689.18 0
14522.8 765.822 0
14515.9 842.482 0
14509.2 919.161 0
14502.7 995.86 0
14496.4 1072.58 0
14490.4 1149.31 0
14484.7 1226.07 0
14479.3 1302.86 0
14474.1 1379.66 0
14469.3 1456.48 0
14464.8 1533.33 0
14460.6 1610.2 0
14456.9 1687.09 0
14453.5 1764 0
14450.5 1840.92 0
14447.9 1917.87 0
14445.7 1994.83 0
14444 2071.8 0
14442.8 2148.79 0
14441.9 2225.78 0
14441.1 2302.78 0
p
69
30
14800 0 0
14782.6 73.9617 0
14765.2 147.923 0
14748 221.944 0
14731.2 296.031 0
14714.7 370.207 0
14698.7 444.489 0
14683.2 518.889 0
14668.4 593.42 0
14654.2 668.087 0
14640.8 742.897 0
14628.2 817.852 0
14616.5 892.952 0
14605.7 968.196 0
14595.9 1043.58 0
14586.7 1119.06 0
14578.3 1194.61 0
14570.3 1270.23 0
14562.8 1345.9 0
14555.6 1421.61 0
14548.6 1497.33 0
14541.7 1573.07 0
14534.9 1648.81 0
14528 1724.55 0
14520.9 1800.26 0
14513.5 1875.94 0
14505.7 1951.58 0
14497.4 2027.16 0
14488.5 2102.67 0
14478.9 2178.08 0
14468.6 2253.39 0
p
70
30
15000 0 0
14999.8 60.2782 0
14999.5 120.556 0
14999.3 180.835 0
14999 241.113 0
14998.8 301.391 0
14998.5 361.669 0
14998.3 421.947 0
14998 482.226 0
14997.8 542.504 0
14997.5 602.782 0
14997.3 663.06 0
14997 723.339 0
14996.8 783.617 0
14996.5 843.895 0
14996.3 904.173 0
14996 964.451 0
14995.8 1024.73 0
14995.5 1085.01 0
14995.3 1145.29 0
14995 1205.56 0
14994.8 1265.84 0
14994.6 1326.12 0
14994.3 1386.4 0
14994.1 1446.68 0
14993.8 1506.96 0
14993.6 1567.23 0
14993.3 1627.51 0
14993.1 1687.79 0
14992.8 1748.07 0
14992.6 1808.35 0
p
71
30
15200 0 0
15210.3 82.2618 0
15220.6 164.524 0
15230.9 246.785 0
15241.2 329.047 0
15251.5 411.309 0
15261.8 493.571 0
15272.1 575.832 0
15282.4 658.094 0
15292.7 740.356 0
15302.9 822.618 0
15313.2 904.88 0
15323.5 987.141 0
15333.8 1069.4 0
15344.1 1151.66 0
15354.4 1233.93 0
15364.7 1316.19 0
15375 1398.45 0
15385.3 1480.71 0
15395.6 1562.97 0
15405.9 1645.24 0
15416.2 1727.5 0
15426.5 1809.76 0
15436.8 1892.02 0
15447.1 1974.28 0
15457.4 2056.54 0
15467.7 2138.81 0
15478 2221.07 0
15488.2 2303.33 0
15498.5 2385.59 0
15508.8 2467.85 0
p
72
30
15400 0 0
15405.9 82.3926 0
15411.9 164.785 0
15417.8 247.178 0
15423.8 329.571 0
15429.7 411.963 0
15435.6 494.356 0
15441.6 576.748 0
15447.5 659.141 0
15453.4 741.534 0
15459.4 823.926 0
15465.3 906.319 0
15471.3 988.712 0
15477.2 1071.1 0
15483.1 1153.5 0
15489.1 1235.89 0
15495 1318.28 0
15501 1400.67 0
15506.9 1483.07 0
15512.8 1565.46 -12.0653
15518.8 1647.85 -12.0653
15524.7 1730.25 -12.0653
15530.7 1812.64 -12.0653
15536.6 1895.03 -12.0653
15542.5 1977.42 -12.0653
15548.5 2059.82 -12.0653
15554.4 2142.21 0
15560.3 2224.6 0
15566.3 2306.99 0
15572.2 2389.39 0
15578.2 2471.78 0
p
73
30
15600 0 0
15603.4 65.7069 0
15606.8 131.414 0
15609.7 197.173 0
15612.2 263.003 0
15614.3 329.01 0
15615.8 394.939 0
15616.7 460.886 0
15617 526.848 0
15616.5 592.823 0
15615 658.806 0
15612.5 724.787 0
15608.6 790.749 0
15603.1 856.664 0
15595.6 922.484 0
15585.8 988.139 0
15574 1053.66 -11.1962
15563.7 1119.36 -11.1962
15556.2 1185.23 -11.1962
15551.5 1251.17 -11.1962
15548.4 1317.1 -11.1962
15545.9 1382.95 0
15543.4 1448.8 0
15541 1514.65 0
15538.6 1580.49 12.0653
15536.2 1646.34 12.0653
15533.7 1712.19 12.0653
15531.3 1778.04 12.0653
15528.9 1843.89 12.0653
15526.4 1909.74 12.0653
15524 1975.59 12.0653
p
74
30
15800 0 0
15811.4 98.753 0
15822.8 197.506 0
15838.1 295.751 0
15860.8 392.787 0
15895.2 487.066 0
15914.2 584.963 0
15910.6 684.54 0
15873.5 778.648 0
15793.2 848.78 0
15708.5 915.045 0
15636 991.79 11.1962
15588.1 1082.9 11.1962
15566.3 1181.42 11.1962
15571.9 1281.26 11.1962
15603.1 1376.57 11.1962
15657.5 1462.28 0
15727.8 1537.71 0
15806.3 1606.41 0
15885.9 1674.04 0
15959.5 1746.89 0
16018.5 1830.11 -28.7442
16058.6 1923.04 -28.7442
16093.7 2017.65 -28.7442
16125.4 2113.32 -28.7442
16156.1 2209.42 -28.7442
16187 2305.47 -28.7442
16217.9 2401.51 0
16248.8 2497.55 0
16279.7 2593.58 0
16310.7 2689.62 0
p
75
30
16000 0 0
16003.8 67.2474 0
16007.7 134.495 0
16009.1 201.898 0
16009.2 269.306 0
16006.8 336.682 0
16002.8 404.062 0
15997.2 471.381 0
15990.4 538.638 0
15985.4 606.256 0
15983.9 674.171 0
15980.2 742.507 0
15977.5 810.798 0
15975.6 879.193 0
15974.6 947.684 0
15974.5 1016.26 0
15975.4 1084.93 0
15977.2 1153.72 0
15980.2 1222.67 0
15984.5 1291.79 0
15990.2 1361.06 0
15997.4 1430.43 0
16006.5 1499.8 0
16017.6 1569.02 0
16030.7 1637.92 0
16045.9 1706.34 -28.7442
16063 1774.25 -28.7442
16080.5 1841.88 -28.7442
16096.9 1909.56 -4.81995
16111.1 1977.45 -4.81995
16123 2045.39 -4.81995
p
76
30
16200 0 0
16194.3 79.547 0
16188.7 159.094 0
16184.9 238.621 0
16176.5 317.876 0
16161.3 396.253 0
16138.8 473.067 0
16108.2 547.396 0
16070.8 618.884 0
16030.6 688.81 0
16014.2 767.821 0
16042.1 846.625 0
16089.7 917.546 0
16151.4 980.423 0
16211.1 1046.36 -14.468
16256.2 1122.54 -14.468
16290.5 1202.26 -14.468
16316.6 1282.57 -14.468
16334.4 1362.63 0
16340.5 1442.67 0
16333.1 1521.86 0
16312.4 1598.88 0
16280.8 1672.99 0
16242.8 1744.82 0
16203.9 1816.39 0
16170.9 1890.18 0
16150.8 1967.84 23.1648
16145.9 2048.43 23.1648
16141.8 2129.76 23.1648
16137 2211.26 23.1648
16132 2292.75 23.1648
p
77
30
16400 0 0
16404.7 73.3761 0
16409.3 146.752 0
16410.5 220.39 0
16408 294.124 0
16401.8 367.745 0
16391.7 441.108 0
16378.4 514.067 0
16362.2 586.577 0
16343.2 658.575 0
16324.6 730.548 0
16306.8 802.639 0
16290.5 875.007 0
16276.7 947.763 0
16266.1 1020.97 9.6453
16258.1 1094.41 9.6453
16247.8 1167.49 9.6453
16234.6 1240.14 0
16219.3 1312.42 0
16202.3 1384.36 0
16183.9 1455.96 0
16163.9 1527.19 0
16142.5 1598.02 0
16119.5 1668.37 0
16094 1737.93 -4.81995
16068.2 1807.3 23.1648
16044.2 1877.2 23.1648
16021.9 1947.63 23.1648
16002.4 2018.79 0
15987 2090.88 -6.77441
15976.1 2163.75 -6.77441
p
78
30
16600 0 0
16583.6 74.6338 0
16567.3 149.268 0
16550.3 223.753 0
16532.8 298.11 0
16514.2 372.285 0
16495.2 446.259 0
16475.8 520.115 0
16456.6 593.966 0
16437.9 667.831 0
16418.9 741.729 0
16399.8 815.58 0
16380.3 889.322 0
16360.2 962.895 0
16339.3 1036.25 0
16317.4 1109.33 9.6453
16295 1182.25 9.6453
16273.1 1255.39 9.6453
16251.8 1328.69 0
16231.3 1402.22 0
16211.8 1476.03 0
16193.4 1550.12 0
16176.2 1624.48 0
16159.7 1699.06 0
16144 1773.81 0
16126.6 1848.2 23.1648
16106.7 1921.99 23.1648
16082.8 1994.67 23.1648
16054 2065.59 23.1648
16019.3 2133.93 6.77441
15979.4 2199.38 6.77441
p
79
30
16800 0 0
16799.8 77.3071 0
16799.6 154.614 0
16799.4 231.921 0
16799.1 309.228 0
16798.7 386.535 0
16798.2 463.841 0
16797.5 541.146 0
16796.7 618.449 0
16795.6 695.749 0
16794.1 773.045 0
16792.4 850.335 0
16790.3 927.617 0
16787.9 1004.89 0
16785.1 1082.15 0
16782.1 1159.41 0
16779 1236.65 0
16775.6 1313.9 0
16772.2 1391.14 0
16768.8 1468.37 0
16765.4 1545.61 0
16762 1622.85 0
16758.7 1700.1 0
16755.6 1777.35 0
16752.8 1854.61 0
16750.2 1931.88 0
16747.9 2009.15 0
16746.1 2086.44 0
16744.6 2163.73 0
16743.6 2241.04 0
16743.1 2318.34 0
s	0
159 163 193 196 224 228 
159 160 161 162 163 193 194 195 196 224 225 226 227 228 
b
3 0
0.783099 0.394383 0.840188
160 0 0 2
161 0 0 3
162 0 0 2
194 0 0 1
195 0 0 2
225 0 0 1
226 0 0 2
227 0 0 1
g
0
0.3 2 0 0 1 2 0 2 5
t
2
0
2043.61 2144.44 100
2042.28 2145.16 -100
a
6
0
163 158 196 192 228 223 
1 160 1 225 0 194 0 195 0 224 0 2640 0.422703 2641 0.577297 
1 161 1 225 0 195 0 226 0 2640 0.422703 2641 0.577297 
1 162 1 225 0 226 0 227 0 2640 0.422703 2641 0.577297 
1 159 1 194 0 193 0 2640 0.422703 2641 0.577297 
2 225 1 160 0 161 0 162 0 2640 0.54417 2641 0.45583 
2 226 1 161 0 162 0 2640 0.54417 2641 0.45583 
2 224 1 160 0 2640 0.54417 2641 0.45583 
2 227 1 162 0 2640 0.54417 2641 0.45583 
2 194 1 160 0 159 0 2640 0.54417 2641 0.45583 
2 195 1 160 0 161 0 2640 0.54417 2641 0.45583 
2 193 1 159 0 2640 0.54417 2641 0.45583 
0 2640 5.5 160 0.422703 161 0.422703 162 0.422703 159 0.422703 225 0.54417 226 0.54417 224 0.54417 227 0.54417 194 0.54417 195 0.54417 193 0.54417 
0 2641 5.5 160 0.577297 161 0.577297 162 0.577297 159 0.577297 225 0.45583 226 0.45583 224 0.45583 227 0.45583 194 0.45583 195 0.45583 193 0.45583 
NanList HYP 0
d
39
0 0 -15.4594 0 0 -15.4594 0 0 -15.4594 0 0 -15.4594 0 0 8.83397 0 0 8.83397 0 0 8.83397 0 0 8.83397 0 0 8.83397 0 0 8.83397 0 0 8.83397 0.666963 -0.361605 0 -0.667006 0.361777 0 
s	1
325 327 359 361 391 394 
325 326 327 359 360 361 391 392 393 394 
b
3 0
0.197551 0.911647 0.79844
326 0 0 1
360 0 0 2
392 0 0 1
393 0 0 2
g
0
0.3 2 0 0 1 2 0 2 5
t
2
2
3155.73 2120.65 100
3157.88 2117.78 -100
a
6
6
327 324 361 358 394 390 
1 392 1 360 0 325 0 359 0 2640 0.437082 2641 0.562918 
1 393 1 360 0 325 0 326 0 2640 0.437082 2641 0.562918 
1 391 1 360 0 2640 0.437082 2641 0.562918 
2 360 1 392 0 393 0 391 0 2640 0.547188 2641 0.452812 
2 359 1 392 0 2640 0.547188 2641 0.452812 
2 325 1 392 0 393 0 2640 0.547188 2641 0.452812 
2 326 1 393 0 2640 0.547188 2641 0.452812 
0 2640 3.5 392 0.437082 393 0.437082 391 0.437082 360 0.547188 359 0.547188 325 0.547188 326 0.547188 
0 2641 3.5 392 0.562918 393 0.562918 391 0.562918 360 0.452812 359 0.452812 325 0.452812 326 0.452812 
NanList HYP 0
d
27
0 0 -12.5835 0 0 -12.5835 0 0 -12.5835 0 0 9.43765 0 0 9.43765 0 0 9.43765 0 0 9.43765 -1.077 1.43403 0 1.07676 -1.43403 0 
s	2
491 493 555 558 
491 492 493 555 556 557 558 
b
2 0
0.277775 0.76823 0.335223
492 0 0 2
556 0 0 1
557 0 0 1
g
0
0.3 2 0 0 1 2 0 2 5
t
2
4
4315.25 1953.98 100
4313.28 1952.84 -100
a
4
12
493 490 558 554 
1 492 1 556 0 555 0 557 0 2640 0.471228 2641 0.528772 
1 491 1 556 0 2640 0.471228 2641 0.528772 
2 556 1 492 0 491 0 2640 0.519182 2641 0.480818 
2 555 1 492 0 2640 0.519182 2641 0.480818 
2 557 1 492 0 2640 0.519182 2641 0.480818 
0 2640 2.5 492 0.471228 491 0.471228 556 0.519182 555 0.519182 557 0.519182 
0 2641 2.5 492 0.528772 491 0.528772 556 0.480818 555 0.480818 557 0.480818 
NanList HYP 0
d
21
0 0 -5.75448 0 0 -5.75448 0 0 3.83632 0 0 3.83632 0 0 3.83632 0.983119 0.569343 0 -0.983533 -0.569354 0 
s	3
620 624 651 655 
620 621 622 623 624 651 652 653 654 655 
b
2 0
0.628871 0.477397 0.55397
621 0 0 1
622 0 0 2
623 0 0 2
652 0 0 2
653 0 0 2
654 0 0 1
g
0
0.3 2 0 0 1 2 0 2 5
t
2
6
4627.86 1831.44 100
4626.09 1830.85 -100
a
4
16
624 619 655 650 
1 621 1 651 0 652 0 2640 0.474644 2641 0.525356 
1 622 1 652 0 653 0 2640 0.474644 2641 0.525356 
1 623 1 653 0 654 0 2640 0.474644 2641 0.525356 
1 620 1 651 0 2640 0.474644 2641 0.525356 
2 651 1 621 0 620 0 2640 0.525356 2641 0.474644 
2 652 1 621 0 622 0 2640 0.525356 2641 0.474644 
2 653 1 622 0 623 0 2640 0.525356 2641 0.474644 
2 654 1 623 0 2640 0.525356 2641 0.474644 
0 2640 4 621 0.474644 622 0.474644 623 0.474644 620 0.474644 651 0.525356 652 0.525356 653 0.525356 654 0.525356 
0 2641 4 621 0.525356 622 0.525356 623 0.525356 620 0.525356 651 0.474644 652 0.474644 653 0.474644 654 0.474644 
NanList HYP 0
d
30
0 0 -5.07125 0 0 -5.07125 0 0 -5.07125 0 0 -5.07125 0 0 5.07125 0 0 5.07125 0 0 5.07125 0 0 5.07125 0.881876 0.292684 0 -0.881524 -0.292665 0 
s	4
655 658 721 724 
655 656 657 658 721 722 723 724 
b
2 0
0.95223 0.513401 0.364784
656 0 0 2
657 0 0 1
722 0 0 1
723 0 0 2
g
0
0.3 2 0 0 1 2 0 2 5
t
2
8
4798.19 2043.66 100
4799.48 2047.04 -100
a
3
20
658 724 720 
1 655 1 723 0 722 0 721 0 2640 0.441279 2641 0.558721 
1 656 1 723 0 722 0 2640 0.441279 2641 0.558721 
1 657 1 723 0 2640 0.441279 2641 0.558721 
2 723 1 655 0 656 0 657 0 2640 0.558721 2641 0.441279 
2 722 1 655 0 656 0 2640 0.558721 2641 0.441279 
2 721 1 655 0 2640 0.558721 2641 0.441279 
0 2640 3 655 0.441279 656 0.441279 657 0.441279 723 0.558721 722 0.558721 721 0.558721 
0 2641 3 655 0.558721 656 0.558721 657 0.558721 723 0.441279 722 0.441279 721 0.441279 
NanList HYP 0
d
24
0 0 -11.7442 0 0 -11.7442 0 0 -11.7442 0 0 11.7442 0 0 11.7442 0 0 11.7442 -0.64522 -1.69044 0 0.645468 1.69032 0 
s	5
820 823 852 856 885 889 918 922 
820 821 822 823 852 853 854 855 856 885 886 887 888 889 918 919 920 921 922 
b
4 0
0.717297 0.635712 0.916195
821 0 0 2
822 0 0 2
853 0 0 2
854 0 0 3
855 0 0 3
886 0 0 1
887 0 0 2
888 0 0 3
919 0 0 2
920 0 0 3
921 0 0 1
g
0
0.3 2 0 0 1 2 0 2 5
t
2
10
6324.94 1893.68 100
6323.24 1895.4 -100
a
8
23
823 819 856 851 889 884 922 917 
1 854 1 919 0 888 0 920 0 886 0 887 0 918 0 2640 0.429673 2641 0.570327 
1 853 1 886 0 887 0 918 0 2640 0.429673 2641 0.570327 
1 855 1 919 0 888 0 920 0 2640 0.429673 2641 0.570327 
1 852 1 886 0 885 0 2640 0.429673 2641 0.570327 
2 919 1 854 0 820 0 821 0 822 0 855 0 2640 0.561536 2641 0.438464 
2 920 1 854 0 821 0 822 0 855 0 2640 0.561536 2641 0.438464 
2 918 1 854 0 853 0 2640 0.561536 2641 0.438464 
2 921 1 822 0 2640 0.561536 2641 0.438464 
2 888 1 854 0 820 0 821 0 855 0 2640 0.561536 2641 0.438464 
2 886 1 854 0 853 0 852 0 2640 0.561536 2641 0.438464 
2 887 1 854 0 820 0 853 0 2640 0.561536 2641 0.438464 
2 885 1 852 0 2640 0.561536 2641 0.438464 
1 820 1 919 0 888 0 887 0 2640 0.429673 2641 0.570327 
1 821 1 919 0 888 0 920 0 2640 0.429673 2641 0.570327 
1 822 1 919 0 920 0 921 0 2640 0.429673 2641 0.570327 
0 2640 7.5 854 0.429673 853 0.429673 855 0.429673 852 0.429673 919 0.561536 920 0.561536 918 0.561536 921 0.561536 888 0.561536 886 0.561536 887 0.561536 885 0.561536 820 0.429673 821 0.429673 822 0.429673 
0 2641 7.5 854 0.570327 853 0.570327 855 0.570327 852 0.570327 919 0.438464 920 0.438464 918 0.438464 921 0.438464 888 0.438464 886 0.438464 887 0.438464 885 0.438464 820 0.570327 821 0.570327 822 0.570327 
NanList HYP 0
d
51
0 0 -14.0654 0 0 -14.0654 0 0 -14.0654 0 0 -14.0654 0 0 12.3073 0 0 12.3073 0 0 12.3073 0 0 12.3073 0 0 12.3073 0 0 12.3073 0 0 12.3073 0 0 12.3073 0 0 -14.0654 0 0 -14.0654 0 0 -14.0654 0.850529 -0.85932 0 -0.850405 0.859336 0 
s	6
1050 1052 1085 1087 
1050 1051 1052 1085 1086 1087 
b
2 0
0.0163006 0.606969 0.141603
1051 0 0 1
1086 0 0 1
g
0
0.3 2 0 0 1 2 0 2 5
t
2
12
7389.24 1916.86 100
7388.76 1921.47 -100
a
4
31
1052 1049 1087 1084 
1 1050 1 1086 0 1085 0 2640 0.45304 2641 0.54696 
1 1051 1 1086 0 2640 0.45304 2641 0.54696 
2 1086 1 1050 0 1051 0 2640 0.54696 2641 0.45304 
2 1085 1 1050 0 2640 0.54696 2641 0.45304 
0 2640 2 1050 0.45304 1051 0.45304 1086 0.54696 1085 0.54696 
0 2641 2 1050 0.54696 1051 0.54696 1086 0.45304 1085 0.45304 
NanList HYP 0
d
18
0 0 -9.39209 0 0 -9.39209 0 0 9.39209 0 0 9.39209 0.237913 -2.30268 0 -0.237796 2.30273 0 
s	7
1052 1054 1117 1120 
1052 1053 1054 1117 1118 1119 1120 
b
2 0
0.804177 0.137232 0.242887
1053 0 0 2
1118 0 0 1
1119 0 0 1
g
0
0.3 2 0 0 1 2 0 2 5
t
2
14
7445.73 2098.11 100
7445.51 2097.52 -100
a
3
35
1054 1120 1116 
1 1052 1 1118 0 1119 0 1117 0 2640 0.428356 2641 0.571644 
1 1053 1 1118 0 1119 0 2640 0.428356 2641 0.571644 
2 1118 1 1052 0 1053 0 2640 0.547763 2641 0.452237 
2 1119 1 1052 0 1053 0 2640 0.547763 2641 0.452237 
2 1117 1 1052 0 2640 0.547763 2641 0.452237 
0 2640 2.5 1052 0.428356 1053 0.428356 1118 0.547763 1119 0.547763 1117 0.547763 
0 2641 2.5 1052 0.571644 1053 0.571644 1118 0.452237 1119 0.452237 1117 0.452237 
NanList HYP 0
d
21
0 0 -14.3288 0 0 -14.3288 0 0 9.55254 0 0 9.55254 0 0 9.55254 0.110216 0.296546 0 -0.110638 -0.296476 0 
s	8
1110 1114 1143 1147 
1110 1111 1112 1113 1114 1143 1144 1145 1146 1147 
b
2 0
0.12979 0.400944 0.156679
1111 0 0 2
1112 0 0 2
1113 0 0 1
1144 0 0 1
1145 0 0 2
1146 0 0 2
g
0
0.3 2 0 0 1 2 0 2 5
t
2
16
7702.51 1656.19 100
7699.82 1657.09 -100
a
4
38
1114 1109 1147 1142 
1 1110 1 1144 0 1143 0 2640 0.462683 2641 0.537317 
1 1111 1 1144 0 1145 0 2640 0.462683 2641 0.537317 
1 1112 1 1145 0 1146 0 2640 0.462683 2641 0.537317 
1 1113 1 1146 0 2640 0.462683 2641 0.537317 
2 1144 1 1110 0 1111 0 2640 0.537317 2641 0.462683 
2 1145 1 1111 0 1112 0 2640 0.537317 2641 0.462683 
2 1146 1 1112 0 1113 0 2640 0.537317 2641 0.462683 
2 1143 1 1110 0 2640 0.537317 2641 0.462683 
0 2640 4 1110 0.462683 1111 0.462683 1112 0.462683 1113 0.462683 1144 0.537317 1145 0.537317 1146 0.537317 1143 0.537317 
0 2641 4 1110 0.537317 1111 0.537317 1112 0.537317 1113 0.537317 1144 0.462683 1145 0.462683 1146 0.462683 1143 0.462683 
NanList HYP 0
d
30
0 0 -7.46346 0 0 -7.46346 0 0 -7.46346 0 0 -7.46346 0 0 7.46346 0 0 7.46346 0 0 7.46346 0 0 7.46346 1.34288 -0.452924 0 -1.34284 0.452953 0 
s	9
1135 1141 1169 1174 
1135 1136 1137 1138 1139 1140 1141 1169 1170 1171 1172 1173 1174 
b
2 0
0.218257 0.998924 0.108809
1136 0 0 1
1137 0 0 2
1138 0 0 2
1139 0 0 2
1140 0 0 1
1170 0 0 2
1171 0 0 2
1172 0 0 2
1173 0 0 2
g
0
0.3 2 0 0 1 2 0 2 5
t
2
18
7949.37 1163.2 100
7946.54 1163.98 -100
a
4
42
1141 1134 1174 1168 
1 1136 1 1169 0 1170 0 2640 0.452929 2641 0.547071 
1 1137 1 1170 0 1171 0 2640 0.452929 2641 0.547071 
1 1138 1 1171 0 1172 0 2640 0.452929 2641 0.547071 
1 1139 1 1172 0 1173 0 2640 0.452929 2641 0.547071 
1 1135 1 1169 0 2640 0.452929 2641 0.547071 
1 1140 1 1173 0 2640 0.452929 2641 0.547071 
2 1169 1 1136 0 1135 0 2640 0.556486 2641 0.443514 
2 1170 1 1136 0 1137 0 2640 0.556486 2641 0.443514 
2 1171 1 1137 0 1138 0 2640 0.556486 2641 0.443514 
2 1172 1 1138 0 1139 0 2640 0.556486 2641 0.443514 
2 1173 1 1139 0 1140 0 2640 0.556486 2641 0.443514 
0 2640 5.5 1136 0.452929 1137 0.452929 1138 0.452929 1139 0.452929 1135 0.452929 1140 0.452929 1169 0.556486 1170 0.556486 1171 0.556486 1172 0.556486 1173 0.556486 
0 2641 5.5 1136 0.547071 1137 0.547071 1138 0.547071 1139 0.547071 1135 0.547071 1140 0.547071 1169 0.443514 1170 0.443514 1171 0.443514 1172 0.443514 1173 0.443514 
NanList HYP 0
d
39
0 0 -9.41426 0 0 -9.41426 0 0 -9.41426 0 0 -9.41426 0 0 -9.41426 0 0 -9.41426 0 0 11.2971 0 0 11.2971 0 0 11.2971 0 0 11.2971 0 0 11.2971 1.41449 -0.390539 0 -1.41458 0.390571 0 
s	10
1151 1153 1184 1186 1217 1219 
1151 1152 1153 1184 1185 1186 1217 1218 1219 
b
3 0
0.61264 0.839112 0.512932
1152 0 0 1
1185 0 0 1
1218 0 0 2
g
0
0.3 2 0 0 1 2 0 2 5
t
2
20
7714.35 2150.17 100
7716.58 2151.7 -100
a
6
46
1153 1150 1186 1183 1219 1216 
1 1217 1 1152 0 1185 0 1184 0 2640 0.442448 2641 0.557552 
1 1218 1 1152 0 1185 0 1151 0 2640 0.442448 2641 0.557552 
2 1152 1 1217 0 1218 0 2640 0.528776 2641 0.471224 
2 1151 1 1218 0 2640 0.528776 2641 0.471224 
2 1185 1 1217 0 1218 0 2640 0.528776 2641 0.471224 
2 1184 1 1217 0 2640 0.528776 2641 0.471224 
0 2640 3 1217 0.442448 1218 0.442448 1152 0.528776 1151 0.528776 1185 0.528776 1184 0.528776 
0 2641 3 1217 0.557552 1218 0.557552 1152 0.471224 1151 0.471224 1185 0.471224 1184 0.471224 
NanList HYP 0
d
24
0 0 -11.5104 0 0 -11.5104 0 0 5.7552 0 0 5.7552 0 0 5.7552 0 0 5.7552 -1.11377 -0.766364 0 1.11368 0.766247 0 
s	11
1415 1417 1447 1449 
1415 1416 1417 1447 1448 1449 
b
2 0
0.524287 0.637552 0.296032
1416 0 0 1
1448 0 0 1
g
0
0.3 2 0 0 1 2 0 2 5
t
2
22
9412.68 2051.36 100
9411.95 2050.96 -100
a
4
52
1417 1414 1449 1446 
1 1416 1 1447 0 1448 0 2640 0.486044 2641 0.513956 
1 1415 1 1447 0 2640 0.486044 2641 0.513956 
2 1447 1 1416 0 1415 0 2640 0.513956 2641 0.486044 
2 1448 1 1416 0 2640 0.513956 2641 0.486044 
0 2640 2 1416 0.486044 1415 0.486044 1447 0.513956 1448 0.513956 
0 2641 2 1416 0.513956 1415 0.513956 1447 0.486044 1448 0.486044 
NanList HYP 0
d
18
0 0 -2.79126 0 0 -2.79126 0 0 2.79126 0 0 2.79126 0.361736 0.199255 0 -0.362596 -0.199197 0 
s	12
1513 1516 1579 1582 1612 1615 
1513 1514 1515 1516 1579 1580 1581 1582 1612 1613 1614 1615 
b
3 0
0.292517 0.972775 0.493583
1514 0 0 2
1515 0 0 3
1580 0 0 1
1581 0 0 4
1613 0 0 2
1614 0 0 2
g
0
0.3 2 0 0 1 2 0 2 5
t
2
24
10231.9 2285.35 100
10230.6 2280.07 -100
a
6
56
1516 1512 1582 1578 1615 1611 
1 1514 1 1581 0 1580 0 1613 0 1612 0 2640 0.406741 2641 0.593259 
1 1515 1 1581 0 1580 0 1613 0 1614 0 2640 0.406741 2641 0.593259 
1 1513 1 1580 0 1579 0 2640 0.406741 2641 0.593259 
2 1581 1 1514 0 1515 0 1613 0 1612 0 1614 0 2640 0.524833 2641 0.475167 
2 1580 1 1514 0 1515 0 1613 0 1513 0 2640 0.524833 2641 0.475167 
2 1579 1 1513 0 2640 0.524833 2641 0.475167 
3 1613 1 1581 0 1514 0 1515 0 1580 0 2640 0.568426 2641 0.431574 
3 1612 1 1581 0 1514 0 2640 0.568426 2641 0.431574 
3 1614 1 1581 0 1515 0 2640 0.568426 2641 0.431574 
0 2640 4.5 1514 0.406741 1515 0.406741 1513 0.406741 1581 0.524833 1580 0.524833 1579 0.524833 1613 0.568426 1612 0.568426 1614 0.568426 
0 2641 4.5 1514 0.593259 1515 0.593259 1513 0.593259 1581 0.475167 1580 0.475167 1579 0.475167 1613 0.431574 1612 0.431574 1614 0.431574 
NanList HYP 0
d
33
0 0 -18.6518 0 0 -18.6518 0 0 -18.6518 0 0 4.96664 0 0 4.96664 0 0 4.96664 0 0 13.6852 0 0 13.6852 0 0 13.6852 0.624623 2.64173 0 -0.624015 -2.64187 0 
s	13
1599 1605 1633 1640 
1599 1600 1601 1602 1603 1604 1605 1633 1634 1635 1636 1637 1638 1639 1640 
b
2 0
0.769914 0.526745 0.771358
1600 0 0 2
1601 0 0 2
1602 0 0 3
1603 0 0 3
1604 0 0 2
1634 0 0 1
1635 0 0 2
1636 0 0 2
1637 0 0 2
1638 0 0 3
1639 0 0 2
g
0
0.3 2 0 0 1 2 0 2 5
t
2
26
10624.4 1443.96 100
10622.1 1445.62 -100
a
4
62
1605 1598 1640 1632 
1 1601 1 1637 0 1635 0 1636 0 2640 0.45234 2641 0.54766 
1 1602 1 1637 0 1638 0 1636 0 2640 0.45234 2641 0.54766 
1 1603 1 1637 0 1638 0 1639 0 2640 0.45234 2641 0.54766 
1 1599 1 1634 0 1633 0 2640 0.45234 2641 0.54766 
1 1600 1 1634 0 1635 0 2640 0.45234 2641 0.54766 
1 1604 1 1638 0 1639 0 2640 0.45234 2641 0.54766 
2 1637 1 1601 0 1602 0 1603 0 2640 0.540852 2641 0.459148 
2 1638 1 1602 0 1603 0 1604 0 2640 0.540852 2641 0.459148 
2 1634 1 1599 0 1600 0 2640 0.540852 2641 0.459148 
2 1635 1 1601 0 1600 0 2640 0.540852 2641 0.459148 
2 1636 1 1601 0 1602 0 2640 0.540852 2641 0.459148 
2 1639 1 1603 0 1604 0 2640 0.540852 2641 0.459148 
2 1633 1 1599 0 2640 0.540852 2641 0.459148 
0 2640 6.5 1601 0.45234 1602 0.45234 1603 0.45234 1599 0.45234 1600 0.45234 1604 0.45234 1637 0.540852 1638 0.540852 1634 0.540852 1635 0.540852 1636 0.540852 1639 0.540852 1633 0.540852 
0 2641 6.5 1601 0.54766 1602 0.54766 1603 0.54766 1599 0.54766 1600 0.54766 1604 0.54766 1637 0.459148 1638 0.459148 1634 0.459148 1635 0.459148 1636 0.459148 1639 0.459148 1633 0.459148 
NanList HYP 0
d
45
0 0 -9.53205 0 0 -9.53205 0 0 -9.53205 0 0 -9.53205 0 0 -9.53205 0 0 -9.53205 0 0 8.17033 0 0 8.17033 0 0 8.17033 0 0 8.17033 0 0 8.17033 0 0 8.17033 0 0 8.17033 1.14325 -0.830585 0 -1.14361 0.830631 0 
s	14
1843 1846 1875 1879 
1843 1844 1845 1846 1875 1876 1877 1878 1879 
b
2 0
0.283315 0.891529 0.400229
1844 0 0 2
1845 0 0 3
1876 0 0 2
1877 0 0 2
1878 0 0 1
g
0
0.3 2 0 0 1 2 0 2 5
t
2
28
11873.4 2210.88 100
11872.7 2205.39 -100
a
4
66
1846 1842 1879 1874 
1 1844 1 1876 0 1877 0 1875 0 2640 0.423007 2641 0.576993 
1 1845 1 1876 0 1877 0 1878 0 2640 0.423007 2641 0.576993 
1 1843 1 1876 0 2640 0.423007 2641 0.576993 
2 1876 1 1844 0 1845 0 1843 0 2640 0.557744 2641 0.442256 
2 1877 1 1844 0 1845 0 2640 0.557744 2641 0.442256 
2 1875 1 1844 0 2640 0.557744 2641 0.442256 
2 1878 1 1845 0 2640 0.557744 2641 0.442256 
0 2640 3.5 1844 0.423007 1845 0.423007 1843 0.423007 1876 0.557744 1877 0.557744 1875 0.557744 1878 0.557744 
0 2641 3.5 1844 0.576993 1845 0.576993 1843 0.576993 1876 0.442256 1877 0.442256 1875 0.442256 1878 0.442256 
NanList HYP 0
d
27
0 0 -15.3985 0 0 -15.3985 0 0 -15.3985 0 0 11.5489 0 0 11.5489 0 0 11.5489 0 0 11.5489 0.342318 2.74285 0 -0.341816 -2.74276 0 
s	15
2395 2402 2433 2440 
2395 2396 2397 2398 2399 2400 2401 2402 2433 2434 2435 2436 2437 2438 2439 2440 
b
2 0
0.919026 0.807725 0.352458
2396 0 0 2
2397 0 0 3
2398 0 0 3
2399 0 0 3
2400 0 0 2
2401 0 0 1
2434 0 0 2
2435 0 0 3
2436 0 0 2
2437 0 0 2
2438 0 0 2
2439 0 0 3
g
0
0.3 2 0 0 1 2 0 2 5
t
2
30
15531 1793.25 100
15530.9 1797.43 -100
a
4
70
2402 2394 2440 2432 
1 2397 1 2434 0 2435 0 2437 0 2436 0 2640 0.439673 2641 0.560327 
1 2398 1 2435 0 2437 0 2438 0 2436 0 2640 0.439673 2641 0.560327 
1 2396 1 2434 0 2435 0 2433 0 2640 0.439673 2641 0.560327 
1 2399 1 2437 0 2438 0 2439 0 2640 0.439673 2641 0.560327 
1 2395 1 2434 0 2433 0 2640 0.439673 2641 0.560327 
1 2400 1 2438 0 2439 0 2640 0.439673 2641 0.560327 
1 2401 1 2439 0 2640 0.439673 2641 0.560327 
2 2434 1 2397 0 2396 0 2395 0 2640 0.560327 2641 0.439673 
2 2435 1 2397 0 2398 0 2396 0 2640 0.560327 2641 0.439673 
2 2437 1 2397 0 2398 0 2399 0 2640 0.560327 2641 0.439673 
2 2438 1 2398 0 2399 0 2400 0 2640 0.560327 2641 0.439673 
2 2439 1 2399 0 2400 0 2401 0 2640 0.560327 2641 0.439673 
2 2433 1 2396 0 2395 0 2640 0.560327 2641 0.439673 
2 2436 1 2397 0 2398 0 2640 0.560327 2641 0.439673 
0 2640 7 2397 0.439673 2398 0.439673 2396 0.439673 2399 0.439673 2395 0.439673 2400 0.439673 2401 0.439673 2434 0.560327 2435 0.560327 2437 0.560327 2438 0.560327 2439 0.560327 2433 0.560327 2436 0.560327 
0 2641 7 2397 0.560327 2398 0.560327 2396 0.560327 2399 0.560327 2395 0.560327 2400 0.560327 2401 0.560327 2434 0.439673 2435 0.439673 2437 0.439673 2438 0.439673 2439 0.439673 2433 0.439673 2436 0.439673 
NanList HYP 0
d
48
0 0 -12.0653 0 0 -12.0653 0 0 -12.0653 0 0 -12.0653 0 0 -12.0653 0 0 -12.0653 0 0 -12.0653 0 0 12.0653 0 0 12.0653 0 0 12.0653 0 0 12.0653 0 0 12.0653 0 0 12.0653 0 0 12.0653 0.0388372 -2.08716 0 -0.0387256 2.08727 0 
s	16
2425 2430 2453 2458 
2425 2426 2427 2428 2429 2430 2453 2454 2455 2456 2457 2458 
b
2 0
0.525995 0.949327 0.0697553
2426 0 0 2
2427 0 0 2
2428 0 0 2
2429 0 0 2
2454 0 0 1
2455 0 0 3
2456 0 0 3
2457 0 0 1
g
0
0.3 2 0 0 1 2 0 2 5
t
2
32
15577.8 1183.91 100
15574 1184.19 -100
a
4
74
2430 2424 2458 2452 
1 2427 1 2454 0 2455 0 2456 0 2640 0.444019 2641 0.555981 
1 2425 1 2454 0 2453 0 2640 0.444019 2641 0.555981 
1 2426 1 2454 0 2455 0 2640 0.444019 2641 0.555981 
1 2428 1 2455 0 2456 0 2640 0.444019 2641 0.555981 
1 2429 1 2456 0 2457 0 2640 0.444019 2641 0.555981 
2 2454 1 2427 0 2425 0 2426 0 2640 0.555981 2641 0.444019 
2 2455 1 2427 0 2426 0 2428 0 2640 0.555981 2641 0.444019 
2 2456 1 2427 0 2428 0 2429 0 2640 0.555981 2641 0.444019 
2 2453 1 2425 0 2640 0.555981 2641 0.444019 
2 2457 1 2429 0 2640 0.555981 2641 0.444019 
0 2640 5 2427 0.444019 2425 0.444019 2426 0.444019 2428 0.444019 2429 0.444019 2454 0.555981 2455 0.555981 2456 0.555981 2453 0.555981 2457 0.555981 
0 2641 5 2427 0.555981 2425 0.555981 2426 0.555981 2428 0.555981 2429 0.555981 2454 0.444019 2455 0.444019 2456 0.444019 2453 0.444019 2457 0.444019 
NanList HYP 0
d
36
0 0 -11.1962 0 0 -11.1962 0 0 -11.1962 0 0 -11.1962 0 0 -11.1962 0 0 11.1962 0 0 11.1962 0 0 11.1962 0 0 11.1962 0 0 11.1962 1.92135 -0.140869 0 -1.9212 0.140828 0 
s	17
2463 2469 2500 2506 2534 2539 2565 2569 2599 2603 
2463 2464 2465 2466 2467 2468 2469 2500 2501 2502 2503 2504 2505 2506 2534 2535 2536 2537 2538 2539 2565 2566 2567 2568 2569 2599 2600 2601 2602 2603 
b
5 0
0.663227 0.192214 0.0860558
2464 0 0 2
2465 0 0 3
2466 0 0 4
2467 0 0 3
2468 0 0 2
2501 0 0 1
2502 0 0 2
2503 0 0 3
2504 0 0 2
2505 0 0 5
2535 0 0 1
2536 0 0 3
2537 0 0 3
2538 0 0 2
2566 0 0 2
2567 0 0 3
2568 0 0 1
2600 0 0 2
2601 0 0 4
2602 0 0 2
g
0
0.3 2 0 0 1 2 0 2 5
t
2
34
16099.5 1985.06 100
16097.7 1975.3 -100
a
10
78
2469 2462 2506 2499 2539 2533 2569 2564 2603 2598 
1 2465 1 2504 0 2505 0 2600 0 2601 0 2535 0 2536 0 2602 0 2640 0.356279 2641 0.643721 
1 2464 1 2504 0 2600 0 2601 0 2567 0 2568 0 2640 0.356279 2641 0.643721 
1 2466 1 2505 0 2535 0 2536 0 2537 0 2602 0 2640 0.356279 2641 0.643721 
1 2463 1 2567 0 2566 0 2568 0 2640 0.356279 2641 0.643721 
1 2467 1 2536 0 2537 0 2538 0 2640 0.356279 2641 0.643721 
1 2468 1 2537 0 2640 0.356279 2641 0.643721 
2 2504 1 2465 0 2464 0 2600 0 2601 0 2535 0 2534 0 2640 0.4759 2641 0.5241 
2 2505 1 2465 0 2466 0 2601 0 2535 0 2536 0 2534 0 2640 0.4759 2641 0.5241 
1 2502 1 2600 0 2567 0 2565 0 2566 0 2599 0 2640 0.356279 2641 0.643721 
2 2503 1 2600 0 2601 0 2567 0 2599 0 2640 0.4759 2641 0.5241 
1 2501 1 2565 0 2566 0 2640 0.356279 2641 0.643721 
1 2500 1 2565 0 2640 0.356279 2641 0.643721 
3 2535 1 2465 0 2504 0 2505 0 2466 0 2640 0.615824 2641 0.384176 
3 2536 1 2465 0 2505 0 2466 0 2467 0 2640 0.615824 2641 0.384176 
3 2537 1 2466 0 2467 0 2468 0 2640 0.615824 2641 0.384176 
3 2534 1 2504 0 2505 0 2640 0.615824 2641 0.384176 
3 2538 1 2467 0 2640 0.615824 2641 0.384176 
3 2600 1 2465 0 2504 0 2464 0 2502 0 2503 0 2640 0.615824 2641 0.384176 
3 2601 1 2465 0 2504 0 2505 0 2464 0 2503 0 2640 0.615824 2641 0.384176 
3 2599 1 2502 0 2503 0 2640 0.615824 2641 0.384176 
3 2602 1 2465 0 2466 0 2640 0.615824 2641 0.384176 
3 2567 1 2464 0 2502 0 2503 0 2463 0 2640 0.615824 2641 0.384176 
2 2565 1 2502 0 2501 0 2500 0 2640 0.4759 2641 0.5241 
3 2566 1 2502 0 2463 0 2501 0 2640 0.615824 2641 0.384176 
3 2568 1 2464 0 2463 0 2640 0.615824 2641 0.384176 
0 2640 12.5 2465 0.356279 2464 0.356279 2466 0.356279 2463 0.356279 2467 0.356279 2468 0.356279 2504 0.4759 2505 0.4759 2502 0.356279 2503 0.4759 2501 0.356279 2500 0.356279 2535 0.615824 2536 0.615824 2537 0.615824 2534 0.615824 2538 0.615824 2600 0.615824 2601 0.615824 2599 0.615824 2602 0.615824 2567 0.615824 2565 0.4759 2566 0.615824 2568 0.615824 
0 2641 12.5 2465 0.643721 2464 0.643721 2466 0.643721 2463 0.643721 2467 0.643721 2468 0.643721 2504 0.5241 2505 0.5241 2502 0.643721 2503 0.5241 2501 0.643721 2500 0.643721 2535 0.384176 2536 0.384176 2537 0.384176 2534 0.384176 2538 0.384176 2600 0.384176 2601 0.384176 2599 0.384176 2602 0.384176 2567 0.384176 2565 0.5241 2566 0.384176 2568 0.384176 
NanList HYP 0
d
81
0 0 -28.7442 0 0 -28.7442 0 0 -28.7442 0 0 -28.7442 0 0 -28.7442 0 0 -28.7442 0 0 -4.81995 0 0 -4.81995 0 0 -28.7442 0 0 -4.81995 0 0 -28.7442 0 0 -28.7442 0 0 23.1648 0 0 23.1648 0 0 23.1648 0 0 23.1648 0 0 23.1648 0 0 23.1648 0 0 23.1648 0 0 23.1648 0 0 23.1648 0 0 23.1648 0 0 -4.81995 0 0 23.1648 0 0 23.1648 0.881826 4.88141 0 -0.881873 -4.8815 0 
s	18
2522 2526 2555 2558 2589 2592 
2522 2523 2524 2525 2526 2555 2556 2557 2558 2589 2590 2591 2592 
b
3 0
0.0641713 0.348893 0.890233
2523 0 0 2
2524 0 0 3
2525 0 0 2
2556 0 0 1
2557 0 0 2
2590 0 0 2
2591 0 0 2
g
0
0.3 2 0 0 1 2 0 2 5
t
2
36
16273.6 1146.9 100
16272.7 1149.81 -100
a
6
88
2526 2521 2558 2554 2592 2588 
1 2523 1 2557 0 2590 0 2591 0 2556 0 2589 0 2640 0.42766 2641 0.57234 
1 2524 1 2557 0 2590 0 2591 0 2589 0 2640 0.42766 2641 0.57234 
1 2522 1 2557 0 2556 0 2555 0 2640 0.42766 2641 0.57234 
1 2525 1 2590 0 2591 0 2640 0.42766 2641 0.57234 
2 2590 1 2523 0 2524 0 2525 0 2640 0.548226 2641 0.451773 
2 2591 1 2523 0 2524 0 2525 0 2640 0.548226 2641 0.451773 
2 2589 1 2523 0 2524 0 2640 0.548226 2641 0.451773 
2 2557 1 2523 0 2524 0 2522 0 2640 0.548226 2641 0.451773 
2 2556 1 2523 0 2522 0 2640 0.548226 2641 0.451773 
2 2555 1 2522 0 2640 0.548226 2641 0.451773 
0 2640 5 2523 0.42766 2524 0.42766 2522 0.42766 2525 0.42766 2590 0.548226 2591 0.548226 2589 0.548226 2557 0.548226 2556 0.548226 2555 0.548226 
0 2641 5 2523 0.57234 2524 0.57234 2522 0.57234 2525 0.57234 2590 0.451773 2591 0.451773 2589 0.451773 2557 0.451773 2556 0.451773 2555 0.451773 
NanList HYP 0
d
36
0 0 -14.468 0 0 -14.468 0 0 -14.468 0 0 -14.468 0 0 9.6453 0 0 9.6453 0 0 9.6453 0 0 9.6453 0 0 9.6453 0 0 9.6453 0.442289 -1.45413 0 -0.443149 1.45402 0 
s	19
2570 2572 2603 2605 
2570 2571 2572 2603 2604 2605 
b
2 0
0.0630958 0.457702 0.020023
2571 0 0 1
2604 0 0 1
g
0
0.3 2 0 0 1 2 0 2 5
t
2
38
15991.1 2148.32 100
15989.8 2145.65 -100
a
3
94
2572 2569 2605 
1 2571 1 2603 0 2604 0 2640 0.466128 2641 0.533872 
1 2570 1 2603 0 2640 0.466128 2641 0.533872 
2 2603 1 2571 0 2570 0 2640 0.533872 2641 0.466128 
2 2604 1 2571 0 2640 0.533872 2641 0.466128 
0 2640 2 2571 0.466128 2570 0.466128 2603 0.533872 2604 0.533872 
0 2641 2 2571 0.533872 2570 0.533872 2603 0.466128 2604 0.466128 
NanList HYP 0
d
18
0 0 -6.77441 0 0 -6.77441 0 0 6.77441 0 0 6.77441 0.602727 1.33242 0 -0.603118 -1.33263 0 
