33 0.5 0.1 0.3 1 0 24 1
p
0
30
1000 0 0
996.277 65.2349 0
992.554 130.47 0
988.831 195.705 0
985.108 260.939 0
981.385 326.174 0
977.662 391.409 0
973.94 456.644 0
970.217 521.879 0
966.494 587.114 0
962.771 652.349 0
959.048 717.583 0
955.325 782.818 0
951.602 848.053 0
947.879 913.288 0
944.156 978.523 0
940.433 1043.76 0
936.71 1108.99 0
932.987 1174.23 0
929.265 1239.46 0
925.542 1304.7 0
921.819 1369.93 0
918.096 1435.17 0
914.373 1500.4 0
910.65 1565.64 0
906.927 1630.87 0
903.204 1696.11 0
899.481 1761.34 0
895.758 1826.58 0
892.035 1891.81 0
888.312 1957.05 0
p
1
30
1200 0 0
1213.72 75.6164 0
1227.43 151.233 0
1239.08 227.089 0
1250.88 302.986 0
1262.27 378.965 0
1273.54 454.975 0
1284.88 530.981 0
1296.46 606.949 0
1308.45 682.848 0
1320.97 758.65 0
1334.16 834.33 0
1348.11 909.864 0
1362.9 985.235 0
1378.58 1060.43 0
1395.19 1135.43 0
1412.73 1210.24 0
1431.19 1284.85 0
1450.52 1359.26 0
1470.67 1433.5 0
1491.53 1507.57 0
1513 1581.5 0
1534.91 1655.33 0
1557.09 1729.09 0
1579.35 1802.83 0
1601.43 1876.63 0
1623.07 1950.55 0
1644.13 2024.63 0
1664.98 2098.81 7.24506
1685.93 2173 7.24506
1706.94 2247.17 7.24506
p
2
30
1400 0 0
1406.31 67.9271 0
1412.61 135.854 0
1421.49 203.726 0
1430.91 271.448 0
1441.07 339.09 0
1451.82 406.665 0
1462.95 474.193 0
1474.26 541.692 0
1485.59 609.181 0
1496.81 676.677 0
1507.78 744.196 0
1518.41 811.75 0
1528.63 879.353 0
1538.39 947.013 0
1547.65 1014.74 0
1556.43 1082.53 0
1564.72 1150.39 0
1572.59 1218.33 0
1580.1 1286.32 0
1587.33 1354.37 0
1594.41 1422.45 0
1601.47 1490.56 0
1608.69 1558.66 0
1616.23 1626.73 0
1624.33 1694.74 0
1633.22 1762.64 0
1643.16 1830.39 0
1654.26 1897.98 31.8992
1666.15 1965.44 31.8992
1678.7 2032.77 31.8992
p
3
30
1600 0 0
1600.35 72.0404 0
1600.7 144.081 0
1600.25 215.992 0
1600.71 287.972 0
1601.34 359.954 0
1602.44 431.934 0
1604.07 503.909 0
1606.27 575.875 0
1609.05 647.829 0
1612.41 719.768 0
1616.31 791.69 0
1620.7 863.595 0
1625.53 935.484 0
1630.7 1007.36 0
1636.14 1079.22 0
1641.76 1151.08 0
1647.44 1222.93 0
1653.09 1294.79 0
1658.6 1366.65 0
1663.86 1438.52 0
1668.82 1510.41 0
1673.55 1582.32 -19.4881
1678.06 1654.24 -19.4881
1682.27 1726.18 -19.4881
1686.09 1798.13 -19.4881
1689.49 1870.1 -19.4881
1692.62 1942.08 -19.4881
1695.79 2014.04 -19.4881
1699.14 2086.02 -19.4881
1702.55 2158.01 -19.4881
p
4
30
1800 0 0
1800.6 66.9291 0
1801.2 133.858 0
1801.5 200.82 0
1801.48 267.767 0
1800.94 334.71 0
1799.63 401.645 0
1797.22 468.554 0
1793.27 535.399 0
1788.58 602.219 0
1783.04 668.999 0
1776.83 735.744 0
1770.1 802.459 0
1763.01 869.154 0
1755.69 935.836 0
1748.29 1002.51 0
1740.94 1069.19 0
1733.8 1135.89 0
1726.99 1202.6 0
1720.68 1269.34 0
1715.02 1336.11 -6.10988
1710.21 1402.99 -6.10988
1706.47 1469.93 -6.10988
1703.64 1536.89 7.24506
1701.01 1603.82 7.24506
1698.28 1670.74 7.24506
1695.39 1737.64 7.24506
1692.32 1804.54 7.24506
1689.1 1871.42 7.24506
1685.78 1938.29 7.24506
1682.63 2005.17 7.24506
p
5
30
2000 0 0
2007.53 75.8636 0
2015.06 151.727 0
2024.64 227.373 0
2034.27 303.017 0
2043.95 378.663 0
2052.92 454.397 0
2060.15 530.318 0
2064.37 606.477 0
2064.18 682.781 0
2057.8 758.902 0
2043.19 834.065 0
2018.21 906.802 0
1981.54 974.989 0
1934.83 1037.41 0
1885.07 1097.93 0
1835.8 1158.92 0
1791.9 1223.52 0
1758.32 1293.4 4.58241
1738.05 1367.56 4.58241
1731.32 1443.67 4.58241
1738.2 1519.55 4.58241
1758.92 1592.91 0
1793.52 1661.17 0
1837.54 1724.16 0
1884.97 1784.87 0
1929.39 1847.8 0
1963.53 1916.79 0
1983.26 1991.22 0
1999.17 2067.05 -15.1363
2015.1 2143.01 -15.1363
p
6
30
2200 0 0
2193.58 66.5241 0
2187.16 133.048 0
2181.14 199.625 0
2175.11 266.21 0
2169.14 332.813 0
2163.22 399.439 0
2157.39 466.099 0
2151.92 532.825 0
2146.17 599.529 0
2140.2 666.233 0
2133.91 732.939 0
2127.49 799.679 0
2121.74 866.582 0
2117.89 933.797 0
2113.52 1000.96 0
2109.01 1068.17 0
2104.2 1135.41 0
2099.19 1202.67 0
2093.94 1269.98 0
2087.75 1337.29 0
2080.81 1404.64 0
2073.12 1472.05 0
2064.74 1539.52 0
2055.8 1607.07 0
2046.52 1674.68 0
2037.25 1742.37 0
2028.54 1810.15 0
2021.19 1878.06 0
2016.42 1946.12 0
2014.87 2014.19 0
p
7
30
2400 0 0
2397.18 74.4301 0
2394.35 148.86 0
2393.01 223.336 0
2392.48 297.827 0
2393.23 372.326 0
2395.45 446.807 0
2399.31 521.229 0
2404.77 595.55 0
2410.14 669.887 0
2414.71 744.265 0
2417.35 818.712 0
2417.01 893.173 0
2412.95 967.492 0
2405.06 1041.49 0
2393.05 1114.97 0
2376.94 1187.72 0
2356.93 1259.56 0
2333.37 1330.39 0
2306.76 1400.23 0
2277.7 1469.16 0
2246.86 1537.38 0
2214.97 1605.16 0
2182.81 1672.81 0
2151.15 1740.68 0
2120.75 1809.07 0
2092.34 1878.23 0
2066.61 1948.33 0
2043.57 2019.28 10.0909
2021.23 2090.54 10.0909
1998.84 2161.83 10.0909
p
8
30
2600 0 0
2591.21 87.1412 0
2582.42 174.282 0
2573.64 261.424 0
2564.85 348.565 0
2556.06 435.706 0
2547.27 522.847 0
2538.49 609.989 0
2529.7 697.13 0
2520.91 784.271 0
2512.12 871.412 0
2503.34 958.554 0
2494.55 1045.69 0
2485.76 1132.84 0
2476.97 1219.98 0
2468.18 1307.12 0
2459.4 1394.26 0
2450.61 1481.4 0
2441.82 1568.54 0
2433.03 1655.68 0
2424.25 1742.82 0
2415.46 1829.97 0
2406.67 1917.11 0
2397.88 2004.25 0
2389.1 2091.39 0
2380.31 2178.53 0
2371.52 2265.67 0
2362.73 2352.81 0
2353.94 2439.95 0
2345.16 2527.1 0
2336.37 2614.24 0
p
9
30
2800 0 0
2808.91 79.1712 0
2817.82 158.342 0
2824.84 237.719 0
2828.61 317.372 0
2827.14 397.233 0
2819.51 476.931 0
2803.08 555.648 0
2777.39 632.286 0
2747.79 707.958 0
2715.07 782.708 0
2681.58 857.301 0
2649.49 932.47 0
2620.87 1008.81 0
2597.64 1086.62 0
2581.45 1165.8 0
2573.56 1245.87 0
2574.81 1326.05 0
2585.48 1405.38 0
2605.34 1482.92 0
2633.64 1557.92 0
2669.17 1629.99 0
2710.41 1699.2 0
2755.62 1766.1 0
2802.87 1831.68 0
2850.2 1897.22 0
2896.09 1963.7 -7.12309
2940.96 2031.09 -7.12309
2983.57 2100.07 -9.94234
3024.43 2170.22 -9.94234
3064.87 2240.6 -9.94234
p
10
30
3000 0 0
2999.14 66.097 0
2998.27 132.194 0
2996.29 198.267 0
2992.36 264.27 0
2985.66 330.093 0
2977.88 395.886 0
2969.4 461.715 0
2963 528.016 0
2956.17 594.306 0
2949.55 660.722 0
2943.07 727.228 0
2936.72 793.802 0
2929.87 860.361 0
2922.64 926.913 0
2915.06 993.455 0
2907.23 1060 0
2899.35 1126.57 0
2891.66 1193.19 0
2884.48 1259.89 0
2878.12 1326.68 0
2872.95 1393.56 0
2869.31 1460.51 0
2867.6 1527.49 0
2868.18 1594.43 0
2871.42 1661.21 0
2877.65 1727.7 0
2887.2 1793.74 0
2900.36 1859.11 0
2917.37 1923.59 7.12309
2937.73 1987.16 7.12309
p
11
30
3200 0 0
3201.98 61.8829 0
3203.96 123.766 0
3204.46 185.751 0
3203 247.814 0
3200.01 309.91 0
3196.13 371.931 0
3191.35 433.918 0
3185.91 495.876 0
3179.99 557.81 0
3173.72 619.726 0
3167.22 681.631 0
3160.56 743.53 0
3153.81 805.427 0
3147 867.324 0
3140.15 929.223 0
3133.27 991.123 0
3126.37 1053.02 0
3119.44 1114.92 0
3112.47 1176.82 0
3105.44 1238.71 0
3098.35 1300.6 0
3091.19 1362.48 0
3083.95 1424.35 0
3076.65 1486.2 0
3069.29 1548.05 0
3061.92 1609.9 0
3054.57 1671.74 0
3047.45 1733.61 -10.3055
3041.1 1795.53 -10.3055
3035.41 1857.45 -10.3055
p
12
30
3400 0 0
3395.67 74.7374 0
3391.34 149.475 0
3389.14 224.295 0
3388.18 299.105 0
3386.84 373.871 0
3385.14 448.655 0
3382.32 523.377 0
3378.24 598.01 0
3372.26 672.534 0
3364.1 746.865 0
3353.51 820.928 0
3340.35 894.645 0
3324.59 967.947 0
3306.3 1040.78 0
3285.67 1113.13 0
3262.99 1185 0
3238.66 1256.45 0
3213.16 1327.58 0
3187.07 1398.52 0
3161.01 1469.45 0
3135.65 1540.55 0
3111.69 1612 0
3089.81 1683.94 0
3070.27 1756.39 10.3055
3052.52 1829.21 10.3055
3038.99 1902.82 10.3055
3031.28 1977.35 0
3028.46 2052.31 0
3028.78 2127.41 14.9135
3029.86 2202.55 14.9135
p
13
30
3600 0 0
3598.46 75.7866 0
3596.91 151.573 0
3595.37 227.36 0
3593.82 303.146 0
3592.28 378.933 0
3590.73 454.719 0
3589.19 530.506 0
3587.64 606.293 0
3586.1 682.079 0
3584.55 757.866 0
3583.01 833.652 0
3581.46 909.439 0
3579.92 985.226 0
3578.37 1061.01 0
3576.83 1136.8 0
3575.28 1212.59 0
3573.74 1288.37 0
3572.19 1364.16 0
3570.65 1439.95 0
3569.1 1515.73 0
3567.56 1591.52 0
3566.01 1667.3 0
3564.47 1743.09 0
3562.92 1818.88 0
3561.38 1894.66 0
3559.83 1970.45 0
3558.29 2046.24 0
3556.74 2122.02 0
3555.2 2197.81 0
3553.65 2273.6 0
p
14
30
3800 0 0
3796.54 76.7454 0
3793.08 153.491 0
3784.56 229.918 0
3776.17 306.386 0
3767.68 382.907 0
3759.36 459.526 0
3751.77 536.269 0
3745.41 613.129 0
3740.65 690.087 0
3737.79 767.106 0
3737.04 844.142 0
3738.54 921.145 0
3742.36 998.062 0
3748.48 1074.85 0
3756.84 1151.47 0
3767.29 1227.89 0
3779.64 1304.11 0
3793.66 1380.13 0
3809.06 1455.96 0
3825.54 1531.64 0
3842.77 1607.21 0
3860.4 1682.73 0
3878.11 1758.23 0
3895.57 1833.78 -13.0491
3912.78 1909.44 -13.0491
3930.49 1985.04 -13.0491
3948.43 2060.63 -13.0491
3966.37 2136.23 0
3984.31 2211.83 0
4002.25 2287.43 0
p
15
30
4000 0 0
4004.78 58.5124 0
4009.56 117.025 0
4009.39 176.182 0
4009.8 235.317 0
4005.2 294.751 0
3997.99 354.088 0
3991.15 413.531 0
3984.19 473.109 0
3977.39 532.799 0
3970.63 592.554 0
3964.48 652.391 0
3958.65 712.263 0
3953.13 772.142 0
3947.91 832.006 0
3943.02 891.848 0
3938.53 951.678 0
3934.52 1011.52 0
3931.1 1071.41 0
3928.35 1131.4 0
3926.38 1191.51 0
3925.25 1251.78 0
3925.04 1312.21 0
3925.76 1372.79 0
3927.36 1433.49 0
3929.72 1494.28 0
3932.51 1555.13 0
3935.13 1616.02 0
3936.51 1676.9 0
3934.85 1737.61 0
3929.01 1797.75 0
p
16
30
4200 0 0
4196.41 72.098 0
4192.82 144.196 0
4190.79 216.4 0
4193.74 288.703 0
4203.99 360.647 0
4218.82 432.067 0
4235.86 503.357 0
4253.82 574.687 0
4270.68 646.405 0
4284.46 718.749 0
4294.64 791.546 0
4299.88 864.66 0
4299.43 937.724 0
4293.25 1010.32 0
4281.21 1082.04 0
4263.03 1152.44 0
4238.98 1221.13 0
4209.75 1287.95 0
4176.4 1353.01 0
4140.25 1416.75 0
4102.82 1479.85 0
4065.74 1543.19 0
4030.78 1607.7 0
3999.74 1674.19 0
3974.48 1743.22 0
3956.06 1814.71 0
3942.3 1887.59 13.0491
3930.24 1961.08 13.0491
3918.34 2034.56 13.0491
3906.31 2108.01 13.0491
p
17
30
4400 0 0
4394.23 71.953 0
4388.45 143.906 0
4383.77 215.848 0
4379.16 287.845 0
4374.79 359.862 0
4370.54 431.889 0
4366.28 503.914 0
4361.89 575.929 0
4357.23 647.922 0
4352.18 719.884 0
4346.61 791.805 0
4340.39 863.673 0
4333.53 935.51 0
4326.42 1007.35 0
4319.14 1079.19 0
4311.84 1151.02 0
4304.53 1222.85 0
4297.23 1294.68 0
4289.92 1366.51 0
4282.62 1438.34 0
4275.31 1510.17 0
4268.01 1582 0
4260.7 1653.83 0
4253.4 1725.66 0
4246.09 1797.49 0
4238.79 1869.32 0
4231.48 1941.15 0
4224.18 2012.98 0
4216.87 2084.81 0
4209.57 2156.64 0
p
18
30
4600 0 0
4597.08 81.6775 0
4594.15 163.355 0
4591.23 245.032 0
4588.3 326.71 0
4585.38 408.387 0
4582.45 490.065 0
4579.53 571.742 0
4576.6 653.42 0
4573.68 735.097 0
4570.75 816.775 0
4567.83 898.452 0
4564.91 980.13 0
4561.98 1061.81 0
4559.06 1143.48 0
4556.13 1225.16 0
4553.21 1306.84 0
4550.28 1388.52 0
4547.36 1470.19 0
4544.43 1551.87 0
4541.51 1633.55 0
4538.58 1715.23 0
4535.66 1796.9 0
4532.74 1878.58 0
4529.81 1960.26 0
4526.89 2041.94 0
4523.96 2123.61 0
4521.04 2205.29 0
4518.11 2286.97 0
4515.19 2368.65 0
4512.26 2450.32 0
p
19
30
4800 0 0
4795.55 78.6923 0
4791.1 157.385 0
4786.65 236.077 0
4782.2 314.769 0
4777.75 393.462 0
4773.3 472.154 0
4768.86 550.846 0
4764.41 629.539 0
4759.96 708.231 0
4755.51 786.923 0
4751.06 865.616 0
4746.61 944.308 0
4742.16 1023 0
4737.71 1101.69 0
4733.26 1180.38 0
4728.81 1259.08 0
4724.36 1337.77 0
4719.91 1416.46 0
4715.46 1495.15 0
4711.01 1573.85 0
4706.57 1652.54 0
4702.12 1731.23 0
4697.67 1809.92 0
4693.22 1888.62 0
4688.77 1967.31 0
4684.32 2046 0
4679.87 2124.69 0
4675.42 2203.39 0
4670.97 2282.08 0
4666.52 2360.77 0
p
20
30
5000 0 0
5000.81 72.0595 0
5001.62 144.119 0
5002.32 216.18 0
5003.01 288.241 0
5003.65 360.303 0
5004.25 432.365 0
5004.82 504.427 0
5005.36 576.49 0
5005.86 648.553 0
5006.34 720.616 0
5006.8 792.68 0
5007.24 864.743 0
5007.67 936.807 0
5008.08 1008.87 0
5008.49 1080.94 0
5008.9 1153 0
5009.3 1225.06 0
5009.71 1297.13 0
5010.12 1369.19 0
5010.55 1441.26 0
5010.98 1513.32 0
5011.44 1585.38 0
5011.92 1657.45 0
5012.42 1729.51 0
5012.95 1801.57 0
5013.51 1873.64 0
5014.1 1945.7 0
5014.74 2017.76 0
5015.42 2089.82 0
5016.13 2161.88 0
p
21
30
5200 0 0
5194.73 76.0775 0
5189.45 152.155 0
5184.25 228.237 0
5179.06 304.32 0
5173.89 380.404 0
5168.73 456.489 0
5163.59 532.576 0
5158.44 608.662 0
5153.3 684.748 0
5148.14 760.833 0
5142.97 836.918 0
5137.78 913 -11.651
5132.56 989.081 -11.651
5127.3 1065.16 -11.651
5122.01 1141.24 -11.651
5116.66 1217.31 -11.651
5111.27 1293.38 -11.651
5105.82 1369.44 0
5100.3 1445.5 0
5094.71 1521.56 0
5089.05 1597.61 0
5083.3 1673.65 0
5077.46 1749.69 0
5071.52 1825.72 0
5065.49 1901.75 0
5059.34 1977.76 0
5053.08 2053.77 0
5046.7 2129.77 0
5040.22 2205.76 0
5033.71 2281.76 0
p
22
30
5400 0 0
5401 78.3086 0
5402 156.617 0
5401.09 234.941 0
5397.33 313.222 0
5389.17 391.267 0
5374.77 468.595 0
5352.11 544.262 0
5318.96 616.546 0
5282.31 687.511 0
5243.47 757.637 0
5205.76 828.452 0
5172.72 901.362 11.651
5147.22 976.885 11.651
5131.55 1054.66 11.651
5127.35 1133.56 11.651
5135.04 1212.02 11.651
5154.3 1288.45 11.651
5183.83 1361.68 0
5221.68 1431.24 0
5265.5 1497.5 0
5312.73 1561.59 0
5360.71 1625.17 0
5406.74 1690.08 0
5447.95 1757.9 0
5481.46 1829.61 0
5506.04 1904.61 -16.7739
5526.44 1980.99 -16.7739
5544.35 2058.14 -16.7739
5560.91 2135.7 -3.4726
5577.27 2213.3 -3.4726
p
23
30
5600 0 0
5608.14 62.6227 0
5616.28 125.245 0
5622.91 188.089 0
5627.93 251.12 0
5631.03 314.326 0
5632.1 377.665 0
5630.83 441.085 0
5628.25 504.58 0
5625.06 568.051 0
5621.63 631.566 0
5618.38 695.151 0
5614.94 758.824 0
5610.21 822.595 0
5604.52 886.449 0
5597.73 950.375 0
5591.77 1014.43 0
5586.02 1078.58 0
5580.51 1142.79 0
5575.19 1207.08 0
5570.08 1271.49 0
5565.18 1336.11 0
5560.54 1401.05 0
5555.96 1466.4 0
5550.73 1532.15 0
5546.9 1598.31 0
5543.88 1664.7 0
5541.6 1731.05 0
5539.4 1797.09 0
5535.75 1862.55 18.9295
5529.23 1927.37 18.9295
p
24
30
5800 0 0
5785.16 66.9134 0
5770.33 133.827 0
5756.05 200.867 0
5742.51 268.067 0
5730.01 335.479 0
5718.9 403.154 0
5709.61 471.13 0
5702.99 539.482 0
5696.4 607.82 0
5690.32 676.199 0
5685.42 744.658 0
5683.46 813.297 0
5686.28 882.101 0
5695.06 950.856 0
5710.39 1019.17 0
5729.84 1087.26 0
5752.01 1155.25 0
5774.48 1223.57 0
5794.46 1292.62 0
5809.12 1362.56 0
5815.82 1433 -11.4471
5812.52 1502.89 -11.4471
5797.58 1570.62 -11.4471
5770.68 1634.24 -11.4471
5732.8 1691.99 -11.4471
5687.26 1744.06 0
5638.49 1793.25 0
5594.47 1846.75 0
5560.96 1907.52 6.23128
5525.85 1968.44 6.23128
p
25
30
6000 0 0
5999 78.5574 0
5997.99 157.115 0
5996.98 235.661 0
5995.82 314.197 0
5994.28 392.717 0
5992.12 471.21 0
5989.26 549.668 0
5985.6 628.07 0
5980.69 706.437 0
5974.35 784.718 0
5966.33 862.871 0
5956.46 940.845 0
5944.6 1018.59 0
5930.67 1096.03 0
5914.64 1173.14 0
5896.56 1249.86 0
5876.55 1326.17 0
5854.78 1402.08 11.4471
5831.61 1477.66 11.4471
5807.73 1553.08 11.4471
5783.24 1628.34 11.4471
5758.24 1703.47 11.4471
5733.39 1778.65 0
5709.93 1854.22 0
5687.62 1930.09 0
5665.79 2006.08 0
5643.78 2082.02 0
5620.92 2157.75 3.4726
5596.87 2233.16 3.4726
5572.44 2308.47 0
p
26
30
6200 0 0
6202.26 72.45 0
6204.51 144.9 0
6206.77 217.35 0
6209.03 289.8 0
6211.28 362.25 0
6213.54 434.7 0
6215.8 507.15 0
6218.05 579.6 0
6220.31 652.05 0
6222.57 724.5 0
6224.82 796.95 0
6227.08 869.399 0
6229.34 941.849 0
6231.59 1014.3 0
6233.85 1086.75 0
6236.11 1159.2 0
6238.36 1231.65 0
6240.62 1304.1 0
6242.88 1376.55 0
6245.13 1449 0
6247.39 1521.45 0
6249.65 1593.9 0
6251.9 1666.35 0
6254.16 1738.8 0
6256.42 1811.25 0
6258.67 1883.7 0
6260.93 1956.15 0
6263.19 2028.6 0
6265.44 2101.05 0
6267.7 2173.5 0
p
27
30
6400 0 0
6406.23 72.7372 0
6412.46 145.474 0
6417.98 218.273 0
6422.63 291.137 0
6426.08 364.076 0
6428.05 437.081 0
6428.27 510.123 0
6426.54 583.078 0
6424.44 656.078 0
6422.32 729.079 0
6420.91 802.085 0
6420.96 875.083 0
6423.19 948.02 -11.8451
6428.29 1020.82 -11.8451
6436.9 1093.25 -11.8451
6449.23 1165.08 -11.8451
6463.32 1236.62 0
6478.97 1307.87 0
6495.89 1378.86 0
6513.57 1449.69 0
6531.41 1520.49 0
6548.83 1591.37 -11.8451
6565.6 1662.43 -11.8451
6582.59 1733.45 -11.8451
6599.91 1804.43 -11.8451
6616.98 1875.47 -11.8451
6633.02 1946.7 0
6647.97 2018.21 0
6662.66 2089.77 0
6677.85 2161.27 0
p
28
30
6600 0 0
6600.51 74.8646 0
6601.02 149.729 0
6601.89 224.575 0
6603.07 299.408 0
6604.51 374.226 0
6605.98 449.03 0
6607.02 523.827 0
6606.67 598.621 0
6593.93 672.923 0
6568.04 744.502 0
6537.39 814.993 0
6503.6 884.827 0
6471.08 955.597 11.8451
6444.05 1028.47 11.8451
6424.61 1103.34 11.8451
6414.57 1179.54 11.8451
6414.31 1255.74 0
6422.58 1330.95 0
6438 1404.65 0
6459.47 1476.69 0
6486.07 1547.04 0
6517.01 1615.78 11.8451
6551.31 1683.07 11.8451
6587.05 1749.66 11.8451
6621.85 1816.66 11.8451
6653.01 1885.37 11.8451
6677.03 1956.96 0
6690.72 2031.71 11.3876
6703.78 2106.83 11.3876
6717.72 2181.87 11.3876
p
29
30
6800 0 0
6791.03 65.5317 0
6782.07 131.063 0
6773.54 196.664 0
6765.51 262.337 0
6758.14 328.099 0
6751.56 393.961 0
6745.88 459.93 0
6740.79 526.087 0
6735.14 592.238 0
6733.07 658.829 0
6730.95 725.392 0
6729.45 792.061 0
6728.46 858.809 0
6728.05 925.616 0
6727.59 992.462 0
6727.21 1059.36 0
6726.85 1126.33 0
6726.5 1193.41 0
6726.14 1260.62 0
6725.76 1327.99 0
6725.33 1395.55 0
6724.78 1463.3 0
6724.05 1531.21 0
6723.1 1599.24 0
6721.87 1667.36 0
6720.39 1735.48 0
6718.74 1803.56 0
6717.19 1871.54 0
6716.17 1939.37 11.3876
6716.02 2006.95 11.3876
p
30
30
7000 0 0
6990.88 89.3187 0
6981.76 178.637 0
6974.26 268.113 0
6969.36 357.798 0
6968.76 447.693 0
6974.8 537.559 0
6991 626.548 0
7030.12 710.268 0
7073.28 792.346 0
7118.24 874.069 0
7159.99 957.385 10.7242
7192.9 1043.7 10.7242
7212.43 1132.87 10.7242
7215.39 1223.18 10.7242
7200.43 1311.86 10.7242
7168.17 1396.05 0
7121.04 1473.83 0
7062.7 1544.97 0
6997.56 1611.23 0
6930.36 1675.97 0
6866.18 1743.28 0
6810.56 1816.71 0
6769.46 1897.96 0
6745.26 1984.96 -14.2345
6727.04 2073.49 -14.2345
6709.49 2162.36 -14.2345
6692.4 2251.38 -14.2345
6675.44 2340.41 0
6658.48 2429.44 0
6641.52 2518.48 0
p
31
30
7200 0 0
7204.03 86.8994 0
7208.07 173.799 0
7210.26 260.686 0
7210.73 347.583 0
7209.82 434.476 0
7208.25 521.409 0
7206.46 608.342 0
7205.06 695.271 0
7204.66 782.187 0
7205.81 869.069 0
7208.99 955.884 -12.0647
7214.56 1042.58 -12.0647
7222.75 1129.1 -12.0647
7233.6 1215.38 -12.0647
7246.46 1301.47 -12.0647
7259.14 1387.61 -12.0647
7271.44 1473.83 -12.0647
7283.86 1560.07 -12.0647
7296.34 1646.31 0
7308.82 1732.54 0
7321.29 1818.77 0
7333.77 1905.01 0
7346.24 1991.24 0
7358.72 2077.48 0
7371.19 2163.71 0
7383.67 2249.95 0
7396.14 2336.18 0
7408.62 2422.42 0
7421.09 2508.65 0
7433.57 2594.89 0
p
32
30
7400 0 0
7405.02 81.0995 0
7410.04 162.199 0
7409.88 243.709 0
7405.62 325.234 0
7398.08 406.611 0
7389.43 487.847 0
7380 568.951 0
7370.33 649.947 0
7360.43 730.872 0
7349.75 811.751 0
7337.07 892.535 0
7321.06 973.024 0
7306.02 1053.91 0
7292.4 1135.11 0
7282.14 1216.67 0
7276.58 1298.42 10.7242
7278.6 1380.07 10.7242
7290.55 1460.67 10.7242
7313.58 1538.8 10.7242
7348.22 1612.69 0
7394.13 1680.63 0
7449.23 1741.98 0
7510.34 1797.97 0
7573.81 1851.6 0
7635.65 1907.04 0
7691.27 1968.45 0
7737.97 2036.57 10.0332
7783.31 2106.09 10.0332
7829.53 2175.13 10.0332
7876.85 2243.49 10.0332
p
33
30
7600 0 0
7593.32 67.9188 0
7586.63 135.838 0
7582.72 204.104 0
7581.76 272.57 0
7584.3 341.105 0
7588.24 409.613 0
7593.67 478.088 0
7600.1 546.522 0
7607.11 614.917 0
7614.48 683.273 0
7622.28 751.578 0
7631.18 819.781 0
7639.81 887.955 0
7648.33 956.127 0
7656.7 1024.31 0
7664.76 1092.53 0
7672.55 1160.81 0
7679.46 1229.22 0
7685.64 1297.78 0
7691.09 1366.48 0
7695.91 1435.33 0
7700.27 1504.31 0
7704.43 1573.4 0
7708.78 1642.56 0
7713.87 1711.74 0
7720.48 1780.84 0
7729.69 1849.67 0
7742.44 1918.01 21.94
7758.33 1985.69 21.94
7777.59 2052.5 21.94
p
34
30
7800 0 0
7797.81 70.0599 0
7795.63 140.12 0
7794.43 210.15 0
7794.49 280.173 0
7796.27 350.177 0
7798.73 420.197 0
7801.8 490.21 0
7805.12 560.224 0
7808.31 630.249 0
7811.05 700.287 0
7813.16 770.332 0
7814.72 840.367 0
7815.58 910.422 0
7815.76 980.472 0
7815.29 1050.51 0
7814.23 1120.53 0
7812.65 1190.54 0
7810.62 1260.52 0
7808.24 1330.49 0
7805.59 1400.44 0
7802.72 1470.38 0
7799.69 1540.3 0
7796.53 1610.21 0
7793.23 1680.11 0
7789.78 1750 0
7786.11 1819.88 0
7782.15 1889.74 -17.6588
7778.4 1959.56 -17.6588
7777.02 2029.53 -17.6588
7777.59 2099.66 -17.6588
p
35
30
8000 0 0
7994.79 75.2785 0
7989.59 150.557 0
7985.05 225.876 0
7981.17 301.236 0
7977.66 376.619 0
7974.6 452.028 0
7971.94 527.458 0
7969.63 602.905 0
7967.61 678.367 0
7965.82 753.84 0
7964.22 829.321 0
7962.75 904.808 0
7961.34 980.298 0
7959.95 1055.79 0
7958.52 1131.28 0
7957 1206.76 0
7955.32 1282.24 0
7953.43 1357.71 0
7951.28 1433.16 0
7948.81 1508.6 0
7945.96 1584.02 0
7942.69 1659.42 0
7938.93 1734.79 0
7934.63 1810.13 0
7929.74 1885.43 0
7924.21 1960.69 0
7917.98 2035.89 0
7911.01 2111.05 0
7903.24 2186.13 -17.6588
7894.77 2261.16 -17.6588
p
36
30
8200 0 0
8204.36 77.791 0
8208.73 155.582 0
8213.09 233.373 0
8217.46 311.164 0
8221.82 388.955 0
8226.18 466.746 0
8230.55 544.537 0
8234.91 622.328 0
8239.27 700.119 0
8243.64 777.91 0
8248 855.701 0
8252.37 933.492 0
8256.73 1011.28 0
8261.09 1089.07 0
8265.46 1166.87 0
8269.82 1244.66 0
8274.19 1322.45 0
8278.55 1400.24 0
8282.91 1478.03 0
8287.28 1555.82 0
8291.64 1633.61 0
8296.01 1711.4 0
8300.37 1789.19 0
8304.73 1866.98 0
8309.1 1944.78 0
8313.46 2022.57 0
8317.82 2100.36 0
8322.19 2178.15 0
8326.55 2255.94 0
8330.92 2333.73 0
p
37
30
8400 0 0
8403.72 76.7461 0
8407.44 153.492 0
8411.16 230.238 0
8414.88 306.984 0
8418.6 383.73 0
8422.32 460.476 0
8426.04 537.223 0
8429.77 613.969 0
8433.49 690.715 0
8437.21 767.461 0
8440.93 844.207 0
8444.65 920.953 0
8448.37 997.699 0
8452.09 1074.45 0
8455.81 1151.19 0
8459.53 1227.94 0
8463.25 1304.68 0
8466.97 1381.43 0
8470.69 1458.18 0
8474.41 1534.92 0
8478.13 1611.67 0
8481.85 1688.41 0
8485.58 1765.16 0
8489.3 1841.91 0
8493.02 1918.65 0
8496.74 1995.4 0
8500.46 2072.14 0
8504.18 2148.89 0
8507.9 2225.64 0
8511.62 2302.38 0
p
38
30
8600 0 0
8599.41 71.7785 0
8598.83 143.557 0
8598.24 215.336 0
8597.66 287.114 0
8597.07 358.893 0
8596.48 430.671 0
8595.9 502.45 0
8595.31 574.228 0
8594.72 646.007 0
8594.14 717.785 0
8593.55 789.564 0
8592.97 861.342 0
8592.38 933.121 0
8591.79 1004.9 0
8591.21 1076.68 0
8590.62 1148.46 0
8590.04 1220.23 0
8589.45 1292.01 0
8588.86 1363.79 0
8588.28 1435.57 0
8587.69 1507.35 0
8587.1 1579.13 0
8586.52 1650.91 0
8585.93 1722.68 0
8585.35 1794.46 0
8584.76 1866.24 0
8584.17 1938.02 0
8583.59 2009.8 0
8583 2081.58 0
8582.42 2153.36 0
p
39
30
8800 0 0
8809.37 68.9056 0
8818.74 137.811 0
8828.11 206.717 0
8837.48 275.622 0
8846.85 344.528 0
8856.22 413.434 0
8865.6 482.339 0
8874.97 551.245 0
8884.34 620.151 0
8893.71 689.056 0
8903.08 757.962 0
8912.45 826.867 0
8921.82 895.773 0
8931.19 964.679 0
8940.56 1033.58 0
8949.93 1102.49 0
8959.3 1171.4 0
8968.67 1240.3 0
8978.04 1309.21 0
8987.42 1378.11 0
8996.79 1447.02 0
9006.16 1515.92 0
9015.53 1584.83 0
9024.9 1653.73 0
9034.27 1722.64 0
9043.64 1791.55 0
9053.01 1860.45 0
9062.38 1929.36 0
9071.75 1998.26 0
9081.12 2067.17 0
p
40
30
9000 0 0
9006.09 63.6552 0
9012.18 127.31 0
9018.28 190.966 0
9024.37 254.621 0
9030.46 318.276 0
9036.55 381.931 0
9042.64 445.586 0
9048.73 509.242 0
9054.83 572.897 0
9060.92 636.552 0
9067.01 700.207 0
9073.1 763.862 0
9079.19 827.518 0
9085.29 891.173 0
9091.38 954.828 0
9097.47 1018.48 0
9103.56 1082.14 0
9109.65 1145.79 0
9115.75 1209.45 0
9121.84 1273.1 0
9127.93 1336.76 0
9134.02 1400.41 0
9140.11 1464.07 0
9146.2 1527.72 0
9152.3 1591.38 0
9158.39 1655.04 0
9164.48 1718.69 0
9170.57 1782.35 0
9176.66 1846 0
9182.76 1909.66 0
p
41
30
9200 0 0
9203.3 79.4971 0
9206.59 158.994 0
9209.75 238.498 0
9212.73 318.008 0
9215.47 397.528 0
9217.99 477.056 0
9220.22 556.593 0
9222.16 636.138 0
9223.78 715.692 0
9225.15 795.251 0
9226.27 874.815 0
9227.16 954.383 0
9227.85 1033.95 0
9228.36 1113.53 0
9228.71 1193.1 0
9228.94 1272.68 0
9229.06 1352.26 0
9229.09 1431.84 0
9229.06 1511.41 0
9228.99 1590.99 0
9228.91 1670.57 0
9228.83 1750.15 0
9228.79 1829.73 0
9228.8 1909.31 0
9228.89 1988.89 0
9229.08 2068.47 0
9229.39 2148.05 0
9229.85 2227.63 0
9230.49 2307.2 0
9231.28 2386.78 0
p
42
30
9400 0 0
9396.04 80.6952 0
9392.08 161.39 0
9388.08 242.083 0
9384.06 322.774 0
9379.98 403.462 0
9375.93 484.152 0
9371.91 564.843 0
9367.95 645.537 0
9364.08 726.236 0
9360.23 806.936 0
9356.41 887.637 0
9352.58 968.338 0
9348.73 1049.04 0
9344.84 1129.74 0
9340.89 1210.43 0
9336.85 1291.13 0
9332.69 1371.81 0
9328.41 1452.49 0
9323.98 1533.17 0
9319.37 1613.83 0
9314.57 1694.48 0
9309.55 1775.12 0
9304.29 1855.75 0
9298.78 1936.36 0
9292.99 2016.95 0
9286.9 2097.51 0
9280.5 2178.06 0
9273.77 2258.58 0
9266.69 2339.07 0
9259.39 2419.55 0
p
43
30
9600 0 0
9600.23 67.0166 0
9600.45 134.033 0
9600.68 201.05 0
9600.91 268.066 0
9601.13 335.083 0
9601.36 402.1 0
9601.59 469.116 0
9601.82 536.133 0
9602.04 603.149 0
9602.27 670.166 0
9602.5 737.182 0
9602.72 804.199 0
9602.95 871.216 0
9603.18 938.232 0
9603.4 1005.25 0
9603.63 1072.27 0
9603.86 1139.28 0
9604.08 1206.3 0
9604.31 1273.32 0
9604.54 1340.33 0
9604.76 1407.35 0
9604.99 1474.36 0
9605.22 1541.38 0
9605.45 1608.4 0
9605.67 1675.41 0
9605.9 1742.43 0
9606.13 1809.45 0
9606.35 1876.46 0
9606.58 1943.48 0
9606.81 2010.5 0
p
44
30
9800 0 0
9808.9 75.3673 0
9817.81 150.735 0
9826.71 226.102 0
9835.61 301.469 0
9844.51 376.837 0
9853.42 452.204 0
9862.32 527.571 0
9871.22 602.939 0
9880.12 678.306 0
9889.03 753.673 0
9897.93 829.041 0
9906.83 904.408 0
9915.73 979.775 0
9924.64 1055.14 0
9933.54 1130.51 0
9942.44 1205.88 0
9951.34 1281.24 0
9960.25 1356.61 0
9969.15 1431.98 0
9978.05 1507.35 0
9986.95 1582.71 0
9995.86 1658.08 0
10004.8 1733.45 0
10013.7 1808.82 0
10022.6 1884.18 0
10031.5 1959.55 0
10040.4 2034.92 0
10049.3 2110.28 0
10058.2 2185.65 0
10067.1 2261.02 0
p
45
30
10000 0 0
10009.3 78.5089 0
10018.6 157.018 0
10027.6 235.562 0
10036.2 314.145 0
10044.6 392.76 0
10052.7 471.403 0
10060.5 550.077 0
10068.1 628.778 0
10075.5 707.505 0
10082.6 786.256 0
10089.4 865.029 0
10096.1 943.822 0
10102.6 1022.63 0
10108.9 1101.47 0
10115 1180.31 0
10121 1259.17 0
10126.8 1338.05 0
10132.5 1416.93 0
10138.1 1495.83 0
10143.6 1574.74 0
10149 1653.65 0
10154.3 1732.57 0
10159.5 1811.5 0
10164.7 1890.44 0
10169.9 1969.38 0
10175 2048.32 0
10180.1 2127.26 0
10185.2 2206.21 0
10190.4 2285.15 0
10195.5 2364.1 0
p
46
30
10200 0 0
10203.2 82.5072 0
10206.4 165.014 0
10209.4 247.526 0
10212.2 330.046 0
10214.9 412.569 0
10217.5 495.098 0
10219.9 577.633 0
10222.1 660.174 0
10224.2 742.72 0
10226 825.272 0
10227.8 907.83 0
10229.3 990.394 0
10230.6 1072.96 0
10231.8 1155.54 0
10232.7 1238.12 0
10233.5 1320.7 0
10234 1403.29 0
10234.3 1485.88 0
10234.5 1568.47 0
10234.4 1651.07 0
10234.1 1733.67 0
10233.6 1816.28 0
10232.8 1898.88 0
10231.8 1981.49 0
10230.7 2064.1 0
10229.3 2146.7 0
10227.6 2229.31 0
10225.8 2311.92 0
10223.9 2394.52 0
10221.9 2477.13 0
p
47
30
10400 0 0
10399.7 76.7011 0
10399.3 153.402 0
10399 230.103 0
10398.6 306.804 0
10398.3 383.505 0
10397.9 460.207 0
10397.6 536.908 0
10397.2 613.609 0
10396.9 690.31 0
10396.5 767.011 0
10396.2 843.712 0
10395.8 920.413 0
10395.5 997.114 0
10395.1 1073.82 0
10394.8 1150.52 0
10394.4 1227.22 0
10394.1 1303.92 0
10393.7 1380.62 0
10393.4 1457.32 0
10393 1534.02 0
10392.7 1610.72 0
10392.3 1687.42 0
10392 1764.13 0
10391.6 1840.83 0
10391.3 1917.53 0
10390.9 1994.23 0
10390.6 2070.93 0
10390.2 2147.63 0
10389.9 2224.33 0
10389.5 2301.03 0
p
48
30
10600 0 0
10595.3 71.998 0
10590.6 143.996 0
10585.9 215.994 0
10581.2 287.992 0
10576.4 359.99 0
10571.7 431.988 0
10567 503.986 0
10562.3 575.984 0
10557.6 647.982 0
10552.9 719.98 0
10548.2 791.978 0
10543.5 863.976 0
10538.7 935.974 0
10534 1007.97 0
10529.3 1079.97 0
10524.6 1151.97 0
10519.9 1223.97 0
10515.2 1295.96 0
10510.5 1367.96 0
10505.8 1439.96 0
10501 1511.96 0
10496.3 1583.96 0
10491.6 1655.95 0
10486.9 1727.95 0
10482.2 1799.95 0
10477.5 1871.95 0
10472.8 1943.95 0
10468.1 2015.94 0
10463.3 2087.94 0
10458.6 2159.94 0
p
49
30
10800 0 0
10809.8 75.8076 0
10819.6 151.615 0
10829.5 227.406 0
10839.6 303.174 0
10849.9 378.91 0
10860.4 454.625 0
10871.1 530.311 0
10882 605.969 0
10893.1 681.597 0
10904.4 757.196 0
10916 832.763 0
10927.7 908.3 0
10939.7 983.804 0
10951.9 1059.28 0
10964.3 1134.72 0
10976.9 1210.12 0
10989.7 1285.5 0
11002.7 1360.84 0
11015.9 1436.15 0
11029.4 1511.42 0
11043 1586.67 0
11056.9 1661.88 0
11070.9 1737.05 0
11085.1 1812.2 0
11099.5 1887.31 0
11114.1 1962.39 0
11128.9 2037.44 0
11143.9 2112.46 0
11158.9 2187.46 0
11174 2262.46 0
p
50
30
11000 0 0
11003.3 73.3451 0
11006.5 146.69 0
11010 220.026 0
11013.8 293.348 0
11018 366.65 0
11022.5 439.937 0
11027.3 513.207 0
11032.3 586.458 0
11037.7 659.693 0
11043.3 732.909 0
11049.2 806.109 0
11055.3 879.292 0
11061.7 952.458 0
11068.2 1025.61 0
11075 1098.74 0
11082 1171.86 0
11089.1 1244.97 0
11096.4 1318.06 0
11103.9 1391.14 0
11111.5 1464.21 0
11119.2 1537.27 0
11127 1610.32 0
11135 1683.35 0
11143 1756.38 0
11151.2 1829.4 0
11159.4 1902.42 0
11167.6 1975.43 0
11176 2048.44 0
11184.3 2121.44 0
11192.7 2194.44 0
p
51
30
11200 0 0
11208 87.9778 0
11216 175.956 0
11224 263.933 0
11232.1 351.911 0
11240.1 439.889 0
11248.1 527.867 0
11256.1 615.844 0
11264.1 703.822 0
11272.1 791.8 0
11280.1 879.778 0
11288.1 967.755 0
11296.2 1055.73 0
11304.2 1143.71 0
11312.2 1231.69 0
11320.2 1319.67 0
11328.2 1407.64 0
11336.2 1495.62 0
11344.2 1583.6 0
11352.3 1671.58 0
11360.3 1759.56 0
11368.3 1847.53 0
11376.3 1935.51 0
11384.3 2023.49 0
11392.3 2111.47 0
11400.3 2199.44 0
11408.3 2287.42 0
11416.4 2375.4 0
11424.4 2463.38 0
11432.4 2551.36 0
11440.4 2639.33 0
p
52
30
11400 0 0
11407 81.0874 0
11413.9 162.175 0
11420.6 243.277 0
11427.1 324.4 0
11433.1 405.549 0
11438.7 486.726 0
11443.9 567.931 0
11448.6 649.16 0
11452.8 730.41 0
11457.1 811.662 0
11461.4 892.907 0
11466.1 974.13 0
11471.3 1055.31 0
11477.4 1136.44 0
11484.4 1217.49 0
11492.5 1298.44 0
11501.6 1379.27 0
11512 1459.96 0
11523.5 1540.5 0
11536.3 1620.87 0
11550.3 1701.04 0
11565.6 1781 0
11582.8 1860.57 0
11602.4 1939.65 0
11624.4 2018.09 0
11649.1 2095.76 0
11676.5 2172.54 0
11706.6 2248.32 0
11739.3 2323.11 6.19655
11773.7 2397.13 6.19655
p
53
30
11600 0 0
11589.7 78.6217 0
11579.5 157.243 0
11570.1 235.99 0
11561.8 314.867 0
11554.9 393.896 0
11549.6 473.073 0
11546.2 552.379 0
11544.7 631.777 0
11545.4 711.217 0
11547.6 790.645 0
11551.4 870.037 0
11556.4 949.371 0
11562.6 1028.64 0
11569.7 1107.83 0
11577.7 1186.94 0
11586.5 1265.98 0
11595.8 1344.95 0
11605.9 1423.85 0
11616.7 1502.67 0
11628.4 1581.37 0
11641.2 1659.93 0
11655.7 1738.23 0
11670.7 1816.46 0
11686.4 1894.57 0
11702.7 1972.57 0
11719.5 2050.48 0
11736.5 2128.31 0
11753.8 2206.08 0
11770.8 2283.86 -12.3931
11787.2 2361.77 -12.3931
p
54
30
11800 0 0
11796.5 78.1445 0
11793.1 156.289 0
11789.7 234.432 0
11786.3 312.576 0
11783.1 390.724 0
11780.2 468.879 0
11777.6 547.045 0
11775.5 625.223 0
11773.9 703.414 0
11772.9 781.618 0
11772.3 859.828 0
11772.2 938.044 0
11772.6 1016.26 0
11773.3 1094.48 0
11774.5 1172.7 0
11776 1250.91 0
11777.8 1329.12 0
11779.9 1407.33 0
11782.1 1485.53 0
11784.5 1563.73 0
11787.1 1641.92 0
11789.7 1720.12 0
11792.3 1798.32 0
11794.8 1876.51 0
11797.3 1954.71 0
11799.6 2032.91 0
11801.7 2111.12 0
11803.5 2189.33 0
11805.3 2267.54 6.19655
11807.4 2345.73 6.19655
p
55
30
12000 0 0
12007.4 79.3583 0
12014.9 158.717 0
12021.7 238.132 0
12027.3 317.639 0
12030.8 397.283 0
12030.4 477.033 0
12022.6 556.417 0
12012.6 635.802 0
11999.7 714.967 0
11985.1 793.986 0
11970 872.974 0
11955.4 952.054 0
11942.3 1031.33 0
11931.7 1110.84 0
11924.5 1190.55 0
11921.2 1270.36 0
11922.5 1350.1 0
11928.6 1429.51 0
11939.7 1508.34 0
11955.8 1586.35 0
11976.7 1663.32 0
12001.9 1739.13 0
12031 1813.73 0
12063.2 1887.23 0
12097.8 1959.82 0
12133.8 2031.83 0
12170.4 2103.65 0
12207 2175.48 0
12244.8 2246.95 -5.95099
12283.2 2318.2 -5.95099
p
56
30
12200 0 0
12199.7 72.737 0
12199.5 145.474 0
12198.7 218.194 0
12197.1 290.887 0
12194.2 363.531 0
12189.8 436.122 0
12183.7 508.752 0
12176.9 581.28 0
12169 653.713 0
12160.1 726.076 0
12150.6 798.383 0
12140.7 870.662 0
12130.6 942.946 0
12120.8 1015.27 0
12111.6 1087.67 0
12103.3 1160.19 0
12096.2 1232.83 0
12090.9 1305.59 0
12087.6 1378.47 0
12086.6 1451.4 0
12088.2 1524.33 0
12092.7 1597.15 0
12100.2 1669.74 0
12110.8 1741.99 0
12124.6 1813.76 0
12141.5 1884.97 0
12161.2 1955.52 0
12183.6 2025.42 0
12208.2 2094.71 0
12234.4 2163.56 0
p
57
30
12400 0 0
12400.9 61.3569 0
12401.8 122.714 0
12401.9 184.143 0
12401.5 245.637 0
12398 307.222 0
12396.3 368.969 0
12389.3 431.025 0
12382.8 493.108 0
12376.5 555.465 0
12370.3 618.032 0
12364.6 680.712 0
12359.2 743.383 0
12354.2 805.942 0
12349.4 868.316 0
12344.9 930.483 0
12340.4 992.466 0
12336 1054.33 0
12331.5 1116.15 0
12327 1178.03 0
12322.5 1240.05 0
12317.8 1302.25 0
12313 1364.64 0
12308.1 1427.18 0
12302.9 1489.82 0
12297.4 1552.44 0
12291.4 1614.95 0
12284.5 1677.23 0
12276.3 1739.18 0
12266.1 1800.67 0
12253.5 1861.59 0
p
58
30
12600 0 0
12592.3 77.2509 0
12584.6 154.502 0
12579.1 231.96 0
12577.1 309.634 0
12579.7 387.377 0
12587.5 464.905 0
12600.7 541.726 0
12614 618.738 0
12627.5 695.762 0
12638.9 773.052 0
12646.6 850.659 0
12649.3 928.443 0
12646.1 1006.08 0
12636.3 1083.1 0
12619.9 1159.02 0
12597 1233.39 0
12568.3 1305.96 0
12534.7 1376.7 0
12497.6 1445.89 0
12458.3 1514.04 0
12418.4 1581.87 0
12379.4 1650.19 0
12343 1719.76 0
12310.8 1791.18 0
12284.3 1864.67 0
12264.8 1940.29 0
12255.9 2018.16 0
12256.7 2096.9 0
12264.5 2175.65 5.95099
12274.7 2254.26 5.95099
p
59
30
12800 0 0
12798.6 79.7176 0
12797.2 159.435 0
12795.1 239.122 0
12792.6 318.788 0
12790.2 398.469 0
12788.2 478.158 0
12786.8 557.862 0
12786.4 637.577 0
12786.9 717.295 0
12788.4 797.004 0
12791.1 876.689 0
12795 956.335 0
12800.1 1035.93 0
12806.4 1115.45 0
12813.9 1194.88 0
12822.5 1274.22 0
12832.3 1353.46 0
12843 1432.58 0
12854.6 1511.61 0
12867 1590.53 0
12880.1 1669.37 0
12893.6 1748.14 0
12907.4 1826.86 0
12921.4 1905.57 0
12935.4 1984.28 0
12949.1 2063.04 0
12962.3 2141.87 0
12975 2220.79 0
12987.5 2299.77 -12.75
12999.9 2378.76 -12.75
p
60
30
13000 0 0
12991.4 74.205 0
12982.8 148.41 0
12976.2 222.897 0
12971.9 297.608 0
12968.8 372.379 0
12967 447.227 0
12966.5 522.116 0
12967 597.019 0
12968.4 671.914 0
12970.2 746.794 0
12972.4 821.66 0
12974.7 896.514 0
12977 971.361 0
12979.3 1046.21 0
12981.5 1121.05 0
12983.5 1195.91 0
12985.3 1270.77 0
12987 1345.64 0
12988.4 1420.53 0
12989.8 1495.44 0
12991 1570.35 0
12992.2 1645.28 0
12993.3 1720.21 0
12994.5 1795.16 0
12995.9 1870.1 0
12997.4 1945.05 0
12999.1 2019.99 0
13001.2 2094.92 0
13003.7 2169.84 -11.1606
13006.7 2244.73 -11.1606
p
61
30
13200 0 0
13213.7 75.8125 0
13227.3 151.625 0
13241.2 227.39 0
13255.1 303.162 0
13268.4 379.046 0
13280.9 455.071 0
13292.3 531.28 0
13302.3 607.701 0
13310.5 684.344 0
13316.9 761.195 0
13321.1 838.222 0
13323 915.375 0
13322.5 992.588 0
13319.4 1069.78 0
13313.7 1146.87 0
13305.2 1223.76 0
13293.9 1300.32 0
13280.5 1376.6 0
13265.1 1452.56 0
13247.9 1528.18 0
13229.1 1603.49 0
13208.9 1678.48 0
13187.5 1753.16 0
13164.9 1827.55 0
13141.2 1901.66 0
13116.5 1975.47 0
13090.9 2049.01 0
13064.4 2122.27 0
13037 2195.24 11.1606
13008.9 2267.94 11.1606
p
62
30
13400 0 0
13402.3 82.3163 0
13404.7 164.633 0
13408.4 246.902 0
13413.8 329.092 0
13419.9 411.244 0
13427 493.345 0
13434.6 575.409 0
13442.5 657.464 0
13450.1 739.542 0
13457 821.68 0
13462.7 903.906 0
13466.5 986.227 0
13468 1068.62 0
13466.4 1151 0
13461.2 1233.24 0
13452 1315.14 0
13438.4 1396.48 0
13420.6 1477.05 0
13398.5 1556.63 0
13372.3 1635.06 0
13342.3 1712.21 0
13308.9 1788.05 0
13272.4 1862.61 0
13233.5 1936.02 0
13192.8 2008.5 0
13150.8 2080.36 0
13108.3 2151.96 0
13066 2223.72 0
13024.4 2295.87 12.75
12982.6 2368 12.75
p
63
30
13600 0 0
13599.8 66.8431 0
13599.5 133.686 0
13598.4 200.531 0
13597 267.373 0
13595.3 334.213 0
13593.1 401.052 0
13590.6 467.889 0
13587.6 534.726 0
13584.4 601.56 0
13580.7 668.394 0
13576.8 735.226 0
13572.5 802.058 0
13567.9 868.888 0
13563.1 935.717 0
13557.9 1002.55 0
13552.5 1069.37 0
13546.9 1136.2 0
13541 1203.02 0
13535 1269.85 0
13528.7 1336.67 0
13522.2 1403.5 0
13515.6 1470.32 0
13508.8 1537.14 0
13501.8 1603.96 0
13494.7 1670.78 0
13487.6 1737.61 0
13480.3 1804.43 0
13472.9 1871.25 0
13465.4 1938.07 0
13458 2004.88 0
p
64
30
13800 0 0
13792.5 81.4693 0
13785.1 162.939 0
13776.4 244.291 0
13767.5 325.624 0
13758.1 406.906 0
13748.1 488.141 0
13737.6 569.329 0
13726.7 650.472 0
13715.2 731.573 0
13703.3 812.632 0
13691 893.652 0
13678.3 974.634 0
13665.2 1055.58 0
13651.7 1136.49 0
13637.8 1217.37 0
13623.6 1298.22 0
13609.1 1379.04 0
13594.3 1459.83 0
13579.2 1540.6 0
13563.9 1621.34 0
13548.3 1702.07 0
13532.5 1782.77 0
13516.5 1863.45 0
13500.3 1944.12 0
13484 2024.77 0
13467.6 2105.42 0
13451.2 2186.07 0
13434.8 2266.72 0
13418.4 2347.37 0
13402 2428.02 0
p
65
30
14000 0 0
13996.5 59.9062 0
13993.1 119.812 0
13989.6 179.719 0
13986.1 239.625 0
13982.6 299.531 0
13979.2 359.437 0
13975.7 419.344 0
13972.2 479.25 0
13968.7 539.156 0
13965.3 599.062 0
13961.8 658.968 0
13958.3 718.875 0
13954.8 778.781 0
13951.4 838.687 0
13947.9 898.593 0
13944.4 958.5 0
13940.9 1018.41 0
13937.5 1078.31 0
13934 1138.22 0
13930.5 1198.12 0
13927 1258.03 0
13923.6 1317.94 0
13920.1 1377.84 0
13916.6 1437.75 0
13913.1 1497.66 0
13909.7 1557.56 0
13906.2 1617.47 0
13902.7 1677.37 0
13899.2 1737.28 0
13895.8 1797.19 0
p
66
30
14200 0 0
14200 72.4164 0
14200 144.833 0
14200 217.249 0
14200 289.665 0
14200 362.082 0
14200 434.498 0
14200 506.915 0
14200 579.331 0
14200 651.747 0
14200 724.164 0
14200 796.58 0
14200 868.996 0
14200 941.413 0
14200 1013.83 0
14200 1086.25 0
14200 1158.66 0
14200 1231.08 0
14200 1303.49 0
14200 1375.91 0
14200 1448.33 0
14200 1520.74 0
14200 1593.16 0
14200 1665.58 0
14200 1737.99 0
14200.1 1810.41 0
14200.1 1882.83 0
14200.1 1955.24 0
14200.1 2027.66 0
14200.1 2100.07 0
14200.1 2172.49 0
p
67
30
14400 0 0
14403.5 76.1614 0
14407 152.323 0
14406.6 228.626 0
14404.8 304.938 0
14401.2 381.236 0
14396.3 457.496 0
14391.5 533.755 0
14387.4 610.058 0
14384.9 686.402 0
14384.9 762.738 0
14388 838.972 0
14394.5 914.954 0
14405 990.51 0
14419.3 1065.46 0
14437.4 1139.66 0
14459.1 1213.03 0
14483.8 1285.55 0
14510.9 1357.32 0
14539.6 1428.54 0
14569 1499.49 0
14598.3 1570.47 0
14626.4 1641.84 0
14652.4 1713.88 0
14675.4 1786.8 0
14694.5 1860.69 -13.4681
14709 1935.48 -13.4681
14719.3 2010.95 -13.4681
14728.5 2086.65 -13.4681
14737.7 2162.38 0
14747 2238.12 0
p
68
30
14600 0 0
14610.2 65.2031 0
14620.5 130.406 0
14629.1 195.936 0
14637.2 261.543 0
14644.2 327.35 0
14650.2 393.365 0
14653.6 459.805 0
14655.7 526.416 0
14657.6 593.106 0
14659.4 659.914 0
14662.2 726.749 0
14665.5 793.621 0
14669.3 860.493 0
14673.2 927.329 0
14677.2 994.118 0
14681.2 1060.86 0
14685.2 1127.59 0
14689.1 1194.33 0
14693.2 1261.13 0
14697.4 1328.04 0
14701.8 1395.12 0
14705.7 1462.39 0
14710.4 1529.74 0
14715.5 1597.13 0
14720.6 1664.49 0
14725.6 1731.76 0
14729.6 1798.9 0
14731.6 1865.88 10.7745
14730.7 1932.66 10.7745
14727.9 1999.21 10.7745
p
69
30
14800 0 0
14792.9 68.7226 0
14785.8 137.445 0
14778.8 206.182 0
14772.4 274.97 0
14767.4 343.866 0
14764.8 412.905 0
14765.5 482.031 0
14769.6 551.131 0
14777 620.068 0
14787.7 688.699 0
14800.6 757.082 0
14815.2 825.24 0
14830.6 893.29 0
14846 961.349 0
14860.8 1029.55 0
14874.1 1097.98 0
14885.2 1166.71 -13.1711
14893.6 1235.72 -13.1711
14898.8 1304.92 -13.1711
14900.4 1374.2 -13.1711
14898 1443.38 -13.1711
14891.6 1512.23 -13.1711
14881.2 1580.57 -13.1711
14866.9 1648.22 -13.1711
14849.4 1715.1 -13.1711
14829.2 1781.27 -13.1711
14807.3 1846.91 0
14784.7 1912.36 0
14762.2 1977.85 10.7745
14739.2 2043.33 10.7745
p
70
30
15000 0 0
14995.4 72.0377 0
14990.8 144.075 0
14986 216.057 0
14981 288.053 0
14976 360.041 0
14970.8 432.022 0
14965.5 503.997 0
14960.1 575.966 0
14954.7 647.93 0
14949.2 719.889 0
14943.6 791.844 0
14938 863.797 0
14932.3 935.747 0
14926.6 1007.7 0
14920.9 1079.64 0
14915.2 1151.59 13.1711
14909.6 1223.55 13.1711
14904 1295.51 13.1711
14898.5 1367.48 13.1711
14893 1439.46 13.1711
14887.6 1511.43 13.1711
14882.1 1583.41 13.1711
14876.6 1655.39 13.1711
14871.2 1727.36 13.1711
14865.7 1799.35 13.1711
14860.3 1871.33 0
14854.8 1943.31 0
14849.4 2015.29 0
14843.9 2087.28 0
14838.5 2159.26 0
p
71
30
15200 0 0
15195.8 77.8409 0
15191.7 155.682 0
15187.5 233.523 0
15183.4 311.363 0
15179.2 389.204 0
15175 467.045 0
15170.9 544.886 0
15166.7 622.727 0
15162.6 700.568 0
15158.4 778.409 0
15154.3 856.249 0
15150.1 934.09 0
15145.9 1011.93 0
15141.8 1089.77 0
15137.6 1167.61 0
15133.5 1245.45 0
15129.3 1323.29 0
15125.1 1401.14 0
15121 1478.98 0
15116.8 1556.82 0
15112.7 1634.66 0
15108.5 1712.5 0
15104.3 1790.34 0
15100.2 1868.18 0
15096 1946.02 0
15091.9 2023.86 0
15087.7 2101.7 0
15083.5 2179.54 0
15079.4 2257.38 0
15075.2 2335.23 0
p
72
30
15400 0 0
15411.4 67.4999 0
15422.9 135 0
15433.8 202.592 0
15444.1 270.29 0
15453.5 338.123 0
15461.7 406.109 0
15468.7 474.25 0
15474.3 542.54 0
15478.3 610.959 0
15480.6 679.476 0
15481.2 748.054 0
15479.9 816.646 0
15476.7 885.204 0
15471.6 953.672 0
15464.4 1021.99 0
15455.3 1090.1 0
15444 1157.92 0
15430.5 1225.36 0
15415.5 1292.52 0
15399 1359.37 0
15381.3 1425.94 0
15362.5 1492.25 0
15342.9 1558.33 0
15322.6 1624.22 0
15301.7 1689.95 0
15280.4 1755.56 0
15258.8 1821.09 0
15237 1886.56 0
15215.2 1952.03 -6.85534
15193.5 2017.51 -6.85534
p
73
30
15600 0 0
15598.5 71.5382 0
15597.1 143.076 0
15595.7 214.613 0
15594.3 286.149 0
15592.9 357.683 0
15591.3 429.214 0
15589.6 500.738 0
15587.4 572.251 0
15584.8 643.747 0
15581.6 715.217 0
15577.5 786.644 0
15572.3 858.007 0
15566 929.28 0
15558.3 1000.42 0
15549 1071.4 0
15538.1 1142.15 0
15525.4 1212.63 0
15510.9 1282.76 0
15494.3 1352.49 0
15475.7 1421.73 0
15455 1490.41 0
15432.1 1558.45 0
15407.2 1625.79 0
15380.2 1692.4 0
15351.2 1758.23 0
15320.5 1823.27 0
15288 1887.56 0
15254.1 1951.12 4.57023
15219.1 2014.13 4.57023
15183.8 2076.99 4.57023
p
74
30
15800 0 0
15793.7 84.2225 0
15787.5 168.445 0
15781.2 252.668 0
15775 336.89 0
15768.7 421.113 0
15762.4 505.335 0
15756.2 589.558 0
15749.9 673.78 0
15743.7 758.003 0
15737.4 842.225 0
15731.1 926.448 0
15724.9 1010.67 0
15718.6 1094.89 0
15712.4 1179.12 0
15706.1 1263.34 0
15699.8 1347.56 0
15693.6 1431.78 0
15687.3 1516.01 0
15681.1 1600.23 0
15674.8 1684.45 0
15668.5 1768.67 0
15662.3 1852.9 0
15656 1937.12 0
15649.8 2021.34 0
15643.5 2105.56 0
15637.2 2189.79 0
15631 2274.01 0
15624.7 2358.23 0
15618.5 2442.45 0
15612.2 2526.68 0
p
75
30
16000 0 0
15990.2 68.5633 0
15980.5 137.127 0
15970.7 205.69 0
15961 274.253 0
15951.2 342.816 0
15941.5 411.38 0
15931.7 479.943 0
15922 548.506 0
15912.2 617.07 0
15902.5 685.633 0
15892.7 754.196 0
15883 822.759 0
15873.2 891.323 0
15863.5 959.886 0
15853.7 1028.45 0
15843.9 1097.01 0
15834.2 1165.58 0
15824.4 1234.14 0
15814.7 1302.7 0
15804.9 1371.27 0
15795.2 1439.83 0
15785.4 1508.39 0
15775.7 1576.96 0
15765.9 1645.52 0
15756.2 1714.08 0
15746.4 1782.65 0
15736.7 1851.21 0
15726.9 1919.77 0
15717.1 1988.34 0
15707.4 2056.9 0
p
76
30
16200 0 0
16202.7 71.2732 0
16205.3 142.546 0
16208.5 213.785 0
16212.4 284.977 0
16217.5 356.067 0
16222.8 427.114 0
16228.7 498.154 0
16235 569.173 0
16241.4 640.18 0
16248 711.184 0
16254.5 782.194 0
16260.9 853.219 0
16267 924.266 0
16272.7 995.339 0
16278 1066.44 0
16282.7 1137.58 0
16286.8 1208.75 0
16290.1 1279.96 0
16292.7 1351.18 0
16294.6 1422.44 0
16295.6 1493.7 0
16295.8 1564.98 0
16295.2 1636.27 0
16293.9 1707.55 0
16291.8 1778.82 0
16289 1850.08 0
16285.4 1921.34 -16.6975
16280.6 1992.53 -16.6975
16274.8 2063.72 -16.6975
16269 2134.95 -16.6975
p
77
30
16400 0 0
16403.4 68.8593 0
16406.9 137.719 0
16409.9 206.629 0
16412.3 275.603 0
16414.2 344.676 0
16411.4 414.047 0
16408.4 483.361 0
16404.2 552.732 0
16400 622.174 0
16395.9 691.658 0
16392.1 761.157 0
16388.7 830.645 0
16385.7 900.11 0
16383 969.548 0
16380.6 1038.97 0
16378.4 1108.4 0
16376.3 1177.86 0
16374.2 1247.36 0
16372 1316.92 0
16369.6 1386.54 0
16366.9 1456.21 0
16363.8 1525.89 0
16359.9 1595.55 0
16355.1 1665.15 0
16348.9 1734.61 0
16340.7 1803.85 0
16329.9 1872.72 0
16315.9 1941.1 6.3941
16300 2009.04 6.3941
16283.6 2076.86 6.3941
p
78
30
16600 0 0
16595.6 85.6895 0
16591.1 171.379 0
16589.2 257.185 0
16591.2 343.06 0
16600.2 428.686 0
16616.3 513.477 0
16633.7 598.243 0
16652.1 682.956 0
16669.9 767.855 0
16685.1 853.17 0
16696.2 938.947 0
16701.9 1025.05 0
16701.2 1111.16 0
16693.5 1196.83 0
16678.6 1281.56 0
16656.6 1364.88 0
16628.1 1446.45 0
16593.9 1526.12 0
16555.1 1604.02 0
16513.2 1680.53 0
16469.5 1756.28 0
16425.9 1832.07 0
16384.1 1908.76 0
16346 1987.13 0
16312.1 2067.3 15.8692
16278.3 2147.62 15.8692
16244.4 2227.9 15.8692
16210.5 2308.19 0
16176.6 2388.47 0
16142.7 2468.75 0
p
79
30
16800 0 0
16798.5 73.1901 0
16797 146.38 0
16795.5 219.57 0
16794 292.76 0
16792.5 365.95 0
16791 439.14 0
16789.5 512.331 0
16788 585.521 0
16786.5 658.711 0
16785.1 731.901 0
16783.6 805.091 0
16782.1 878.281 0
16780.6 951.471 0
16779.1 1024.66 0
16777.6 1097.85 0
16776.1 1171.04 0
16774.6 1244.23 0
16773.1 1317.42 0
16771.6 1390.61 0
16770.1 1463.8 0
16768.6 1536.99 0
16767.1 1610.18 0
16765.6 1683.37 0
16764.1 1756.56 0
16762.6 1829.75 0
16761.1 1902.94 0
16759.6 1976.13 0
16758.1 2049.32 0
16756.6 2122.51 0
16755.2 2195.7 0
s	0
61 62 63 64 94 95 96 97 121 122 123 124 125 126 127 128 129 130 155 156 157 158 159 160 161 162 163 
61 62 63 64 94 95 96 97 121 122 123 124 125 126 127 128 129 130 155 156 157 158 159 160 161 162 163 
b
2 0
0.783099 0.394383 0.840188
62 0 0 1
63 0 0 1
129 0 0 2
b
3 0
0.197551 0.911647 0.79844
95 0 0 2
96 0 0 3
122 0 0 3
123 0 0 3
124 0 0 3
125 0 0 3
126 0 0 3
127 0 0 3
128 0 0 2
156 0 0 1
157 0 0 2
158 0 0 3
159 0 0 3
160 0 0 3
161 0 0 4
162 0 0 5
g
0
0.5 2 0 0 1 2 0 2 5
t
2
0
1686.32 1891.93 100
1688 1883.27 -100
a
7
0
64 60 97 93 130 120 163 
1 126 1 161 0 162 0 95 0 160 0 2640 0.402559 2641 0.597441 
1 127 1 161 0 162 0 95 0 96 0 2640 0.402559 2641 0.597441 
1 128 1 162 0 96 0 61 0 62 0 2640 0.402559 2641 0.597441 
1 121 1 157 0 156 0 155 0 2640 0.402559 2641 0.597441 
1 122 1 157 0 158 0 156 0 2640 0.402559 2641 0.597441 
1 123 1 157 0 158 0 159 0 2640 0.402559 2641 0.597441 
1 124 1 160 0 158 0 159 0 2640 0.402559 2641 0.597441 
1 125 1 161 0 160 0 159 0 2640 0.402559 2641 0.597441 
1 129 1 61 0 62 0 63 0 2640 0.402559 2641 0.597441 
2 161 1 95 0 126 0 127 0 125 0 94 0 2640 0.536225 2641 0.463775 
2 162 1 95 0 126 0 127 0 128 0 96 0 2640 0.536225 2641 0.463775 
2 160 1 126 0 124 0 125 0 94 0 2640 0.536225 2641 0.463775 
2 157 1 121 0 122 0 123 0 2640 0.536225 2641 0.463775 
2 158 1 122 0 123 0 124 0 2640 0.536225 2641 0.463775 
2 159 1 123 0 124 0 125 0 2640 0.536225 2641 0.463775 
2 156 1 121 0 122 0 2640 0.536225 2641 0.463775 
2 155 1 121 0 2640 0.536225 2641 0.463775 
3 95 1 161 0 162 0 126 0 127 0 2640 0.659496 2641 0.340504 
3 96 1 162 0 127 0 128 0 2640 0.659496 2641 0.340504 
3 94 1 161 0 160 0 2640 0.659496 2641 0.340504 
2 61 1 128 0 129 0 2640 0.536225 2641 0.463775 
2 62 1 128 0 129 0 2640 0.536225 2641 0.463775 
2 63 1 129 0 2640 0.536225 2641 0.463775 
0 2640 11.5 126 0.402559 127 0.402559 128 0.402559 121 0.402559 122 0.402559 123 0.402559 124 0.402559 125 0.402559 129 0.402559 161 0.536225 162 0.536225 160 0.536225 157 0.536225 158 0.536225 159 0.536225 156 0.536225 155 0.536225 95 0.659496 96 0.659496 94 0.659496 61 0.536225 62 0.536225 63 0.536225 
0 2641 11.5 126 0.597441 127 0.597441 128 0.597441 121 0.597441 122 0.597441 123 0.597441 124 0.597441 125 0.597441 129 0.597441 161 0.463775 162 0.463775 160 0.463775 157 0.463775 158 0.463775 159 0.463775 156 0.463775 155 0.463775 95 0.340504 96 0.340504 94 0.340504 61 0.463775 62 0.463775 63 0.463775 
NanList HYP 0
d
75
0 0 -19.4881 0 0 -19.4881 0 0 -19.4881 0 0 -19.4881 0 0 -19.4881 0 0 -19.4881 0 0 -19.4881 0 0 -19.4881 0 0 -19.4881 0 0 7.24506 0 0 7.24506 0 0 7.24506 0 0 7.24506 0 0 7.24506 0 0 7.24506 0 0 7.24506 0 0 7.24506 0 0 31.8992 0 0 31.8992 0 0 31.8992 0 0 7.24506 0 0 7.24506 0 0 7.24506 -0.844309 4.32986 0 0.844348 -4.32981 0 
s	1
152 155 183 187 
152 153 154 155 183 184 185 186 187 
b
2 0
0.277775 0.76823 0.335223
153 0 0 2
154 0 0 2
184 0 0 1
185 0 0 2
186 0 0 1
g
0
0.5 2 0 0 1 2 0 2 5
t
2
2
1729.04 1404.82 100
1727.42 1404.66 -100
a
4
7
155 151 187 182 
1 152 1 184 0 183 0 2640 0.469451 2641 0.530549 
1 153 1 184 0 185 0 2640 0.469451 2641 0.530549 
1 154 1 185 0 186 0 2640 0.469451 2641 0.530549 
2 184 1 152 0 153 0 2640 0.522912 2641 0.477088 
2 185 1 153 0 154 0 2640 0.522912 2641 0.477088 
2 183 1 152 0 2640 0.522912 2641 0.477088 
2 186 1 154 0 2640 0.522912 2641 0.477088 
0 2640 3.5 152 0.469451 153 0.469451 154 0.469451 184 0.522912 185 0.522912 183 0.522912 186 0.522912 
0 2641 3.5 152 0.530549 153 0.530549 154 0.530549 184 0.477088 185 0.477088 183 0.477088 186 0.477088 
NanList HYP 0
d
27
0 0 -6.10988 0 0 -6.10988 0 0 -6.10988 0 0 4.58241 0 0 4.58241 0 0 4.58241 0 0 4.58241 0.809245 0.079495 0 -0.809305 -0.079449 0 
s	2
194 196 259 262 
194 195 196 259 260 261 262 
b
2 0
0.628871 0.477397 0.55397
195 0 0 2
260 0 0 1
261 0 0 1
g
0
0.5 2 0 0 1 2 0 2 5
t
2
4
2016.43 2095.47 100
2014.73 2097.22 -100
a
4
11
196 193 262 258 
1 194 1 260 0 261 0 259 0 2640 0.424319 2641 0.575681 
1 195 1 260 0 261 0 2640 0.424319 2641 0.575681 
2 260 1 194 0 195 0 2640 0.550454 2641 0.449546 
2 261 1 194 0 195 0 2640 0.550454 2641 0.449546 
2 259 1 194 0 2640 0.550454 2641 0.449546 
0 2640 2.5 194 0.424319 195 0.424319 260 0.550454 261 0.550454 259 0.550454 
0 2641 2.5 194 0.575681 195 0.575681 260 0.449546 261 0.449546 259 0.449546 
NanList HYP 0
d
21
0 0 -15.1363 0 0 -15.1363 0 0 10.0909 0 0 10.0909 0 0 10.0909 0.852344 -0.876735 0 -0.852406 0.876653 0 
s	3
323 325 359 361 
323 324 325 359 360 361 
b
2 0
0.95223 0.513401 0.364784
324 0 0 1
360 0 0 1
g
0
0.5 2 0 0 1 2 0 2 5
t
2
6
2923.36 1974.89 100
2922.72 1977.88 -100
a
4
15
325 322 361 358 
1 323 1 360 0 359 0 2640 0.464385 2641 0.535615 
1 324 1 360 0 2640 0.464385 2641 0.535615 
2 360 1 323 0 324 0 2640 0.535615 2641 0.464385 
2 359 1 323 0 2640 0.535615 2641 0.464385 
0 2640 2 323 0.464385 324 0.464385 360 0.535615 359 0.535615 
0 2641 2 323 0.535615 324 0.535615 360 0.464385 359 0.464385 
NanList HYP 0
d
18
0 0 -7.12309 0 0 -7.12309 0 0 7.12309 0 0 7.12309 0.321332 -1.49657 0 -0.321527 1.49655 0 
s	4
325 328 425 427 
325 326 327 328 425 426 427 
b
2 0
0.717297 0.635712 0.916195
326 0 0 1
327 0 0 1
426 0 0 2
g
0
0.5 2 0 0 1 2 0 2 5
t
2
8
3026.6 2167.85 100
3026 2168.49 -100
a
3
19
328 427 424 
1 326 1 425 0 426 0 2640 0.450288 2641 0.549712 
1 327 1 425 0 426 0 2640 0.450288 2641 0.549712 
1 325 1 425 0 2640 0.450288 2641 0.549712 
2 425 1 326 0 327 0 325 0 2640 0.574568 2641 0.425432 
2 426 1 326 0 327 0 2640 0.574568 2641 0.425432 
0 2640 2.5 326 0.450288 327 0.450288 325 0.450288 425 0.574568 426 0.574568 
0 2641 2.5 326 0.549712 327 0.549712 325 0.549712 425 0.425432 426 0.425432 
NanList HYP 0
d
21
0 0 -9.94234 0 0 -9.94234 0 0 -9.94234 0 0 14.9135 0 0 14.9135 0.300058 -0.317083 0 -0.300062 0.317239 0 
s	5
391 394 420 423 
391 392 393 394 420 421 422 423 
b
2 0
0.0163006 0.606969 0.141603
392 0 0 1
393 0 0 2
421 0 0 2
422 0 0 1
g
0
0.5 2 0 0 1 2 0 2 5
t
2
10
3048.27 1814.25 100
3046.97 1810.75 -100
a
4
22
394 390 423 419 
1 392 1 420 0 421 0 2640 0.448473 2641 0.551527 
1 393 1 421 0 422 0 2640 0.448473 2641 0.551527 
1 391 1 420 0 2640 0.448473 2641 0.551527 
2 420 1 392 0 391 0 2640 0.551527 2641 0.448473 
2 421 1 392 0 393 0 2640 0.551527 2641 0.448473 
2 422 1 393 0 2640 0.551527 2641 0.448473 
0 2640 3 392 0.448473 393 0.448473 391 0.448473 420 0.551527 421 0.551527 422 0.551527 
0 2641 3 392 0.551527 393 0.551527 391 0.551527 420 0.448473 421 0.448473 422 0.448473 
NanList HYP 0
d
24
0 0 -10.3055 0 0 -10.3055 0 0 -10.3055 0 0 10.3055 0 0 10.3055 0 0 10.3055 0.64963 1.74897 0 -0.649546 -1.74905 0 
s	6
486 490 555 559 
486 487 488 489 490 555 556 557 558 559 
b
2 0
0.804177 0.137232 0.242887
487 0 0 1
488 0 0 2
489 0 0 3
556 0 0 3
557 0 0 2
558 0 0 1
g
0
0.5 2 0 0 1 2 0 2 5
t
2
12
3923.22 1975.82 100
3922.9 1969.22 -100
a
4
26
490 485 559 554 
1 487 1 555 0 556 0 557 0 2640 0.434755 2641 0.565245 
1 488 1 555 0 556 0 557 0 2640 0.434755 2641 0.565245 
1 489 1 556 0 557 0 558 0 2640 0.434755 2641 0.565245 
1 486 1 555 0 2640 0.434755 2641 0.565245 
2 555 1 487 0 488 0 486 0 2640 0.565245 2641 0.434755 
2 556 1 487 0 488 0 489 0 2640 0.565245 2641 0.434755 
2 557 1 487 0 488 0 489 0 2640 0.565245 2641 0.434755 
2 558 1 489 0 2640 0.565245 2641 0.434755 
0 2640 4 487 0.434755 488 0.434755 489 0.434755 486 0.434755 555 0.565245 556 0.565245 557 0.565245 558 0.565245 
0 2641 4 487 0.565245 488 0.565245 489 0.565245 486 0.565245 555 0.434755 556 0.434755 557 0.434755 558 0.434755 
NanList HYP 0
d
30
0 0 -13.0491 0 0 -13.0491 0 0 -13.0491 0 0 -13.0491 0 0 13.0491 0 0 13.0491 0 0 13.0491 0 0 13.0491 0.161691 3.30061 0 -0.161925 -3.30058 0 
s	7
705 711 738 744 
705 706 707 708 709 710 711 738 739 740 741 742 743 744 
b
2 0
0.12979 0.400944 0.156679
706 0 0 2
707 0 0 3
708 0 0 3
709 0 0 3
710 0 0 2
739 0 0 2
740 0 0 3
741 0 0 3
742 0 0 3
743 0 0 2
g
0
0.5 2 0 0 1 2 0 2 5
t
2
14
5135.82 1098.34 100
5133.48 1099.35 -100
a
4
30
711 704 744 737 
1 706 1 739 0 740 0 738 0 2640 0.441745 2641 0.558255 
1 707 1 739 0 740 0 741 0 2640 0.441745 2641 0.558255 
1 708 1 740 0 741 0 742 0 2640 0.441745 2641 0.558255 
1 709 1 741 0 742 0 743 0 2640 0.441745 2641 0.558255 
1 705 1 739 0 738 0 2640 0.441745 2641 0.558255 
1 710 1 742 0 743 0 2640 0.441745 2641 0.558255 
2 739 1 706 0 707 0 705 0 2640 0.558255 2641 0.441745 
2 740 1 706 0 707 0 708 0 2640 0.558255 2641 0.441745 
2 741 1 707 0 708 0 709 0 2640 0.558255 2641 0.441745 
2 742 1 708 0 709 0 710 0 2640 0.558255 2641 0.441745 
2 738 1 706 0 705 0 2640 0.558255 2641 0.441745 
2 743 1 709 0 710 0 2640 0.558255 2641 0.441745 
0 2640 6 706 0.441745 707 0.441745 708 0.441745 709 0.441745 705 0.441745 710 0.441745 739 0.558255 740 0.558255 741 0.558255 742 0.558255 738 0.558255 743 0.558255 
0 2641 6 706 0.558255 707 0.558255 708 0.558255 709 0.558255 705 0.558255 710 0.558255 739 0.441745 740 0.441745 741 0.441745 742 0.441745 738 0.441745 743 0.441745 
NanList HYP 0
d
42
0 0 -11.651 0 0 -11.651 0 0 -11.651 0 0 -11.651 0 0 -11.651 0 0 -11.651 0 0 11.651 0 0 11.651 0 0 11.651 0 0 11.651 0 0 11.651 0 0 11.651 1.17111 -0.507102 0 -1.17075 0.507198 0 
s	8
752 755 788 790 821 823 
752 753 754 755 788 789 790 821 822 823 
b
3 0
0.218257 0.998924 0.108809
753 0 0 2
754 0 0 1
789 0 0 2
822 0 0 3
g
0
0.5 2 0 0 1 2 0 2 5
t
2
16
5533.35 1938.79 100
5531.97 1949.67 -100
a
6
34
755 751 790 787 823 820 
1 752 1 789 0 821 0 822 0 788 0 2640 0.416131 2641 0.583869 
1 753 1 789 0 821 0 822 0 2640 0.416131 2641 0.583869 
1 754 1 822 0 2640 0.416131 2641 0.583869 
2 821 1 752 0 789 0 753 0 788 0 2640 0.531156 2641 0.468844 
2 822 1 752 0 789 0 753 0 754 0 2640 0.531156 2641 0.468844 
3 789 1 752 0 821 0 822 0 753 0 2640 0.594648 2641 0.405352 
3 788 1 752 0 821 0 2640 0.594648 2641 0.405352 
0 2640 3.5 752 0.416131 753 0.416131 754 0.416131 821 0.531156 822 0.531156 789 0.594648 788 0.594648 
0 2641 3.5 752 0.583869 753 0.583869 754 0.583869 821 0.468844 822 0.468844 789 0.405352 788 0.405352 
NanList HYP 0
d
27
0 0 -16.7739 0 0 -16.7739 0 0 -16.7739 0 0 6.23128 0 0 6.23128 0 0 18.9295 0 0 18.9295 0.68876 -5.43708 0 -0.689073 5.43704 0 
s	9
755 757 853 855 
755 756 757 853 854 855 
b
2 0
0.61264 0.839112 0.512932
756 0 0 1
854 0 0 1
g
0
0.5 2 0 0 1 2 0 2 5
t
2
18
5589.68 2185.34 100
5588.3 2184.61 -100
a
3
40
757 855 852 
1 756 1 853 0 854 0 2640 0.482637 2641 0.517363 
1 755 1 853 0 2640 0.482637 2641 0.517363 
2 853 1 756 0 755 0 2640 0.517363 2641 0.482637 
2 854 1 756 0 2640 0.517363 2641 0.482637 
0 2640 2 756 0.482637 755 0.482637 853 0.517363 854 0.517363 
0 2641 2 756 0.517363 755 0.517363 853 0.482637 854 0.482637 
NanList HYP 0
d
18
0 0 -3.4726 0 0 -3.4726 0 0 3.4726 0 0 3.4726 0.690959 0.363803 0 -0.69131 -0.363881 0 
s	10
813 818 843 848 
813 814 815 816 817 818 843 844 845 846 847 848 
b
2 0
0.524287 0.637552 0.296032
814 0 0 2
815 0 0 2
816 0 0 3
817 0 0 2
844 0 0 1
845 0 0 3
846 0 0 3
847 0 0 2
g
0
0.5 2 0 0 1 2 0 2 5
t
2
20
5797.72 1558.96 100
5795.28 1560.52 -100
a
4
43
818 812 848 842 
1 815 1 844 0 845 0 846 0 2640 0.442764 2641 0.557236 
1 816 1 845 0 846 0 847 0 2640 0.442764 2641 0.557236 
1 813 1 844 0 843 0 2640 0.442764 2641 0.557236 
1 814 1 844 0 845 0 2640 0.442764 2641 0.557236 
1 817 1 846 0 847 0 2640 0.442764 2641 0.557236 
2 844 1 815 0 813 0 814 0 2640 0.557236 2641 0.442764 
2 845 1 815 0 816 0 814 0 2640 0.557236 2641 0.442764 
2 846 1 815 0 816 0 817 0 2640 0.557236 2641 0.442764 
2 847 1 816 0 817 0 2640 0.557236 2641 0.442764 
2 843 1 813 0 2640 0.557236 2641 0.442764 
0 2640 5 815 0.442764 816 0.442764 813 0.442764 814 0.442764 817 0.442764 844 0.557236 845 0.557236 846 0.557236 847 0.557236 843 0.557236 
0 2641 5 815 0.557236 816 0.557236 813 0.557236 814 0.557236 817 0.557236 844 0.442764 845 0.442764 846 0.442764 847 0.442764 843 0.442764 
NanList HYP 0
d
36
0 0 -11.4471 0 0 -11.4471 0 0 -11.4471 0 0 -11.4471 0 0 -11.4471 0 0 11.4471 0 0 11.4471 0 0 11.4471 0 0 11.4471 0 0 11.4471 1.21569 -0.779724 0 -1.21569 0.779603 0 
s	11
904 908 937 941 
904 905 906 907 908 937 938 939 940 941 
b
2 0
0.292517 0.972775 0.493583
905 0 0 2
906 0 0 3
907 0 0 2
938 0 0 2
939 0 0 3
940 0 0 2
g
0
0.5 2 0 0 1 2 0 2 5
t
2
22
6436.74 1062.35 100
6436.24 1061.18 -100
a
4
47
908 903 941 936 
1 905 1 938 0 939 0 937 0 2640 0.440775 2641 0.559225 
1 906 1 938 0 939 0 940 0 2640 0.440775 2641 0.559225 
1 904 1 938 0 937 0 2640 0.440775 2641 0.559225 
1 907 1 939 0 940 0 2640 0.440775 2641 0.559225 
2 938 1 905 0 906 0 904 0 2640 0.559225 2641 0.440775 
2 939 1 905 0 906 0 907 0 2640 0.559225 2641 0.440775 
2 937 1 905 0 904 0 2640 0.559225 2641 0.440775 
2 940 1 906 0 907 0 2640 0.559225 2641 0.440775 
0 2640 4 905 0.440775 906 0.440775 904 0.440775 907 0.440775 938 0.559225 939 0.559225 937 0.559225 940 0.559225 
0 2641 4 905 0.559225 906 0.559225 904 0.559225 907 0.559225 938 0.440775 939 0.440775 937 0.440775 940 0.440775 
NanList HYP 0
d
30
0 0 -11.8451 0 0 -11.8451 0 0 -11.8451 0 0 -11.8451 0 0 11.8451 0 0 11.8451 0 0 11.8451 0 0 11.8451 0.247032 0.588929 0 -0.2475 -0.588975 0 
s	12
913 918 946 951 
913 914 915 916 917 918 946 947 948 949 950 951 
b
2 0
0.769914 0.526745 0.771358
914 0 0 1
915 0 0 3
916 0 0 2
917 0 0 2
947 0 0 2
948 0 0 2
949 0 0 3
950 0 0 1
g
0
0.5 2 0 0 1 2 0 2 5
t
2
24
6584.61 1742.76 100
6584.22 1740.78 -100
a
4
51
918 912 951 945 
1 914 1 947 0 948 0 946 0 2640 0.440775 2641 0.559225 
1 915 1 947 0 948 0 949 0 2640 0.440775 2641 0.559225 
1 916 1 947 0 948 0 949 0 2640 0.440775 2641 0.559225 
1 917 1 949 0 950 0 2640 0.440775 2641 0.559225 
1 913 1 946 0 2640 0.440775 2641 0.559225 
2 947 1 914 0 915 0 916 0 2640 0.559225 2641 0.440775 
2 948 1 914 0 915 0 916 0 2640 0.559225 2641 0.440775 
2 949 1 915 0 916 0 917 0 2640 0.559225 2641 0.440775 
2 946 1 914 0 913 0 2640 0.559225 2641 0.440775 
2 950 1 917 0 2640 0.559225 2641 0.440775 
0 2640 5 914 0.440775 915 0.440775 916 0.440775 917 0.440775 913 0.440775 947 0.559225 948 0.559225 949 0.559225 946 0.559225 950 0.559225 
0 2641 5 914 0.559225 915 0.559225 916 0.559225 917 0.559225 913 0.559225 947 0.440775 948 0.440775 949 0.440775 946 0.440775 950 0.440775 
NanList HYP 0
d
36
0 0 -11.8451 0 0 -11.8451 0 0 -11.8451 0 0 -11.8451 0 0 -11.8451 0 0 11.8451 0 0 11.8451 0 0 11.8451 0 0 11.8451 0 0 11.8451 0.193249 0.987718 0 -0.193374 -0.987804 0 
s	13
952 953 954 955 986 987 988 1014 1015 1016 1017 1018 
952 953 954 955 986 987 988 1014 1015 1016 1017 1018 
b
2 0
0.283315 0.891529 0.400229
953 0 0 1
954 0 0 2
1016 0 0 2
1017 0 0 1
b
2 0
0.919026 0.807725 0.352458
987 0 0 1
1015 0 0 1
g
0
0.5 2 0 0 1 2 0 2 5
t
2
26
6712.57 2078.01 100
6713.79 2086.2 -100
a
6
55
955 951 988 985 1018 1013 
1 1015 1 954 0 953 0 987 0 952 0 2640 0.428828 2641 0.571172 
1 1014 1 987 0 986 0 2640 0.428828 2641 0.571172 
1 1016 1 954 0 953 0 2640 0.428828 2641 0.571172 
1 1017 1 954 0 2640 0.428828 2641 0.571172 
2 954 1 1015 0 1016 0 1017 0 2640 0.556938 2641 0.443062 
2 953 1 1015 0 1016 0 2640 0.556938 2641 0.443062 
2 952 1 1015 0 2640 0.556938 2641 0.443062 
2 987 1 1015 0 1014 0 2640 0.556938 2641 0.443062 
2 986 1 1014 0 2640 0.556938 2641 0.443062 
0 2640 4.5 1015 0.428828 1014 0.428828 1016 0.428828 1017 0.428828 954 0.556938 953 0.556938 952 0.556938 987 0.556938 986 0.556938 
0 2641 4.5 1015 0.571172 1014 0.571172 1016 0.571172 1017 0.571172 954 0.443062 953 0.443062 952 0.443062 987 0.443062 986 0.443062 
NanList HYP 0
d
33
0 0 -14.2345 0 0 -14.2345 0 0 -14.2345 0 0 -14.2345 0 0 11.3876 0 0 11.3876 0 0 11.3876 0 0 11.3876 0 0 11.3876 -0.611438 -4.09337 0 0.611525 4.09322 0 
s	14
1001 1002 1003 1004 1005 1006 1034 1035 1036 1037 1038 1039 1040 1041 1042 1072 1073 1074 1075 1076 
1001 1002 1003 1004 1005 1006 1034 1035 1036 1037 1038 1039 1040 1041 1042 1072 1073 1074 1075 1076 
b
2 0
0.525995 0.949327 0.0697553
1002 0 0 2
1003 0 0 3
1004 0 0 3
1005 0 0 2
1035 0 0 2
1036 0 0 3
1037 0 0 3
1038 0 0 2
b
2 0
0.663227 0.192214 0.0860558
1039 0 0 2
1040 0 0 3
1041 0 0 2
1073 0 0 2
1074 0 0 3
1075 0 0 2
g
0
0.5 2 0 0 1 2 0 2 5
t
2
28
7239.8 1259.72 100
7240.34 1259.44 -100
a
6
61
1006 1000 1042 1033 1076 1071 
1 1038 1 1004 0 1073 0 1005 0 1072 0 2640 0.439677 2641 0.560323 
1 1035 1 1002 0 1003 0 1001 0 2640 0.439677 2641 0.560323 
1 1036 1 1002 0 1003 0 1004 0 2640 0.439677 2641 0.560323 
1 1037 1 1003 0 1004 0 1005 0 2640 0.439677 2641 0.560323 
1 1039 1 1073 0 1074 0 1072 0 2640 0.439677 2641 0.560323 
1 1040 1 1073 0 1074 0 1075 0 2640 0.439677 2641 0.560323 
1 1034 1 1002 0 1001 0 2640 0.439677 2641 0.560323 
1 1041 1 1074 0 1075 0 2640 0.439677 2641 0.560323 
2 1002 1 1035 0 1036 0 1034 0 2640 0.553621 2641 0.446379 
2 1003 1 1035 0 1036 0 1037 0 2640 0.553621 2641 0.446379 
2 1004 1 1038 0 1036 0 1037 0 2640 0.553621 2641 0.446379 
2 1001 1 1035 0 1034 0 2640 0.553621 2641 0.446379 
2 1005 1 1038 0 1037 0 2640 0.553621 2641 0.446379 
2 1073 1 1038 0 1039 0 1040 0 2640 0.553621 2641 0.446379 
2 1074 1 1039 0 1040 0 1041 0 2640 0.553621 2641 0.446379 
2 1072 1 1038 0 1039 0 2640 0.553621 2641 0.446379 
2 1075 1 1040 0 1041 0 2640 0.553621 2641 0.446379 
0 2640 8.5 1038 0.439677 1035 0.439677 1036 0.439677 1037 0.439677 1039 0.439677 1040 0.439677 1034 0.439677 1041 0.439677 1002 0.553621 1003 0.553621 1004 0.553621 1001 0.553621 1005 0.553621 1073 0.553621 1074 0.553621 1072 0.553621 1075 0.553621 
0 2641 8.5 1038 0.560323 1035 0.560323 1036 0.560323 1037 0.560323 1039 0.560323 1040 0.560323 1034 0.560323 1041 0.560323 1002 0.446379 1003 0.446379 1004 0.446379 1001 0.446379 1005 0.446379 1073 0.446379 1074 0.446379 1072 0.446379 1075 0.446379 
NanList HYP 0
d
57
0 0 -12.0647 0 0 -12.0647 0 0 -12.0647 0 0 -12.0647 0 0 -12.0647 0 0 -12.0647 0 0 -12.0647 0 0 -12.0647 0 0 10.7242 0 0 10.7242 0 0 10.7242 0 0 10.7242 0 0 10.7242 0 0 10.7242 0 0 10.7242 0 0 10.7242 0 0 10.7242 -0.271144 0.143711 0 0.270742 -0.143829 0 
s	15
1083 1084 1085 1086 1087 1117 1118 1119 1120 1149 1150 1151 1152 1153 1184 1185 1186 
1083 1084 1085 1086 1087 1117 1118 1119 1120 1149 1150 1151 1152 1153 1184 1185 1186 
b
3 0
0.0641713 0.348893 0.890233
1084 0 0 2
1085 0 0 1
1118 0 0 2
1119 0 0 3
1150 0 0 1
1151 0 0 2
1152 0 0 3
b
2 0
0.0630958 0.457702 0.020023
1086 0 0 1
1185 0 0 1
g
0
0.5 2 0 0 1 2 0 2 5
t
2
30
7798.1 2070.37 100
7804.85 2074.75 -100
a
8
67
1087 1082 1120 1116 1153 1148 1186 1183 
1 1152 1 1083 0 1118 0 1119 0 1084 0 1085 0 2640 0.411706 2641 0.588294 
1 1151 1 1083 0 1118 0 1119 0 1084 0 2640 0.411706 2641 0.588294 
1 1150 1 1118 0 1117 0 2640 0.411706 2641 0.588294 
1 1149 1 1117 0 2640 0.411706 2641 0.588294 
2 1083 1 1152 0 1118 0 1119 0 1151 0 2640 0.550166 2641 0.449834 
2 1084 1 1152 0 1119 0 1151 0 2640 0.550166 2641 0.449834 
2 1085 1 1152 0 1184 0 2640 0.550166 2641 0.449834 
2 1086 1 1184 0 1185 0 2640 0.550166 2641 0.449834 
3 1118 1 1152 0 1083 0 1151 0 1150 0 2640 0.6097 2641 0.3903 
3 1119 1 1152 0 1083 0 1151 0 1084 0 2640 0.6097 2641 0.3903 
3 1117 1 1150 0 1149 0 2640 0.6097 2641 0.3903 
1 1184 1 1085 0 1086 0 2640 0.411706 2641 0.588294 
1 1185 1 1086 0 2640 0.411706 2641 0.588294 
0 2640 6.5 1152 0.411706 1151 0.411706 1150 0.411706 1149 0.411706 1083 0.550166 1084 0.550166 1085 0.550166 1086 0.550166 1118 0.6097 1119 0.6097 1117 0.6097 1184 0.411706 1185 0.411706 
0 2641 6.5 1152 0.588294 1151 0.588294 1150 0.588294 1149 0.588294 1083 0.449834 1084 0.449834 1085 0.449834 1086 0.449834 1118 0.3903 1119 0.3903 1117 0.3903 1184 0.588294 1185 0.588294 
NanList HYP 0
d
45
0 0 -17.6588 0 0 -17.6588 0 0 -17.6588 0 0 -17.6588 0 0 10.0332 0 0 10.0332 0 0 10.0332 0 0 10.0332 0 0 21.94 0 0 21.94 0 0 21.94 0 0 -17.6588 0 0 -17.6588 -3.37662 -2.19089 0 3.37677 2.19111 0 
s	16
1745 1747 1778 1780 1811 1813 
1745 1746 1747 1778 1779 1780 1811 1812 1813 
b
3 0
0.902208 0.970634 0.23828
1746 0 0 1
1779 0 0 2
1812 0 0 1
g
0
0.5 2 0 0 1 2 0 2 5
t
2
32
11780.7 2330.29 100
11780.5 2329.42 -100
a
6
75
1747 1744 1780 1777 1813 1810 
1 1778 1 1745 0 1812 0 1811 0 2640 0.438035 2641 0.561966 
1 1779 1 1745 0 1812 0 1746 0 2640 0.438035 2641 0.561966 
2 1745 1 1778 0 1779 0 2640 0.530983 2641 0.469017 
2 1746 1 1779 0 2640 0.530983 2641 0.469017 
2 1812 1 1778 0 1779 0 2640 0.530983 2641 0.469017 
2 1811 1 1778 0 2640 0.530983 2641 0.469017 
0 2640 3 1778 0.438035 1779 0.438035 1745 0.530983 1746 0.530983 1812 0.530983 1811 0.530983 
0 2641 3 1778 0.561966 1779 0.561966 1745 0.469017 1746 0.469017 1812 0.469017 1811 0.469017 
NanList HYP 0
d
24
0 0 -12.3931 0 0 -12.3931 0 0 6.19655 0 0 6.19655 0 0 6.19655 0 0 6.19655 0.100633 0.436318 0 -0.0997219 -0.436363 0 
s	17
1844 1846 1943 1945 
1844 1845 1846 1943 1944 1945 
b
2 0
0.53976 0.266666 0.85092
1845 0 0 1
1944 0 0 1
g
0
0.5 2 0 0 1 2 0 2 5
t
2
34
12267 2246.75 100
12266.6 2250.78 -100
a
4
81
1846 1843 1945 1942 
1 1844 1 1944 0 1943 0 2640 0.470245 2641 0.529755 
1 1845 1 1944 0 2640 0.470245 2641 0.529755 
2 1944 1 1844 0 1845 0 2640 0.529755 2641 0.470245 
2 1943 1 1844 0 2640 0.529755 2641 0.470245 
0 2640 2 1844 0.470245 1845 0.470245 1944 0.529755 1943 0.529755 
0 2641 2 1844 0.529755 1845 0.529755 1944 0.470245 1943 0.470245 
NanList HYP 0
d
18
0 0 -5.95099 0 0 -5.95099 0 0 5.95099 0 0 5.95099 0.166823 -2.01192 0 -0.166432 2.01214 0 
s	18
1976 1978 2075 2077 
1976 1977 1978 2075 2076 2077 
b
2 0
0.512535 0.760249 0.375207
1977 0 0 1
2076 0 0 1
g
0
0.5 2 0 0 1 2 0 2 5
t
2
36
12999.2 2335.13 100
12998 2336.07 -100
a
4
85
1978 1975 2077 2074 
1 1976 1 2075 0 2076 0 2640 0.43625 2641 0.56375 
1 1977 1 2075 0 2076 0 2640 0.43625 2641 0.56375 
2 2075 1 1976 0 1977 0 2640 0.56375 2641 0.43625 
2 2076 1 1976 0 1977 0 2640 0.56375 2641 0.43625 
0 2640 2 1976 0.43625 1977 0.43625 2075 0.56375 2076 0.56375 
0 2641 2 1976 0.56375 1977 0.56375 2075 0.43625 2076 0.43625 
NanList HYP 0
d
18
0 0 -12.75 0 0 -12.75 0 0 12.75 0 0 12.75 0.625139 -0.467384 0 -0.624358 0.467189 0 
s	19
2009 2011 2042 2044 
2009 2010 2011 2042 2043 2044 
b
2 0
0.0392803 0.531606 0.667724
2010 0 0 1
2043 0 0 1
g
0
0.5 2 0 0 1 2 0 2 5
t
2
38
13015.1 2220.79 100
13013.1 2218.08 -100
a
4
89
2011 2008 2044 2041 
1 2010 1 2042 0 2043 0 2640 0.444197 2641 0.555803 
1 2009 1 2042 0 2640 0.444197 2641 0.555803 
2 2042 1 2010 0 2009 0 2640 0.555803 2641 0.444197 
2 2043 1 2010 0 2640 0.555803 2641 0.444197 
0 2640 2 2010 0.444197 2009 0.444197 2042 0.555803 2043 0.555803 
0 2641 2 2010 0.555803 2009 0.555803 2042 0.444197 2043 0.444197 
NanList HYP 0
d
18
0 0 -11.1606 0 0 -11.1606 0 0 11.1606 0 0 11.1606 0.990306 1.35629 0 -0.990696 -1.35629 0 
s	20
2236 2240 2272 2275 2306 2308 
2236 2237 2238 2239 2240 2272 2273 2274 2275 2306 2307 2308 
b
3 0
0.93081 0.931835 0.437638
2237 0 0 2
2238 0 0 2
2239 0 0 2
2273 0 0 2
2274 0 0 3
2307 0 0 1
g
0
0.5 2 0 0 1 2 0 2 5
t
2
40
14728.5 1967.5 100
14725.5 1968.66 -100
a
6
93
2240 2235 2275 2271 2308 2305 
1 2238 1 2273 0 2274 0 2307 0 2306 0 2640 0.43266 2641 0.56734 
1 2237 1 2273 0 2274 0 2272 0 2640 0.43266 2641 0.56734 
1 2239 1 2274 0 2307 0 2640 0.43266 2641 0.56734 
1 2236 1 2273 0 2640 0.43266 2641 0.56734 
2 2273 1 2238 0 2237 0 2236 0 2640 0.553872 2641 0.446128 
2 2274 1 2238 0 2237 0 2239 0 2640 0.553872 2641 0.446128 
2 2272 1 2237 0 2640 0.553872 2641 0.446128 
2 2307 1 2238 0 2239 0 2640 0.553872 2641 0.446128 
2 2306 1 2238 0 2640 0.553872 2641 0.446128 
0 2640 4.5 2238 0.43266 2237 0.43266 2239 0.43266 2236 0.43266 2273 0.553872 2274 0.553872 2272 0.553872 2307 0.553872 2306 0.553872 
0 2641 4.5 2238 0.56734 2237 0.56734 2239 0.56734 2236 0.56734 2273 0.446128 2274 0.446128 2272 0.446128 2307 0.446128 2306 0.446128 
NanList HYP 0
d
33
0 0 -13.4681 0 0 -13.4681 0 0 -13.4681 0 0 -13.4681 0 0 10.7745 0 0 10.7745 0 0 10.7745 0 0 10.7745 0 0 10.7745 1.52571 -0.578001 0 -1.52645 0.578039 0 
s	21
2294 2304 2326 2336 
2294 2295 2296 2297 2298 2299 2300 2301 2302 2303 2304 2326 2327 2328 2329 2330 2331 2332 2333 2334 2335 2336 
b
2 0
0.738534 0.284293 0.720952
2295 0 0 2
2296 0 0 3
2297 0 0 3
2298 0 0 3
2299 0 0 3
2300 0 0 3
2301 0 0 3
2302 0 0 3
2303 0 0 2
2327 0 0 2
2328 0 0 3
2329 0 0 3
2330 0 0 3
2331 0 0 3
2332 0 0 3
2333 0 0 3
2334 0 0 3
2335 0 0 2
g
0
0.5 2 0 0 1 2 0 2 5
t
2
42
14885.6 1475.79 100
14884.2 1475.89 -100
a
4
99
2304 2293 2336 2325 
1 2295 1 2327 0 2328 0 2326 0 2640 0.434144 2641 0.565856 
1 2296 1 2327 0 2328 0 2329 0 2640 0.434144 2641 0.565856 
1 2297 1 2328 0 2329 0 2330 0 2640 0.434144 2641 0.565856 
1 2298 1 2329 0 2330 0 2331 0 2640 0.434144 2641 0.565856 
1 2299 1 2330 0 2331 0 2332 0 2640 0.434144 2641 0.565856 
1 2300 1 2331 0 2332 0 2333 0 2640 0.434144 2641 0.565856 
1 2301 1 2332 0 2333 0 2334 0 2640 0.434144 2641 0.565856 
1 2302 1 2333 0 2334 0 2335 0 2640 0.434144 2641 0.565856 
1 2294 1 2327 0 2326 0 2640 0.434144 2641 0.565856 
1 2303 1 2334 0 2335 0 2640 0.434144 2641 0.565856 
2 2327 1 2295 0 2296 0 2294 0 2640 0.565856 2641 0.434144 
2 2328 1 2295 0 2296 0 2297 0 2640 0.565856 2641 0.434144 
2 2329 1 2296 0 2297 0 2298 0 2640 0.565856 2641 0.434144 
2 2330 1 2297 0 2298 0 2299 0 2640 0.565856 2641 0.434144 
2 2331 1 2298 0 2299 0 2300 0 2640 0.565856 2641 0.434144 
2 2332 1 2299 0 2300 0 2301 0 2640 0.565856 2641 0.434144 
2 2333 1 2300 0 2301 0 2302 0 2640 0.565856 2641 0.434144 
2 2334 1 2301 0 2302 0 2303 0 2640 0.565856 2641 0.434144 
2 2326 1 2295 0 2294 0 2640 0.565856 2641 0.434144 
2 2335 1 2302 0 2303 0 2640 0.565856 2641 0.434144 
0 2640 10 2295 0.434144 2296 0.434144 2297 0.434144 2298 0.434144 2299 0.434144 2300 0.434144 2301 0.434144 2302 0.434144 2294 0.434144 2303 0.434144 2327 0.565856 2328 0.565856 2329 0.565856 2330 0.565856 2331 0.565856 2332 0.565856 2333 0.565856 2334 0.565856 2326 0.565856 2335 0.565856 
0 2641 10 2295 0.565856 2296 0.565856 2297 0.565856 2298 0.565856 2299 0.565856 2300 0.565856 2301 0.565856 2302 0.565856 2294 0.565856 2303 0.565856 2327 0.434144 2328 0.434144 2329 0.434144 2330 0.434144 2331 0.434144 2332 0.434144 2333 0.434144 2334 0.434144 2326 0.434144 2335 0.434144 
NanList HYP 0
d
66
0 0 -13.1711 0 0 -13.1711 0 0 -13.1711 0 0 -13.1711 0 0 -13.1711 0 0 -13.1711 0 0 -13.1711 0 0 -13.1711 0 0 -13.1711 0 0 -13.1711 0 0 13.1711 0 0 13.1711 0 0 13.1711 0 0 13.1711 0 0 13.1711 0 0 13.1711 0 0 13.1711 0 0 13.1711 0 0 13.1711 0 0 13.1711 0.719494 -0.0513307 0 -0.718791 0.0512721 0 
s	22
2405 2407 2437 2440 
2405 2406 2407 2437 2438 2439 2440 
b
2 0
0.687861 0.354049 0.639979
2406 0 0 2
2438 0 0 1
2439 0 0 1
g
0
0.5 2 0 0 1 2 0 2 5
t
2
44
15213.5 2003.16 100
15212.7 2001.55 -100
a
4
103
2407 2404 2440 2436 
1 2405 1 2438 0 2437 0 2640 0.465723 2641 0.534277 
1 2406 1 2438 0 2439 0 2640 0.465723 2641 0.534277 
2 2438 1 2405 0 2406 0 2640 0.522851 2641 0.477149 
2 2437 1 2405 0 2640 0.522851 2641 0.477149 
2 2439 1 2406 0 2640 0.522851 2641 0.477149 
0 2640 2.5 2405 0.465723 2406 0.465723 2438 0.522851 2437 0.522851 2439 0.522851 
0 2641 2.5 2405 0.534277 2406 0.534277 2438 0.477149 2437 0.477149 2439 0.477149 
NanList HYP 0
d
21
0 0 -6.85534 0 0 -6.85534 0 0 4.57023 0 0 4.57023 0 0 4.57023 0.402075 0.803764 0 -0.401372 -0.803678 0 
s	23
2535 2539 2569 2572 2599 2602 
2535 2536 2537 2538 2539 2569 2570 2571 2572 2599 2600 2601 2602 
b
3 0
0.880075 0.440105 0.165974
2536 0 0 1
2537 0 0 2
2538 0 0 3
2570 0 0 2
2571 0 0 3
2600 0 0 2
2601 0 0 1
g
0
0.5 2 0 0 1 2 0 2 5
t
2
46
16284.9 2063.56 100
16283.9 2052.92 -100
a
6
107
2539 2534 2572 2568 2602 2598 
1 2537 1 2571 0 2599 0 2570 0 2600 0 2640 0.416512 2641 0.583488 
1 2538 1 2571 0 2599 0 2600 0 2601 0 2640 0.416512 2641 0.583488 
1 2536 1 2570 0 2569 0 2640 0.416512 2641 0.583488 
1 2535 1 2569 0 2640 0.416512 2641 0.583488 
2 2571 1 2537 0 2538 0 2599 0 2600 0 2640 0.531971 2641 0.468029 
2 2570 1 2537 0 2599 0 2536 0 2640 0.531971 2641 0.468029 
2 2569 1 2536 0 2535 0 2640 0.531971 2641 0.468029 
3 2599 1 2537 0 2538 0 2571 0 2570 0 2640 0.579346 2641 0.420654 
3 2600 1 2537 0 2538 0 2571 0 2640 0.579346 2641 0.420654 
3 2601 1 2538 0 2640 0.579346 2641 0.420654 
0 2640 5 2537 0.416512 2538 0.416512 2536 0.416512 2535 0.416512 2571 0.531971 2570 0.531971 2569 0.531971 2599 0.579346 2600 0.579346 2601 0.579346 
0 2641 5 2537 0.583488 2538 0.583488 2536 0.583488 2535 0.583488 2571 0.468029 2570 0.468029 2569 0.468029 2599 0.420654 2600 0.420654 2601 0.420654 
NanList HYP 0
d
36
0 0 -16.6975 0 0 -16.6975 0 0 -16.6975 0 0 -16.6975 0 0 6.3941 0 0 6.3941 0 0 6.3941 0 0 15.8692 0 0 15.8692 0 0 15.8692 0.468087 5.32064 0 -0.4684 -5.3208 0 
