33 1 0.1 0.3 1 0 17 1
p
0
30
1000 0 0
990.455 85.6028 0
980.911 171.206 0
971.705 256.844 0
962.577 342.492 0
953.609 428.158 0
944.795 513.841 0
936.131 599.541 0
927.614 685.257 0
919.238 770.989 0
910.999 856.736 0
902.893 942.499 0
894.916 1028.27 0
887.062 1114.07 0
879.329 1199.87 0
871.71 1285.69 0
864.203 1371.51 0
856.802 1457.35 0
849.503 1543.21 0
842.302 1629.07 0
835.194 1714.94 0
828.175 1800.83 0
821.241 1886.72 0
814.388 1972.62 0
807.61 2058.53 0
800.903 2144.45 0
794.264 2230.37 0
787.687 2316.31 0
781.162 2402.25 0
774.655 2488.19 0
768.15 2574.13 0
p
1
30
1200 0 0
1185.23 79.9376 0
1170.46 159.875 0
1156.05 239.884 0
1141.74 319.906 0
1127.59 399.96 0
1113.61 480.045 0
1099.78 560.158 0
1086.11 640.3 0
1072.58 720.469 0
1059.19 800.663 0
1045.93 880.881 0
1032.8 961.123 0
1019.79 1041.39 0
1006.89 1121.67 0
994.1 1201.98 0
981.409 1282.3 0
968.812 1362.64 0
956.303 1443 0
943.876 1523.37 0
931.523 1603.76 0
919.24 1684.15 0
907.018 1764.56 0
894.853 1844.98 0
882.737 1925.41 0
870.665 2005.85 0
858.629 2086.3 0
846.624 2166.75 0
834.643 2247.2 0
822.679 2327.66 0
810.727 2408.12 0
p
2
30
1400 0 0
1397.58 83.9374 0
1395.17 167.875 0
1392.75 251.812 0
1390.33 335.75 0
1387.92 419.687 0
1385.5 503.625 0
1383.08 587.562 0
1380.67 671.499 0
1378.25 755.437 0
1375.83 839.374 0
1373.42 923.312 0
1371 1007.25 0
1368.59 1091.19 0
1366.17 1175.12 0
1363.75 1259.06 0
1361.34 1343 0
1358.92 1426.94 0
1356.5 1510.87 0
1354.09 1594.81 0
1351.67 1678.75 0
1349.25 1762.69 0
1346.84 1846.62 0
1344.42 1930.56 0
1342 2014.5 0
1339.59 2098.44 0
1337.17 2182.37 0
1334.75 2266.31 0
1332.34 2350.25 0
1329.92 2434.19 0
1327.5 2518.12 0
p
3
30
1600 0 0
1610.67 74.3211 0
1621.34 148.642 0
1631.8 222.989 0
1641.87 297.386 0
1651.02 371.9 0
1656.32 446.835 0
1656.28 522.085 0
1653.86 597.423 0
1649.22 672.828 0
1643.32 748.285 0
1637.27 823.818 0
1632.2 899.452 0
1629.16 975.166 0
1629.13 1050.87 0
1632.55 1126.39 0
1640.01 1201.51 0
1651.84 1275.97 0
1668.18 1349.49 0
1689.03 1421.82 0
1714.18 1492.77 0
1743.3 1562.21 0
1775.9 1630.16 0
1811.38 1696.72 0
1849.07 1762.14 0
1888.17 1826.77 0
1927.86 1891.08 0
1967.22 1955.57 0
2005.31 2020.8 13.4657
2041.8 2086.91 13.4657
2078.42 2153.02 13.4657
p
4
30
1800 0 0
1800.83 69.5546 0
1801.66 139.109 0
1802.56 208.659 0
1803.47 278.205 0
1803.95 347.741 0
1801.71 417.247 0
1800.26 486.869 0
1799.27 556.532 0
1798.77 626.226 0
1799.2 695.947 0
1800.79 765.67 0
1803.78 835.363 0
1808.35 904.991 0
1814.72 974.508 0
1822.39 1043.93 0
1831.42 1113.23 0
1841.73 1182.42 0
1853.23 1251.48 0
1865.87 1320.4 0
1879.61 1389.16 0
1894.41 1457.75 0
1910.23 1526.13 0
1927 1594.3 0
1944.67 1662.23 0
1963.14 1729.9 0
1982.26 1797.35 0
2001.89 1864.59 0
2022.08 1931.62 13.4657
2043.93 1998.17 13.4657
2068.08 2063.88 13.4657
p
5
30
2000 0 0
2004.01 65.7624 0
2008.02 131.525 0
2012.13 197.294 0
2016.33 263.072 0
2020.66 328.883 0
2022.37 395.063 0
2023.89 461.201 0
2025.03 527.381 0
2025.72 593.622 0
2026.21 659.905 0
2026.6 726.215 0
2027.01 792.534 0
2027.51 858.847 0
2028.19 925.142 0
2029.08 991.41 0
2030.23 1057.65 0
2031.66 1123.86 0
2033.39 1190.06 0
2035.41 1256.25 0
2037.7 1322.46 0
2040.22 1388.69 0
2042.9 1454.97 0
2045.67 1521.31 0
2048.39 1587.72 0
2050.89 1654.21 0
2052.94 1720.78 0
2054.28 1787.44 0
2054.52 1854.17 0
2053.56 1920.93 -16.1588
2052.36 1987.68 -16.1588
p
6
30
2200 0 0
2198.16 83.0183 0
2196.33 166.037 0
2196.94 249.091 0
2201.61 332.089 0
2213.97 414.528 0
2235.89 495.109 0
2260.95 575.137 0
2288.59 654.638 0
2316.18 734.188 0
2341.24 814.364 0
2361.5 895.522 0
2375.03 977.67 0
2380.33 1060.45 0
2376.53 1143.2 0
2363.38 1225.12 0
2341.35 1305.5 0
2311.58 1383.91 0
2275.85 1460.39 0
2236.45 1535.51 0
2196.15 1610.27 0
2158.06 1685.95 0
2125.58 1763.68 0
2102.32 1844.13 0
2089.07 1926.69 0
2077.67 2009.71 -16.1588
2067.22 2092.95 -16.1588
2057.06 2176.31 -16.1588
2046.89 2259.69 0
2036.72 2343.07 0
2026.54 2426.44 0
p
7
30
2400 0 0
2402.14 79.9883 0
2404.29 159.977 0
2406.43 239.965 0
2408.58 319.953 0
2410.72 399.941 0
2412.87 479.93 0
2415.01 559.918 0
2417.16 639.906 0
2419.3 719.895 0
2421.45 799.883 0
2423.59 879.871 0
2425.74 959.859 0
2427.88 1039.85 0
2430.03 1119.84 0
2432.17 1199.82 0
2434.31 1279.81 0
2436.46 1359.8 0
2438.6 1439.79 0
2440.75 1519.78 0
2442.89 1599.77 0
2445.04 1679.75 0
2447.18 1759.74 0
2449.33 1839.73 0
2451.47 1919.72 0
2453.62 1999.71 0
2455.76 2079.7 0
2457.91 2159.68 0
2460.05 2239.67 0
2462.2 2319.66 0
2464.34 2399.65 0
p
8
30
2600 0 0
2609.63 73.3037 0
2619.25 146.607 0
2629.73 219.749 0
2641.41 292.659 0
2654.14 365.34 0
2666.79 438.033 0
2677.73 511.019 0
2686.19 584.33 0
2691.4 657.961 0
2693.64 731.781 0
2692.97 805.691 0
2689.9 879.607 0
2685.17 953.487 0
2679.69 1027.34 0
2674.49 1101.19 0
2670.61 1175.08 0
2669.02 1248.98 0
2670.54 1322.83 0
2675.81 1396.47 0
2685.14 1469.73 0
2698.52 1542.41 0
2715.59 1614.41 0
2735.61 1685.72 0
2757.48 1756.52 0
2779.81 1827.15 0
2800.95 1898.04 0
2819.93 1969.38 -4.75725
2838.71 2041 -4.75725
2857.55 2112.6 0
2876.39 2184.2 0
p
9
30
2800 0 0
2805.62 66.4041 0
2811.23 132.808 0
2816.16 199.332 0
2820.6 265.96 0
2823.23 332.793 0
2824.13 399.706 0
2824.83 466.607 0
2825.2 533.533 0
2825.5 600.471 0
2825.88 667.405 0
2826.43 734.328 0
2827.18 801.231 0
2828.13 868.114 0
2829.26 934.979 0
2830.5 1001.83 0
2831.76 1068.69 0
2832.89 1135.57 0
2834.17 1202.46 0
2835.48 1269.39 0
2836.85 1336.34 0
2838.25 1403.32 0
2839.69 1470.32 0
2841.16 1537.33 0
2842.64 1604.35 0
2844.14 1671.36 0
2845.64 1738.35 0
2847.15 1805.32 0
2848.65 1872.26 0
2850.18 1939.17 4.75725
2851.73 2006.04 4.75725
p
10
30
3000 0 0
2994.21 68.0425 0
2988.42 136.085 0
2982.68 204.107 0
2977.31 272.137 0
2972.66 340.191 0
2968.92 408.303 0
2966.07 476.476 0
2964.19 544.693 0
2963.27 612.942 0
2963.2 681.211 0
2963.88 749.49 0
2965.14 817.772 0
2966.82 886.052 0
2968.71 954.33 0
2970.59 1022.6 0
2972.24 1090.88 0
2973.41 1159.15 0
2973.66 1227.41 0
2972.74 1295.66 0
2970.38 1363.86 0
2966.4 1431.97 0
2960.69 1499.96 0
2953.23 1567.77 0
2944.12 1635.4 0
2933.55 1702.82 0
2921.84 1770.06 0
2909.41 1837.18 0
2896.79 1904.27 0
2884.36 1971.4 0
2871.73 2038.6 0
p
11
30
3200 0 0
3198.98 76.9389 0
3197.97 153.878 0
3196.95 230.817 0
3195.94 307.756 0
3194.92 384.695 0
3193.9 461.634 0
3192.89 538.573 0
3191.87 615.512 0
3190.86 692.45 0
3189.84 769.389 0
3188.82 846.328 0
3187.81 923.267 0
3186.79 1000.21 0
3185.78 1077.15 0
3184.76 1154.08 0
3183.74 1231.02 0
3182.73 1307.96 0
3181.71 1384.9 0
3180.7 1461.84 0
3179.68 1538.78 0
3178.67 1615.72 0
3177.65 1692.66 0
3176.63 1769.6 0
3175.62 1846.53 0
3174.6 1923.47 0
3173.59 2000.41 0
3172.57 2077.35 0
3171.55 2154.29 0
3170.54 2231.23 0
3169.52 2308.17 0
p
12
30
3400 0 0
3398.13 66.9306 0
3396.26 133.861 0
3394.39 200.792 0
3392.52 267.723 0
3390.65 334.653 0
3388.78 401.584 0
3386.91 468.514 0
3385.04 535.445 0
3383.17 602.376 0
3381.29 669.306 0
3379.42 736.237 0
3377.55 803.168 0
3375.68 870.098 0
3373.81 937.029 0
3371.94 1003.96 0
3370.07 1070.89 0
3368.2 1137.82 0
3366.33 1204.75 0
3364.46 1271.68 0
3362.59 1338.61 0
3360.72 1405.54 0
3358.85 1472.47 0
3356.98 1539.4 0
3355.11 1606.34 0
3353.24 1673.27 0
3351.37 1740.2 0
3349.5 1807.13 0
3347.63 1874.06 0
3345.75 1940.99 0
3343.88 2007.92 0
p
13
30
3600 0 0
3602.48 79.9642 0
3604.95 159.928 0
3607.43 239.893 0
3609.91 319.857 0
3612.38 399.821 0
3614.86 479.785 0
3617.34 559.75 0
3619.82 639.714 0
3622.29 719.678 0
3624.77 799.642 0
3627.25 879.607 0
3629.72 959.571 0
3632.2 1039.54 0
3634.68 1119.5 0
3637.15 1199.46 0
3639.63 1279.43 0
3642.11 1359.39 0
3644.58 1439.36 0
3647.06 1519.32 0
3649.54 1599.28 0
3652.02 1679.25 0
3654.49 1759.21 0
3656.97 1839.18 0
3659.45 1919.14 0
3661.92 1999.11 0
3664.4 2079.07 0
3666.88 2159.03 0
3669.35 2239 0
3671.83 2318.96 0
3674.31 2398.93 0
p
14
30
3800 0 0
3803.76 79.8685 0
3807.52 159.737 0
3811.27 239.606 0
3815.03 319.474 0
3818.79 399.343 0
3822.55 479.211 0
3826.3 559.08 0
3830.06 638.948 0
3833.82 718.817 0
3837.58 798.685 0
3841.33 878.554 0
3845.09 958.422 0
3848.85 1038.29 0
3852.61 1118.16 0
3856.36 1198.03 0
3860.12 1277.9 0
3863.88 1357.76 0
3867.64 1437.63 0
3871.39 1517.5 0
3875.15 1597.37 0
3878.91 1677.24 0
3882.67 1757.11 0
3886.43 1836.98 0
3890.18 1916.84 0
3893.94 1996.71 0
3897.7 2076.58 0
3901.46 2156.45 0
3905.21 2236.32 0
3908.97 2316.19 0
3912.73 2396.06 0
p
15
30
4000 0 0
4007.03 71.0662 0
4014.06 142.132 0
4021.02 213.205 0
4027.89 284.287 0
4034.64 355.381 0
4041.22 426.489 0
4047.62 497.616 0
4053.77 568.764 0
4059.66 639.934 0
4065.25 711.13 0
4070.5 782.352 0
4075.37 853.601 0
4079.83 924.878 0
4083.85 996.182 0
4087.39 1067.51 0
4090.43 1138.87 0
4092.92 1210.25 0
4094.84 1281.64 0
4096.18 1353.06 0
4097.34 1424.47 0
4098.44 1495.89 0
4099.66 1567.31 0
4101.23 1638.72 0
4103.34 1710.11 0
4106.2 1781.48 0
4110.02 1852.79 0
4114.98 1924.04 0
4121.3 1995.17 0
4129.16 2066.15 -5.98668
4138.44 2136.95 -5.98668
p
16
30
4200 0 0
4193.36 70.7163 0
4186.73 141.433 0
4180.22 212.162 0
4173.88 282.906 0
4167.78 353.671 0
4161.97 424.462 0
4156.51 495.282 0
4151.48 566.134 0
4146.92 637.021 0
4142.9 707.941 0
4139.48 778.896 0
4136.72 849.881 0
4134.68 920.894 0
4133.42 991.928 0
4132.99 1062.98 0
4133.46 1134.03 0
4134.89 1205.07 0
4137.34 1276.1 0
4140.89 1347.08 0
4144.92 1418.05 0
4149.31 1488.99 0
4153.79 1559.93 0
4158.06 1630.89 0
4161.87 1701.87 0
4164.93 1772.87 0
4166.95 1843.91 0
4167.67 1914.96 0
4166.8 1986 0
4164.06 2056.98 5.98668
4159.57 2127.88 5.98668
p
17
30
4400 0 0
4401.18 82.8853 0
4402.35 165.771 0
4403.53 248.656 0
4404.71 331.541 0
4405.88 414.427 0
4407.06 497.312 0
4408.24 580.197 0
4409.41 663.083 0
4410.59 745.968 0
4411.77 828.853 0
4412.94 911.739 0
4414.12 994.624 0
4415.3 1077.51 0
4416.48 1160.39 0
4417.65 1243.28 0
4418.83 1326.17 0
4420.01 1409.05 0
4421.18 1491.94 0
4422.36 1574.82 0
4423.54 1657.71 0
4424.71 1740.59 0
4425.89 1823.48 0
4427.07 1906.36 0
4428.24 1989.25 0
4429.42 2072.13 0
4430.6 2155.02 0
4431.77 2237.9 0
4432.95 2320.79 0
4434.13 2403.67 0
4435.3 2486.56 0
p
18
30
4600 0 0
4598.95 84.8277 0
4597.91 169.655 0
4596.86 254.483 0
4595.82 339.311 0
4594.77 424.138 0
4593.73 508.966 0
4592.68 593.794 0
4591.64 678.621 0
4590.59 763.449 0
4589.55 848.277 0
4588.5 933.105 0
4587.46 1017.93 0
4586.41 1102.76 0
4585.37 1187.59 0
4584.32 1272.42 0
4583.28 1357.24 0
4582.23 1442.07 0
4581.19 1526.9 0
4580.14 1611.73 0
4579.1 1696.55 0
4578.05 1781.38 0
4577.01 1866.21 0
4575.96 1951.04 0
4574.92 2035.86 0
4573.87 2120.69 0
4572.83 2205.52 0
4571.78 2290.35 0
4570.74 2375.18 0
4569.69 2460 0
4568.65 2544.83 0
p
19
30
4800 0 0
4797.22 78.9795 0
4794.43 157.959 0
4791.65 236.938 0
4788.86 315.918 0
4786.08 394.897 0
4783.29 473.877 0
4780.51 552.856 0
4777.72 631.836 0
4774.94 710.815 0
4772.15 789.795 0
4769.37 868.774 0
4766.58 947.754 0
4763.8 1026.73 0
4761.01 1105.71 0
4758.23 1184.69 0
4755.44 1263.67 0
4752.66 1342.65 0
4749.87 1421.63 0
4747.09 1500.61 0
4744.3 1579.59 0
4741.52 1658.57 0
4738.73 1737.55 0
4735.95 1816.53 0
4733.16 1895.51 0
4730.38 1974.49 0
4727.59 2053.47 0
4724.81 2132.45 0
4722.02 2211.43 0
4719.24 2290.4 0
4716.46 2369.38 0
p
20
30
5000 0 0
4996.74 73.6782 0
4993.48 147.356 0
4990.22 221.035 0
4986.96 294.713 0
4983.7 368.391 0
4980.45 442.069 0
4977.19 515.747 0
4973.93 589.425 0
4970.67 663.104 0
4967.41 736.782 0
4964.15 810.46 0
4960.89 884.138 0
4957.63 957.816 0
4954.37 1031.49 0
4951.11 1105.17 0
4947.85 1178.85 0
4944.6 1252.53 0
4941.34 1326.21 0
4938.08 1399.89 0
4934.82 1473.56 0
4931.56 1547.24 0
4928.3 1620.92 0
4925.04 1694.6 0
4921.78 1768.28 0
4918.52 1841.95 0
4915.26 1915.63 0
4912 1989.31 0
4908.75 2062.99 0
4905.49 2136.67 0
4902.23 2210.35 0
p
21
30
5200 0 0
5195.43 71.2557 0
5190.86 142.511 0
5186.3 213.767 0
5181.73 285.023 0
5177.16 356.278 0
5172.59 427.534 0
5168.02 498.79 0
5163.46 570.045 0
5158.89 641.301 0
5154.32 712.557 0
5149.75 783.812 0
5145.18 855.068 0
5140.62 926.324 0
5136.05 997.579 0
5131.48 1068.83 0
5126.91 1140.09 0
5122.34 1211.35 0
5117.78 1282.6 0
5113.21 1353.86 0
5108.64 1425.11 0
5104.07 1496.37 0
5099.51 1567.62 0
5094.94 1638.88 0
5090.37 1710.14 0
5085.8 1781.39 0
5081.23 1852.65 0
5076.67 1923.9 0
5072.1 1995.16 0
5067.53 2066.41 0
5062.96 2137.67 0
p
22
30
5400 0 0
5398.46 80.7814 0
5396.92 161.563 0
5395.37 242.344 0
5393.83 323.126 0
5392.29 403.907 0
5390.75 484.688 0
5389.21 565.47 0
5387.66 646.251 0
5386.12 727.032 0
5384.58 807.814 0
5383.04 888.595 0
5381.49 969.377 0
5379.95 1050.16 0
5378.41 1130.94 0
5376.87 1211.72 0
5375.33 1292.5 0
5373.78 1373.28 0
5372.24 1454.06 0
5370.7 1534.85 0
5369.16 1615.63 0
5367.62 1696.41 0
5366.07 1777.19 0
5364.53 1857.97 0
5362.99 1938.75 0
5361.45 2019.53 0
5359.91 2100.32 0
5358.36 2181.1 0
5356.82 2261.88 0
5355.28 2342.66 0
5353.74 2423.44 0
p
23
30
5600 0 0
5612.86 74.1455 0
5625.72 148.291 0
5638.15 222.511 0
5650.04 296.821 0
5661.18 371.251 0
5671.35 445.824 0
5680.35 520.556 0
5688.55 595.388 0
5695.9 670.314 0
5702.51 745.316 0
5708.47 820.375 0
5713.87 895.478 0
5718.83 970.61 0
5723.44 1045.76 0
5727.8 1120.93 0
5732.01 1196.1 0
5736.18 1271.28 0
5740.1 1346.48 0
5742.7 1421.75 0
5743.54 1497.07 0
5742.53 1572.42 0
5739.49 1647.73 0
5735.9 1723.03 0
5732.07 1798.33 0
5728.68 1873.65 0
5726.41 1948.99 0
5725.93 2024.35 0
5727.92 2099.64 0
5733.07 2174.76 -1.15702
5741.29 2249.59 -1.15702
p
24
30
5800 0 0
5795.25 75.1763 0
5790.51 150.353 0
5786.05 225.547 0
5781.97 300.763 0
5778.41 376.009 0
5775.54 451.286 0
5773.53 526.595 0
5772.03 601.919 0
5771.08 677.255 0
5770.57 752.598 0
5770.42 827.944 0
5770.53 903.29 0
5770.81 978.634 0
5771.16 1053.97 0
5771.5 1129.31 0
5771.71 1204.65 0
5771.69 1279.99 0
5771.55 1355.32 0
5771.98 1430.66 0
5773.21 1505.99 0
5775.21 1581.31 0
5777.94 1656.6 0
5780.6 1731.91 0
5782.92 1807.22 0
5784.48 1882.55 0
5784.83 1957.88 0
5783.55 2033.2 0
5780.22 2108.45 0
5774.4 2183.55 1.15702
5766.23 2258.43 1.15702
p
25
30
6000 0 0
6004.62 83.7042 0
6009.23 167.408 0
6013.85 251.113 0
6018.46 334.817 0
6023.08 418.521 0
6027.69 502.225 0
6032.31 585.93 0
6036.92 669.634 0
6041.54 753.338 0
6046.16 837.042 0
6050.77 920.747 0
6055.39 1004.45 0
6060 1088.16 0
6064.62 1171.86 0
6069.23 1255.56 0
6073.85 1339.27 0
6078.46 1422.97 0
6083.08 1506.68 0
6087.7 1590.38 0
6092.31 1674.08 0
6096.93 1757.79 0
6101.54 1841.49 0
6106.16 1925.2 0
6110.77 2008.9 0
6115.39 2092.61 0
6120 2176.31 0
6124.62 2260.01 0
6129.24 2343.72 0
6133.85 2427.42 0
6138.47 2511.13 0
p
26
30
6200 0 0
6205.28 79.221 0
6210.56 158.442 0
6215.84 237.663 0
6221.12 316.884 0
6226.39 396.105 0
6231.67 475.326 0
6236.95 554.547 0
6242.23 633.768 0
6247.51 712.989 0
6252.79 792.21 0
6258.07 871.431 0
6263.35 950.652 0
6268.63 1029.87 0
6273.91 1109.09 0
6279.18 1188.32 0
6284.46 1267.54 0
6289.74 1346.76 0
6295.02 1425.98 0
6300.3 1505.2 0
6305.58 1584.42 0
6310.86 1663.64 0
6316.14 1742.86 0
6321.42 1822.08 0
6326.7 1901.3 0
6331.97 1980.53 0
6337.25 2059.75 0
6342.53 2138.97 0
6347.81 2218.19 0
6353.09 2297.41 0
6358.37 2376.63 0
p
27
30
6400 0 0
6404.48 83.1947 0
6408.97 166.389 0
6413.19 249.596 0
6417.12 332.816 0
6420.67 416.052 0
6423.79 499.304 0
6426.47 582.571 0
6428.74 665.849 0
6430.65 749.134 0
6432.35 832.42 0
6434.03 915.702 0
6435.99 998.973 0
6438.63 1082.22 0
6442.85 1165.4 0
6449.52 1248.41 0
6459.68 1331.08 0
6474.46 1413.07 0
6494.94 1493.88 0
6522.06 1572.8 0
6556.51 1648.96 0
6598.61 1721.39 0
6648.28 1789.16 0
6705.19 1851.37 0
6768.63 1907.41 0
6837.94 1956.62 0
6911.89 1999.22 0
6989.18 2036.05 0
7068.53 2068.79 0
7148.95 2099.12 0
7230.38 2127.21 0
p
28
30
6600 0 0
6583.17 74.9959 0
6566.34 149.992 0
6550.13 225.127 0
6534.7 300.434 0
6520.39 375.968 0
6507.51 451.773 0
6496.38 527.875 0
6487.34 604.279 0
6480.72 680.964 0
6476.86 757.88 0
6476.08 834.942 0
6478.72 912.027 0
6485.11 988.969 0
6495.39 1065.57 0
6509.74 1141.62 0
6528.2 1216.88 0
6550.77 1291.13 0
6577.38 1364.15 0
6607.93 1435.75 0
6642.37 1505.69 0
6680.71 1573.73 0
6723.1 1639.5 0
6769.52 1702.69 0
6820.45 1762.55 0
6873.9 1820.39 0
6930.06 1875.86 0
6988.66 1929 0
7049.5 1979.81 0
7112.53 2028.15 0
7177.72 2073.73 0
p
29
30
6800 0 0
6799 66.291 0
6798 132.582 0
6797.17 198.876 0
6796.53 265.174 0
6796.18 331.474 0
6796.2 397.777 0
6796.69 464.08 0
6797.73 530.379 0
6799.42 596.668 0
6801.89 662.936 0
6805.27 729.17 0
6809.71 795.347 0
6815.4 861.436 0
6822.11 927.44 0
6829.91 993.335 0
6838.8 1059.11 0
6848.77 1124.74 0
6859.8 1190.22 0
6871.89 1255.53 0
6885.04 1320.66 0
6899.26 1385.58 0
6914.54 1450.29 0
6930.89 1514.77 0
6948.33 1578.98 0
6966.86 1642.92 0
6986.51 1706.57 0
7007.29 1769.88 0
7029.22 1832.85 0
7052.33 1895.44 0
7076.42 1957.65 0
p
30
30
7000 0 0
7012.67 80.901 0
7025.35 161.802 0
7037.95 242.714 0
7050.47 323.639 0
7062.88 404.582 0
7075.12 485.549 0
7087.18 566.545 0
7099.01 647.575 0
7110.58 728.642 0
7121.85 809.752 0
7132.79 890.908 0
7143.5 972.095 0
7153.99 1053.31 0
7164.28 1134.55 0
7174.43 1215.82 0
7184.46 1297.09 0
7194.41 1378.38 0
7204.31 1459.67 0
7214.21 1540.96 0
7224.13 1622.25 0
7234.12 1703.53 0
7244.21 1784.8 0
7254.44 1866.05 0
7264.84 1947.28 0
7275.46 2028.48 0
7286.31 2109.65 0
7297.45 2190.78 0
7308.91 2271.86 0
7320.72 2352.89 0
7332.85 2433.88 0
p
31
30
7200 0 0
7204.57 81.4012 0
7209.14 162.802 0
7213.76 244.201 0
7218.43 325.597 0
7223.19 406.987 0
7228.04 488.372 0
7233.03 569.749 0
7238.16 651.117 0
7243.46 732.475 0
7248.95 813.82 0
7254.65 895.15 0
7260.49 976.471 0
7266.47 1057.78 0
7272.57 1139.09 0
7278.74 1220.38 0
7284.98 1301.67 0
7291.24 1382.96 0
7297.51 1464.25 0
7303.77 1545.55 0
7309.98 1626.84 0
7316.11 1708.14 0
7322.15 1789.45 0
7328.06 1870.76 0
7333.83 1952.09 0
7339.42 2033.43 0
7344.81 2114.78 0
7349.96 2196.15 0
7354.87 2277.53 0
7359.5 2358.92 0
7363.87 2440.34 0
p
32
30
7400 0 0
7417.38 77.7567 0
7434.76 155.513 0
7447.25 234.011 0
7462.85 311.883 0
7483.5 388.499 0
7511.1 462.977 0
7544.34 535.515 0
7582.3 606.152 0
7622.83 675.699 0
7663.37 745.345 0
7701.3 816.341 0
7734.51 889.588 0
7761.61 965.219 0
7780.37 1043.35 0
7788.49 1123.52 0
7780.77 1203.87 0
7756.51 1281.09 0
7717.95 1352.71 0
7675.49 1422.22 0
7635.68 1493.08 0
7606.85 1568.54 0
7597.22 1648.16 0
7612.55 1726.59 0
7653.28 1795.61 0
7714.84 1848.2 0
7788.31 1884.47 0
7865.85 1912.99 0
7940.69 1948.29 32.0178
8006.94 1998.23 32.0178
8074.72 2046.78 32.0178
p
33
30
7600 0 0
7594.21 65.951 0
7588.42 131.902 0
7588.8 198.5 0
7593.54 265.07 0
7603.48 331.313 0
7618.91 396.763 0
7636.51 461.807 0
7656.18 526.428 0
7677.03 590.789 0
7698.35 655.039 0
7719.58 719.303 0
7740.18 783.682 0
7759.67 848.264 0
7777.69 913.118 0
7794.45 978.195 0
7809.98 1043.46 0
7824.04 1108.92 0
7836.52 1174.61 0
7846.85 1240.66 0
7855.59 1306.99 0
7863.23 1373.58 0
7870.49 1440.4 0
7878.47 1507.41 0
7888.89 1574.47 0
7899.88 1641.76 0
7913.18 1709 0
7930 1775.74 0
7952 1841.16 0
7980.88 1904.08 32.0178
8015.73 1963.7 32.0178
p
34
30
7800 0 0
7803.14 68.1531 0
7806.29 136.306 0
7811.46 204.491 0
7818.34 272.459 0
7827.42 340.224 0
7839.11 407.728 0
7851.55 475.306 0
7864.93 542.958 0
7878.94 610.721 0
7893.36 678.567 0
7908.04 746.425 0
7922.83 814.215 0
7937.56 881.883 0
7952.01 949.432 0
7965.72 1016.98 -15.6689
7977.64 1084.74 -15.6689
7987.6 1152.68 -15.6689
7996 1220.69 -15.6689
8003.03 1288.82 -15.6689
8008.6 1357.03 -15.6689
8012.68 1425.26 -15.6689
8015.39 1493.47 -15.6689
8016.99 1561.61 -15.6689
8017.8 1629.69 -15.6689
8018.14 1697.69 -15.6689
8018.21 1765.65 -15.6689
8017.96 1833.59 -15.6689
8017.37 1901.69 -15.6689
8017.8 1969.73 -15.6689
8019.73 2038.03 -15.6689
p
35
30
8000 0 0
8002.15 80.5081 0
8004.3 161.016 0
8003.84 241.345 0
8003.11 321.805 0
8001.65 402.285 0
7999.7 482.778 0
7997.52 563.277 0
7995.35 643.776 0
7993.43 724.268 0
7992.01 804.747 0
7991.34 885.205 0
7991.67 965.637 6.04089
7993.24 1045.99 6.04089
7996.36 1126.32 6.04089
8001.18 1206.66 6.04089
8007.41 1287 6.04089
8014.43 1367.35 6.04089
8021.45 1447.74 6.04089
8027.75 1528.19 6.04089
8032.82 1608.74 6.04089
8036.49 1689.37 6.04089
8038.71 1770.06 6.04089
8039.22 1850.83 6.04089
8038.07 1931.59 6.04089
8036.45 2012.24 6.04089
8034.98 2092.86 6.04089
8033.56 2173.46 0
8032.14 2254.07 0
8030.72 2334.67 0
8029.29 2415.27 0
p
36
30
8200 0 0
8200.74 76.1108 0
8201.48 152.222 0
8202.23 228.332 0
8202.97 304.443 0
8203.71 380.554 0
8204.45 456.665 0
8205.19 532.776 0
8205.93 608.887 0
8206.68 684.997 0
8207.42 761.108 0
8208.16 837.219 0
8208.9 913.33 0
8209.64 989.441 0
8210.38 1065.55 0
8211.13 1141.66 0
8211.87 1217.77 0
8212.61 1293.88 0
8213.35 1369.99 0
8214.09 1446.11 0
8214.84 1522.22 0
8215.58 1598.33 0
8216.32 1674.44 0
8217.06 1750.55 0
8217.8 1826.66 0
8218.54 1902.77 0
8219.29 1978.88 0
8220.03 2054.99 0
8220.77 2131.1 0
8221.51 2207.21 0
8222.25 2283.32 0
p
37
30
8400 0 0
8403.82 81.577 0
8407.64 163.154 0
8411.45 244.731 0
8415.27 326.308 0
8419.09 407.885 0
8422.91 489.462 0
8426.72 571.039 0
8430.54 652.616 0
8434.36 734.193 0
8438.18 815.77 0
8441.99 897.347 0
8445.81 978.924 0
8449.63 1060.5 0
8453.45 1142.08 0
8457.26 1223.65 0
8461.08 1305.23 0
8464.9 1386.81 0
8468.72 1468.39 0
8472.54 1549.96 0
8476.35 1631.54 0
8480.17 1713.12 0
8483.99 1794.69 0
8487.81 1876.27 0
8491.62 1957.85 0
8495.44 2039.42 0
8499.26 2121 0
8503.08 2202.58 0
8506.89 2284.15 0
8510.71 2365.73 0
8514.53 2447.31 0
p
38
30
8600 0 0
8601.68 79.2273 0
8603.36 158.455 0
8605.04 237.682 0
8606.72 316.909 0
8608.4 396.137 0
8610.08 475.364 0
8611.76 554.591 0
8613.44 633.819 0
8615.13 713.046 0
8616.81 792.273 0
8618.49 871.501 0
8620.17 950.728 0
8621.85 1029.96 0
8623.53 1109.18 0
8625.21 1188.41 0
8626.89 1267.64 0
8628.57 1346.86 0
8630.25 1426.09 0
8631.93 1505.32 0
8633.61 1584.55 0
8635.29 1663.77 0
8636.97 1743 0
8638.65 1822.23 0
8640.33 1901.46 0
8642.01 1980.68 0
8643.7 2059.91 0
8645.38 2139.14 0
8647.06 2218.37 0
8648.74 2297.59 0
8650.42 2376.82 0
p
39
30
8800 0 0
8806.88 80.6091 0
8813.76 161.218 0
8818.49 241.984 0
8822.93 322.786 0
8826.72 403.645 0
8830.04 484.548 0
8833.13 565.48 0
8836.18 646.427 0
8839.39 727.376 0
8842.97 808.311 0
8847.08 889.215 0
8851.76 970.078 0
8857.11 1050.88 0
8863.22 1131.62 0
8870.14 1212.27 0
8877.93 1292.83 0
8886.64 1373.28 0
8896.34 1453.62 0
8907.06 1533.83 0
8918.89 1613.89 0
8932.63 1693.67 0
8948.53 1773.09 0
8966.98 1852 0
8988.26 1930.25 0
9012.6 2007.67 0
9040.11 2084.09 0
9070.78 2159.36 0
9104.48 2233.36 0
9140.96 2306.07 8.81062
9179.57 2377.72 8.81062
p
40
30
9000 0 0
8992.78 78.438 0
8985.56 156.876 0
8977.23 235.21 0
8969.24 313.585 0
8961.44 391.991 0
8954.1 470.454 0
8947.45 548.991 0
8941.69 627.614 0
8937.02 706.322 0
8933.59 785.107 0
8931.56 863.955 0
8930.98 942.837 0
8931.97 1021.73 0
8934.61 1100.59 0
8938.97 1179.38 0
8945.13 1258.07 0
8953.16 1336.6 0
8963.13 1414.91 0
8975.12 1492.95 0
8989.2 1570.66 0
9004.82 1648.09 0
9021.9 1725.23 0
9040.22 1802.11 0
9059.58 1878.75 0
9079.78 1955.21 0
9100.62 2031.52 0
9121.89 2107.75 0
9143.31 2183.98 -14.6844
9164.37 2260.33 -14.6844
9184.98 2336.84 -14.6844
p
41
30
9200 0 0
9209.37 76.1412 0
9218.74 152.282 0
9226.08 228.686 0
9232.13 305.183 0
9235.97 381.833 0
9236.81 458.596 0
9233.75 535.34 0
9228.23 612.069 0
9220.2 688.677 0
9210.14 765.143 0
9198.6 841.481 0
9186.19 917.734 0
9173.52 993.961 0
9161.24 1070.23 0
9149.98 1146.6 -12.1904
9140.04 1223.1 -12.1904
9130.63 1299.66 -12.1904
9122.14 1376.27 -12.1904
9115.39 1452.97 -12.1904
9111.16 1529.75 -12.1904
9110.38 1606.6 -12.1904
9113.63 1683.38 -12.1904
9120.16 1759.95 -12.1904
9128.06 1836.32 0
9136.79 1912.63 0
9146.21 1988.89 0
9156.22 2065.1 0
9166.66 2141.28 8.81062
9177.29 2217.42 8.81062
9188.06 2293.56 8.81062
p
42
30
9400 0 0
9402.57 84.0797 0
9405.15 168.159 0
9406.74 252.262 0
9405.73 336.427 0
9401.49 420.56 0
9393.48 504.514 0
9381.68 588.128 0
9364.04 670.842 0
9343.42 752.957 0
9319.2 834.226 0
9291.55 914.528 0
9260.79 993.782 0
9227.8 1072.16 0
9194.15 1150.19 13.7143
9161.56 1228.59 13.7143
9133.32 1308.47 13.7143
9112.69 1390.52 13.7143
9101.85 1474.33 13.7143
9102.74 1558.79 13.7143
9117.33 1641.98 13.7143
9145.59 1721.67 13.7143
9185.07 1796.8 0
9236.5 1864.93 0
9295.35 1927.25 0
9355.64 1988.27 0
9411.31 2053.07 0
9456.14 2125.13 7.48539
9489.19 2202.82 7.48539
9525.69 2279.28 7.48539
9563.84 2355.3 0
p
43
30
9600 0 0
9609.32 68.7913 0
9618.64 137.583 0
9626.62 206.573 0
9632.88 275.778 0
9637.02 345.197 0
9638.71 414.793 0
9637.48 484.504 0
9633.94 554.168 0
9629.28 623.809 0
9623.74 693.431 0
9617.82 763.063 0
9611.98 832.745 0
9606.4 902.517 0
9599.98 972.398 0
9591.56 1042.38 0
9581.46 1112.4 0
9573.02 1182.63 0
9565.34 1253.01 0
9558.51 1323.48 0
9552.4 1394.01 0
9546.67 1464.66 0
9540.58 1535.47 0
9535.57 1606.6 0
9531.09 1678.07 0
9527.22 1749.83 0
9523.88 1821.75 0
9520.73 1893.66 0
9516.92 1965.36 0
9510.71 2036.54 7.48539
9500.69 2106.86 7.48539
p
44
30
9800 0 0
9790.97 76.6539 0
9781.94 153.308 0
9775.95 230.359 0
9772.15 307.588 0
9771.55 384.992 0
9774.73 462.439 0
9782.3 539.718 0
9790.87 616.908 0
9799.63 694.073 0
9807.76 771.255 0
9814.88 848.451 0
9821.48 925.643 0
9829.24 1002.84 0
9840.65 1079.98 0
9855.97 1157.07 0
9874.31 1234.25 0
9891.46 1312.31 0
9905.37 1391.18 0
9912.86 1470.68 0
9910.67 1549.98 0
9896.01 1627.33 0
9868.1 1700.39 0
9827.47 1766.98 0
9776.65 1826.25 0
9719.34 1879.48 0
9659.89 1930.4 0
9603.27 1984.28 0
9555.59 2046.02 -12.4757
9523.3 2117.17 -12.4757
9505.29 2193.42 -12.4757
p
45
30
10000 0 0
10002.9 89.5578 0
10005.8 179.116 0
10010.1 268.588 0
10015.2 358.017 0
10021.5 447.36 0
10029 536.584 0
10038 625.659 0
10045.2 714.898 0
10051.2 804.236 0
10054.7 893.703 0
10055 983.249 0
10051.6 1072.77 0
10044 1162.09 0
10032 1251.04 0
10015.7 1339.43 0
9995.13 1427.1 0
9970.84 1513.98 0
9943.46 1600.1 0
9913.92 1685.69 0
9883.64 1771.11 0
9853.25 1856.52 0
9822.87 1941.93 0
9792.48 2027.34 0
9762.1 2112.75 0
9731.71 2198.16 0
9701.33 2283.58 0
9670.94 2368.99 0
9640.56 2454.4 0
9610.17 2539.81 0
9579.79 2625.22 0
p
46
30
10200 0 0
10198 88.3096 0
10196 176.619 0
10194 264.929 0
10192.1 353.238 0
10190.1 441.548 0
10188.1 529.858 0
10186.1 618.167 0
10184.1 706.477 0
10182.1 794.786 0
10180.1 883.096 0
10178.2 971.405 0
10176.2 1059.72 0
10174.2 1148.02 0
10172.2 1236.33 0
10170.2 1324.64 0
10168.2 1412.95 0
10166.2 1501.26 0
10164.3 1589.57 0
10162.3 1677.88 0
10160.3 1766.19 0
10158.3 1854.5 0
10156.3 1942.81 0
10154.3 2031.12 0
10152.3 2119.43 0
10150.4 2207.74 0
10148.4 2296.05 0
10146.4 2384.36 0
10144.4 2472.67 0
10142.4 2560.98 0
10140.4 2649.29 0
p
47
30
10400 0 0
10399.2 74.4153 0
10398.5 148.831 0
10394.8 223.208 0
10390.4 297.569 0
10384.8 371.902 0
10378.1 446.208 0
10370.7 520.497 0
10363 594.794 0
10355.5 669.134 0
10348.7 743.557 0
10343.2 818.091 0
10339.7 892.735 0
10338.9 967.441 0
10341.5 1042.09 0
10348 1116.5 0
10358.4 1190.48 0
10372.9 1263.78 0
10391.6 1336.17 0
10414.5 1407.45 0
10441.2 1477.45 0
10471.6 1546.05 0
10505.2 1613.23 0
10541.7 1679.02 0
10580.5 1743.57 0
10621.2 1807.09 0
10663.1 1869.86 0
10705.6 1932.26 0
10748.3 1994.57 0
10791.1 2056.86 0
10833.9 2119.13 0
p
48
30
10600 0 0
10589.1 66.9436 0
10578.2 133.887 0
10567.8 200.956 0
10557.7 268.059 0
10548.1 335.23 0
10539 402.482 0
10530.5 469.831 0
10522.8 537.299 0
10515.8 604.905 0
10509.9 672.672 0
10505.2 740.615 0
10501.8 808.741 0
10500 877.037 0
10500.1 945.469 0
10502.4 1013.96 0
10506.6 1082.45 0
10512.9 1150.81 0
10521.4 1218.94 0
10532.5 1286.69 -11.5394
10546.1 1353.93 -11.5394
10562 1420.7 -11.5394
10579.9 1486.96 -11.5394
10599.7 1552.68 -11.5394
10621.4 1617.8 -11.5394
10644.9 1682.34 -11.5394
10670 1746.34 -11.5394
10696.4 1809.85 -11.5394
10724 1872.89 0
10752.6 1935.49 0
10782.2 1997.69 0
p
49
30
10800 0 0
10801.1 91.8925 0
10802.1 183.785 0
10802.9 275.625 0
10801 367.493 0
10794.2 459.21 0
10779.4 550.208 0
10755.7 639.651 0
10727.5 728.114 0
10695.7 815.659 0
10662.7 902.915 0
10631.1 990.694 0
10603.7 1079.66 0
10583 1170.12 0
10570.9 1261.87 14.8364
10569.1 1354.18 14.8364
10577.7 1445.97 14.8364
10597.7 1535.98 14.8364
10628.7 1622.97 14.8364
10669.3 1706.18 14.8364
10717.8 1785.49 14.8364
10772.1 1861.28 0
10831.1 1933.85 0
10892.6 2004.51 0
10954.1 2075.19 0
11013 2147.93 0
11066.5 2224.61 0
11111.4 2306.64 7.96719
11147.3 2393.31 7.96719
11182.5 2480.39 7.96719
11218 2567.36 0
p
50
30
11000 0 0
10990.9 82.2785 0
10981.7 164.557 0
10969.6 246.492 0
10955.9 328.2 0
10938.7 409.344 0
10916.8 489.433 0
10890.4 568.319 0
10863.3 647.042 0
10836.3 725.895 0
10811.4 805.43 0
10790.5 886.051 0
10775.1 967.83 0
10766.5 1050.53 0
10765.7 1133.65 0
10773.2 1216.44 0
10788 1298.34 0
10809.4 1378.86 0
10836.7 1457.78 0
10868.6 1535.12 0
10903.7 1611.17 0
10940.8 1686.41 0
10978.3 1761.47 0
11014.8 1837.03 0
11048.7 1913.77 0
11078.5 1992.24 0
11103.5 2072.48 -20.038
11125.2 2153.91 -20.038
11142.8 2236.64 7.96719
11160.3 2319.71 7.96719
11181.6 2401.73 7.96719
p
51
30
11200 0 0
11196.1 71.6588 0
11192.1 143.318 0
11187.5 214.951 0
11182.9 286.608 0
11178.2 358.302 0
11174.1 430.106 0
11172.1 502.115 0
11170.2 574.101 0
11168.8 646.142 0
11167.8 718.225 0
11166.8 790.326 0
11165.5 862.438 0
11164 934.553 0
11162.3 1006.66 0
11160.2 1078.77 0
11157.8 1150.87 0
11155.3 1222.97 0
11152.5 1295.08 0
11149.6 1367.2 0
11146.7 1439.35 0
11143.8 1511.53 0
11140.9 1583.75 0
11138.2 1656 0
11135.8 1728.3 0
11133.8 1800.62 0
11132.4 1872.96 0
11131.7 1945.32 0
11132.2 2017.67 7.96719
11133.6 2090.01 7.96719
11134.9 2162.27 36.4525
p
52
30
11400 0 0
11397.9 83.4667 0
11395.8 166.933 0
11393.2 250.38 0
11392.5 333.86 0
11393.9 417.321 0
11397.5 500.685 0
11403.2 583.936 0
11410.3 667.191 0
11418.4 750.404 0
11426.8 833.611 0
11434.8 916.856 0
11441.7 1000.18 0
11446.8 1083.58 0
11449.4 1167.06 0
11448.9 1250.53 0
11444.8 1333.89 0
11436.9 1416.99 0
11424.8 1499.68 0
11408.8 1581.8 0
11389 1663.23 0
11365.8 1743.94 0
11339.8 1823.97 0
11311.9 1903.47 0
11283.1 1982.68 0
11254.5 2061.95 0
11227.5 2141.63 0
11203.4 2222.09 0
11183.4 2303.5 -20.038
11167 2385.59 -20.038
11151.2 2467.87 -20.038
p
53
30
11600 0 0
11608.6 69.9785 0
11617.1 139.957 0
11625.1 210.017 0
11632.3 280.169 0
11639.2 350.358 0
11645.5 420.602 0
11651.3 490.897 0
11656.7 561.238 0
11661.7 631.62 0
11666.3 702.04 0
11670.5 772.495 0
11674.3 842.982 0
11677.9 913.499 0
11681.1 984.044 0
11684 1054.61 0
11686.7 1125.21 0
11689.1 1195.82 0
11691.2 1266.46 0
11693.1 1337.12 0
11694.7 1407.79 0
11696.1 1478.49 0
11697.3 1549.19 0
11698.2 1619.92 0
11699 1690.65 0
11699.5 1761.41 0
11699.8 1832.17 0
11699.9 1902.95 0
11699.8 1973.73 0
11699.5 2044.53 0
11699.2 2115.33 0
p
54
30
11800 0 0
11805.1 81.5395 0
11810.1 163.079 0
11818.3 244.352 0
11826.1 325.685 0
11834.2 407.027 0
11841.9 488.412 0
11848.9 569.862 0
11854.6 651.391 0
11858.8 732.996 0
11861.1 814.665 0
11861.4 896.373 0
11859.5 978.085 0
11855.2 1059.76 0
11849 1141.38 0
11840.9 1222.91 0
11831.2 1304.37 0
11820.2 1385.74 0
11808.3 1467.06 0
11795.9 1548.33 0
11783.3 1629.61 0
11771 1710.91 0
11759.4 1792.27 0
11748.8 1873.71 0
11739.5 1955.24 0
11731.7 2036.86 0
11724.7 2118.55 0
11719 2200.29 0
11715.5 2282.11 0
11714.1 2363.96 -0.727201
11713.7 2445.81 -0.727201
p
55
30
12000 0 0
11996.2 80.9803 0
11992.4 161.961 0
11987.9 242.916 0
11982.4 323.816 0
11976.6 404.692 0
11970.1 485.533 0
11963.2 566.342 0
11955.7 647.123 0
11947.9 727.88 0
11939.8 808.615 0
11931.3 889.333 0
11922.7 970.039 0
11913.8 1050.74 0
11904.7 1131.43 0
11895.4 1212.11 0
11885.9 1292.78 0
11876.3 1373.44 0
11866.5 1454.1 0
11856.6 1534.75 0
11846.5 1615.39 0
11836.3 1696.02 0
11826 1776.65 0
11815.5 1857.27 0
11804.9 1937.87 0
11794.2 2018.47 0
11783.3 2099.05 0
11772.3 2179.63 0
11761.2 2260.18 0
11749.9 2340.72 0.727201
11738.5 2421.24 0.727201
p
56
30
12200 0 0
12217.6 80.466 0
12235.2 160.932 0
12255.9 240.574 0
12280.8 319.07 0
12310.4 396.08 0
12340.9 472.867 0
12371.3 549.773 0
12399.5 627.448 0
12423.9 706.312 0
12443.6 786.453 0
12458.1 867.722 0
12467.1 949.771 0
12468.7 1032.57 0
12460.7 1115.12 0
12443.7 1196.43 0
12421.3 1276.55 0
12397.4 1356.27 0
12375.5 1436.52 0
12354 1516.75 0
12341.1 1598.55 0
12339.9 1681.15 0
12353.8 1762.41 0
12384.5 1839 0
12431 1907.43 0
12490.5 1965.57 0
12560.4 2011.78 0
12636.1 2048.87 0
12713.7 2083.09 0
12790.3 2120.65 0
12866.6 2158.93 0
p
57
30
12400 0 0
12390.5 70.2783 0
12381.1 140.557 0
12379.9 212.065 0
12384.4 283.673 0
12395 354.944 0
12407.7 425.993 0
12422.2 496.794 0
12437.3 567.438 0
12452.2 638.023 0
12466 708.657 0
12477.8 779.454 0
12487 850.415 0
12493.6 921.581 0
12499.2 992.94 0
12504.4 1064.83 0
12511.2 1137.87 0
12517.5 1211.6 0
12523.5 1285.74 0
12529.7 1359.85 0
12536.3 1433.48 0
12546.9 1506.08 0
12562.9 1577.21 0
12580.5 1647.9 0
12600.5 1718.08 0
12626.5 1786.73 0
12654.9 1855.1 0
12686.6 1922.56 0
12722.4 1988.1 0
12764.6 2049.26 0
12815.1 2103.24 0
p
58
30
12600 0 0
12607.1 77.9656 0
12614.2 155.931 0
12622.4 233.758 0
12634.2 311.202 0
12649.8 388.05 0
12667.4 464.52 0
12686.9 540.617 0
12707.2 616.568 0
12726.7 692.7 0
12743.8 769.374 0
12756.5 846.838 -6.57725
12762.2 925.082 -6.57725
12759 1003.51 -6.57725
12744.7 1080.85 0
12717.3 1154.84 0
12681.8 1225.35 0
12645.7 1295.48 0
12615.6 1368.07 0
12594.9 1443.47 0
12587.9 1521.07 0
12595.6 1598.36 0
12616.5 1673.32 0
12648.4 1744.73 0
12691 1810.89 0
12739.7 1872.98 0
12788.9 1934.6 0
12832.9 1999.64 0
12867.3 2069.71 -15.3518
12893.4 2143.19 -15.3518
12914.7 2218.56 -15.3518
p
59
30
12800 0 0
12793.1 69.6485 0
12786.2 139.297 0
12781.9 209.214 0
12778.8 279.208 0
12777.5 349.304 0
12777.2 419.455 0
12777.8 489.641 0
12779 559.843 0
12780.6 630.049 0
12782.2 700.253 0
12783.4 770.45 0
12784.2 840.643 4.93294
12784.6 910.844 4.93294
12784.8 981.052 4.93294
12785.4 1051.28 4.93294
12787.4 1121.56 0
12790.7 1191.84 0
12795.5 1262.1 0
12801.5 1332.3 0
12807.9 1402.48 0
12814.8 1472.65 0
12822.2 1542.79 0
12830 1612.88 0
12838.5 1682.9 0
12847.6 1752.83 0
12857.5 1822.64 0
12868.1 1892.32 0
12879.2 1961.89 0
12890.6 2031.39 15.3517
12901.9 2101 15.3517
p
60
30
13000 0 0
12997.2 81.7746 0
12994.5 163.549 0
12991.7 245.324 0
12988.9 327.098 0
12986.2 408.873 0
12983.4 490.647 0
12980.6 572.422 0
12977.9 654.196 0
12975.1 735.971 0
12972.4 817.746 0
12969.6 899.52 0
12966.8 981.295 0
12964.1 1063.07 0
12961.3 1144.84 0
12958.5 1226.62 0
12955.8 1308.39 0
12953 1390.17 0
12950.2 1471.94 0
12947.5 1553.72 0
12944.7 1635.49 0
12941.9 1717.27 0
12939.2 1799.04 0
12936.4 1880.81 0
12933.6 1962.59 0
12930.9 2044.36 -15.3518
12928.1 2126.14 10.2345
12925.4 2207.91 10.2345
12922.6 2289.69 10.2345
12919.8 2371.46 0
12917.1 2453.24 0
p
61
30
13200 0 0
13205.6 78.0772 0
13211.2 156.154 0
13216.3 234.263 0
13221 312.396 0
13224.9 390.567 0
13227.9 468.787 0
13229.2 547.054 0
13228.3 625.343 0
13223.9 703.545 0
13213.9 781.321 0
13196.1 857.883 0
13168.5 931.885 0
13134.7 1003.61 0
13100.1 1075.21 0
13068 1147.96 0
13041.8 1222.85 0
13025 1300.04 0
13019.9 1378.55 0
13027.9 1456.6 0
13049 1532.1 0
13082.1 1603.36 0
13124.9 1669.65 0
13174.2 1731.5 0
13227.1 1790.72 0
13280 1849.98 0
13329.2 1912.16 0
13371.1 1979.3 -16.9669
13402.7 2052.02 -16.9669
13421.2 2129.55 -16.9669
13435.9 2207.87 -16.9669
p
62
30
13400 0 0
13393.6 65.6667 0
13387.3 131.333 0
13381.4 197.057 0
13376 262.84 0
13371.3 328.689 0
13367.4 394.604 0
13364.3 460.583 0
13361.8 526.623 0
13360 592.732 0
13358.4 658.927 0
13358.5 725.366 0
13359.7 792.081 0
13364.7 859.166 0
13367.1 926.267 0
13368.7 993.567 0
13369.5 1060.96 0
13370.2 1128.34 0
13370.2 1195.63 0
13370.2 1262.83 0
13370.2 1329.97 0
13370.4 1397.13 0
13370.9 1464.38 0
13371.7 1531.78 0
13372.7 1599.34 0
13374.2 1667 0
13376.4 1734.67 0
13379.9 1802.2 0
13385.7 1869.41 0
13395.4 1935.98 11.3113
13409.9 2001.57 11.3113
p
63
30
13600 0 0
13596.6 79.3252 0
13593.3 158.65 0
13590.3 237.986 0
13588.3 317.353 0
13587.9 396.75 0
13589.9 476.142 0
13595.1 555.421 0
13604.8 634.36 0
13619.6 712.577 0
13639.9 789.672 0
13664.4 865.559 0
13690.9 940.684 0
13718.6 1015.43 0
13744.7 1090.74 0
13766.9 1167.11 0
13782.7 1244.83 0
13790.3 1323.6 0
13788.1 1402.6 0
13775.4 1480.67 0
13751.8 1556.39 0
13718.2 1628.7 0
13676.9 1697.32 0
13630.4 1763.03 0
13582.1 1827.56 0
13535.5 1893.21 0
13494.7 1962.15 0
13463.8 2035.61 11.3113
13444.2 2112.59 11.3113
13426.6 2190.28 11.3113
13409.4 2268.09 11.3113
p
64
30
13800 0 0
13802.2 77.7289 0
13804.3 155.458 0
13807 233.168 0
13809.6 310.882 0
13812.2 388.597 0
13814.8 466.316 0
13817.2 544.04 0
13819.3 621.773 0
13821.1 699.515 0
13822.4 777.266 0
13823.2 855.023 0
13823.6 932.784 0
13823.5 1010.55 0
13823 1088.31 0
13822 1166.06 0
13820.6 1243.82 0
13818.8 1321.57 0
13816.8 1399.33 0
13814.5 1477.09 0
13812.4 1554.83 0
13810.4 1632.58 0
13808.6 1710.34 0
13807.1 1788.09 0
13805.9 1865.85 0
13805.1 1943.62 0
13804.7 2021.38 0
13804.9 2099.14 0
13805.6 2176.9 0
13806.9 2254.65 0
13808.8 2332.39 0
p
65
30
14000 0 0
13994.2 77.8984 0
13988.3 155.797 0
13982.5 233.7 0
13976.8 311.606 0
13971.1 389.516 0
13965.5 467.431 0
13959.9 545.352 0
13954.5 623.28 0
13949.1 701.215 0
13943.9 779.157 0
13938.8 857.108 0
13933.7 935.063 0
13928.8 1013.02 0
13923.9 1090.99 0
13919 1168.96 0
13914.2 1246.93 0
13909.4 1324.9 0
13904.6 1402.86 0
13899.7 1480.83 0
13894.9 1558.8 0
13889.9 1636.76 0
13884.9 1714.72 0
13879.8 1792.67 0
13874.6 1870.61 0
13869.3 1948.55 0
13863.8 2026.48 0
13858.2 2104.39 0
13852.4 2182.3 0
13846.5 2260.19 0
13840.3 2338.06 0
p
66
30
14200 0 0
14194.7 75.6215 0
14189.5 151.243 0
14184.2 226.864 0
14179 302.486 0
14173.7 378.107 0
14168.5 453.729 0
14163.2 529.35 0
14158 604.972 0
14152.7 680.593 0
14147.5 756.215 0
14142.2 831.836 0
14137 907.458 0
14131.7 983.079 0
14126.5 1058.7 0
14121.2 1134.32 0
14116 1209.94 0
14110.7 1285.56 0
14105.5 1361.19 0
14100.2 1436.81 0
14095 1512.43 0
14089.7 1588.05 0
14084.5 1663.67 0
14079.2 1739.29 0
14074 1814.92 0
14068.7 1890.54 0
14063.5 1966.16 0
14058.2 2041.78 0
14053 2117.4 0
14047.7 2193.02 0
14042.5 2268.64 0
p
67
30
14400 0 0
14402.8 64.8098 0
14405.6 129.62 0
14408.5 194.429 0
14411.3 259.239 0
14414.1 324.049 0
14416.9 388.859 0
14419.8 453.669 0
14422.6 518.478 0
14425.4 583.288 0
14428.2 648.098 0
14431.1 712.908 0
14433.9 777.717 0
14436.7 842.527 0
14439.5 907.337 0
14442.4 972.147 0
14445.2 1036.96 0
14448 1101.77 0
14450.8 1166.58 0
14453.7 1231.39 0
14456.5 1296.2 0
14459.3 1361.01 0
14462.1 1425.82 0
14464.9 1490.63 0
14467.8 1555.43 0
14470.6 1620.24 0
14473.4 1685.05 0
14476.2 1749.86 0
14479.1 1814.67 0
14481.9 1879.48 0
14484.7 1944.29 0
p
68
30
14600 0 0
14597.5 66.4105 0
14595 132.821 0
14592.5 199.232 0
14589.9 265.642 0
14587.4 332.053 0
14584.9 398.463 0
14582.4 464.874 0
14579.9 531.284 0
14577.4 597.695 0
14574.8 664.105 0
14572.3 730.516 0
14569.8 796.926 0
14567.3 863.337 0
14564.8 929.747 0
14562.3 996.158 0
14559.8 1062.57 0
14557.2 1128.98 0
14554.7 1195.39 0
14552.2 1261.8 0
14549.7 1328.21 0
14547.2 1394.62 0
14544.7 1461.03 0
14542.1 1527.44 0
14539.6 1593.85 0
14537.1 1660.26 0
14534.6 1726.67 0
14532.1 1793.08 0
14529.6 1859.49 0
14527.1 1925.9 0
14524.5 1992.32 0
p
69
30
14800 0 0
14800.7 76.9556 0
14801.5 153.911 0
14802.2 230.867 0
14802.9 307.822 0
14803.7 384.778 0
14804.4 461.733 0
14805.1 538.689 0
14805.9 615.645 0
14806.6 692.6 0
14807.3 769.556 0
14808 846.511 0
14808.8 923.467 0
14809.5 1000.42 0
14810.2 1077.38 0
14811 1154.33 0
14811.7 1231.29 0
14812.4 1308.24 0
14813.2 1385.2 0
14813.9 1462.16 0
14814.6 1539.11 0
14815.4 1616.07 0
14816.1 1693.02 0
14816.8 1769.98 0
14817.6 1846.93 0
14818.3 1923.89 0
14819 2000.84 0
14819.7 2077.8 0
14820.5 2154.76 0
14821.2 2231.71 0
14821.9 2308.67 0
p
70
30
15000 0 0
15001.5 84.8951 0
15002.9 169.79 0
15004.4 254.685 0
15005.9 339.58 0
15007.4 424.475 0
15008.8 509.37 0
15010.3 594.265 0
15011.8 679.16 0
15013.3 764.055 0
15014.7 848.951 0
15016.2 933.846 0
15017.7 1018.74 0
15019.1 1103.64 0
15020.6 1188.53 0
15022.1 1273.43 0
15023.6 1358.32 0
15025 1443.22 0
15026.5 1528.11 0
15028 1613.01 0
15029.5 1697.9 0
15030.9 1782.8 0
15032.4 1867.69 0
15033.9 1952.59 0
15035.4 2037.48 0
15036.8 2122.38 0
15038.3 2207.27 0
15039.8 2292.17 0
15041.2 2377.06 0
15042.7 2461.96 0
15044.2 2546.85 0
p
71
30
15200 0 0
15206.6 82.5175 0
15213.1 165.035 0
15218.6 247.639 0
15222.4 330.341 0
15223.8 413.144 0
15222 495.982 0
15216.2 578.697 0
15209.3 661.395 0
15201.9 744.11 0
15195.4 826.935 0
15191 909.91 0
15189.7 992.971 0
15192 1075.98 0
15198.7 1158.72 0
15209.8 1240.97 0
15225.5 1322.46 0
15245.8 1402.95 0
15270.7 1482.15 0
15300.2 1559.87 0
15334 1635.94 0
15371.7 1710.26 0
15413.1 1782.8 0
15457.6 1853.62 0
15504.8 1922.85 0
15554.1 1990.73 0
15605.1 2057.53 0
15657.1 2123.59 0
15709.7 2189.31 0
15762.1 2255.09 -4.69828
15814.1 2321.22 -4.69828
p
72
30
15400 0 0
15395.1 82.3137 0
15390.2 164.627 0
15384.2 246.868 0
15376.7 328.995 0
15367.1 410.916 0
15354.7 492.496 0
15339 573.564 0
15321.9 654.365 0
15303.2 734.833 0
15284.5 815.242 0
15267.6 895.994 0
15254.7 977.407 0
15247.7 1059.5 0
15248.6 1141.9 0
15258.7 1223.8 0
15278.7 1304.07 0
15308.6 1381.58 0
15346.8 1455.74 0
15391.8 1526.44 0
15441.3 1594.37 0
15493 1660.85 0
15544.3 1727.6 0
15592.3 1796.36 0
15634.3 1868.52 0
15668.1 1944.31 -17.4866
15696.3 2022.2 -17.4866
15726.5 2099.51 -17.4866
15761.9 2175.05 0
15802 2248.46 4.69828
15843.5 2321.21 4.69828
p
73
30
15600 0 0
15608.7 65.2343 0
15617.4 130.469 0
15625.1 195.879 0
15631.7 261.448 0
15637 327.192 0
15640.6 393.127 0
15642 459.275 0
15643.6 525.396 0
15645 591.562 0
15646.8 657.794 0
15647.4 724.342 0
15647.4 791.135 0
15647.7 858.107 0
15648 925.29 0
15649.7 992.502 0
15651.7 1059.74 0
15653.9 1126.94 0
15656.1 1194.09 0
15658.3 1261.24 0
15660.4 1328.5 0
15662.6 1396 0
15664.8 1463.88 0
15666.4 1532.25 0
15669.5 1600.95 0
15673.8 1669.85 0
15679.3 1738.72 0
15686.1 1807.32 0
15692.9 1875.54 0
15697.5 1943.51 5.41506
15697.9 2011.14 5.41506
p
74
30
15800 0 0
15787.6 70.5214 0
15775.2 141.043 0
15763.2 211.636 0
15751.8 282.339 0
15741.5 353.209 0
15732.8 424.302 0
15726.2 495.648 0
15721.9 567.184 0
15721 638.885 0
15725.3 710.558 0
15736.4 781.674 0
15754.4 851.649 0
15778.9 919.996 0
15808.9 986.468 0
15841.3 1052.16 0
15873.8 1117.88 0
15903.8 1184.7 0
15928.6 1253.37 0
15945.8 1324.03 0
15953.5 1395.96 -12.461
15951.9 1467.96 -12.461
15940.6 1538.88 -12.461
15920 1607.59 -12.461
15890.9 1673.22 -12.461
15855.6 1735.87 0
15817.5 1797 0
15780.2 1858.74 0
15747.7 1923.38 0
15723 1991.6 20.8149
15701.7 2061.44 20.8149
p
75
30
16000 0 0
16002.3 67.8059 0
16004.5 135.612 0
16007 203.408 0
16009.7 271.192 0
16012.9 338.956 0
16016.7 406.691 0
16021.1 474.391 0
16025.2 542.116 0
16028.9 609.871 0
16031.9 677.671 0
16033.8 745.52 0
16034.4 813.406 0
16033.4 881.302 0
16031.1 949.178 0
16027.3 1017.01 0
16022.1 1084.76 0
16015.6 1152.41 0
16007.8 1219.94 0
15998.7 1287.34 0
15988.3 1354.57 10.3842
15976.8 1421.67 10.3842
15964.1 1488.6 10.3842
15950 1555.28 10.3842
15934.6 1621.7 10.3842
15918 1687.86 10.3842
15900.5 1753.77 0
15881.1 1819.19 0
15859.7 1884.03 0
15836.3 1948.28 0
15811.3 2011.95 0
p
76
30
16200 0 0
16192.9 72.0164 0
16185.8 144.033 0
16179.5 216.112 0
16174.1 288.273 0
16170.2 360.539 0
16168.5 432.903 0
16169.6 505.302 0
16171.8 577.72 0
16174.9 650.139 0
16178.2 722.569 0
16181.1 795.026 0
16183 867.511 0
16183.1 939.999 0
16181.3 1012.44 0
16177 1084.75 0
16170 1156.82 0
16160.1 1228.54 0
16147.1 1299.75 0
16131 1370.34 0
16111.8 1440.17 0
16089.5 1509.14 0
16064.4 1577.19 0
16036.6 1644.29 0
16006.6 1710.46 0
15974.5 1775.78 0
15940.9 1840.37 0
15906.1 1904.41 0
15870.7 1968.12 0
15834.9 2031.67 0
15798.8 2095.06 0
p
77
30
16400 0 0
16395.7 77.9461 0
16391.3 155.892 0
16387 233.838 0
16382.7 311.784 0
16378.3 389.73 0
16374 467.676 0
16369.7 545.622 0
16365.3 623.569 0
16361 701.515 0
16356.7 779.461 0
16352.3 857.407 0
16348 935.353 0
16343.7 1013.3 0
16339.3 1091.24 0
16335 1169.19 0
16330.7 1247.14 0
16326.3 1325.08 0
16322 1403.03 0
16317.7 1480.98 0
16313.3 1558.92 0
16309 1636.87 0
16304.7 1714.81 0
16300.3 1792.76 0
16296 1870.71 0
16291.7 1948.65 0
16287.3 2026.6 0
16283 2104.54 0
16278.7 2182.49 0
16274.3 2260.44 0
16270 2338.38 0
p
78
30
16600 0 0
16598.8 54.3536 0
16597.7 108.707 0
16596.5 163.061 0
16595.3 217.414 0
16594.2 271.768 0
16593 326.121 0
16591.8 380.475 0
16590.6 434.828 0
16589.5 489.182 0
16588.3 543.536 0
16587.1 597.889 0
16586 652.243 0
16584.8 706.596 0
16583.6 760.95 0
16582.5 815.303 0
16581.3 869.657 0
16580.1 924.01 0
16578.9 978.364 0
16577.8 1032.72 0
16576.6 1087.07 0
16575.4 1141.42 0
16574.3 1195.78 0
16573.1 1250.13 0
16571.9 1304.49 0
16570.8 1358.84 0
16569.6 1413.19 0
16568.4 1467.55 0
16567.2 1521.9 0
16566.1 1576.25 0
16564.9 1630.61 0
p
79
30
16800 0 0
16797.7 69.7699 0
16795.4 139.54 0
16793.2 209.31 0
16790.9 279.08 0
16788.6 348.85 0
16786.3 418.62 0
16784 488.39 0
16781.8 558.159 0
16779.5 627.929 0
16777.2 697.699 0
16774.9 767.469 0
16772.6 837.239 0
16770.4 907.009 0
16768.1 976.779 0
16765.8 1046.55 0
16763.5 1116.32 0
16761.2 1186.09 0
16759 1255.86 0
16756.7 1325.63 0
16754.4 1395.4 0
16752.1 1465.17 0
16749.8 1534.94 0
16747.6 1604.71 0
16745.3 1674.48 0
16743 1744.25 0
16740.7 1814.02 0
16738.4 1883.79 0
16736.2 1953.56 0
16733.9 2023.33 0
16731.6 2093.1 0
s	0
127 130 160 163 194 196 223 226 
127 128 129 130 160 161 162 163 194 195 196 223 224 225 226 
b
4 0
0.783099 0.394383 0.840188
128 0 0 2
129 0 0 2
161 0 0 1
162 0 0 2
195 0 0 2
224 0 0 3
225 0 0 2
g
0
1 2 0 0 1 2 0 2 5
t
2
0
2050.25 2040.54 100
2052.93 2039.82 -100
a
8
0
130 126 163 159 196 193 226 222 
1 223 1 128 0 161 0 162 0 127 0 2640 0.419206 2641 0.580794 
1 224 1 128 0 162 0 127 0 129 0 2640 0.419206 2641 0.580794 
1 225 1 128 0 129 0 2640 0.419206 2641 0.580794 
2 161 1 223 0 195 0 194 0 2640 0.567329 2641 0.432671 
2 162 1 223 0 224 0 195 0 2640 0.567329 2641 0.432671 
2 160 1 195 0 194 0 2640 0.567329 2641 0.432671 
2 128 1 223 0 224 0 225 0 2640 0.567329 2641 0.432671 
2 127 1 223 0 224 0 2640 0.567329 2641 0.432671 
2 129 1 224 0 225 0 2640 0.567329 2641 0.432671 
1 195 1 161 0 162 0 160 0 2640 0.419206 2641 0.580794 
1 194 1 161 0 160 0 2640 0.419206 2641 0.580794 
0 2640 5.5 223 0.419206 224 0.419206 225 0.419206 161 0.567329 162 0.567329 160 0.567329 128 0.567329 127 0.567329 129 0.567329 195 0.419206 194 0.419206 
0 2641 5.5 223 0.580794 224 0.580794 225 0.580794 161 0.432671 162 0.432671 160 0.432671 128 0.432671 127 0.432671 129 0.432671 195 0.580794 194 0.580794 
NanList HYP 0
d
39
0 0 -16.1588 0 0 -16.1588 0 0 -16.1588 0 0 13.4657 0 0 13.4657 0 0 13.4657 0 0 13.4657 0 0 13.4657 0 0 13.4657 0 0 -16.1588 0 0 -16.1588 -1.3445 0.358673 0 1.34433 -0.35878 0 
s	1
291 293 326 328 
291 292 293 326 327 328 
b
2 0
0.197551 0.911647 0.79844
292 0 0 1
327 0 0 1
g
0
1 2 0 0 1 2 0 2 5
t
2
2
2840.65 1988.12 100
2839.62 1989.67 -100
a
4
8
293 290 328 325 
1 291 1 327 0 326 0 2640 0.476214 2641 0.523786 
1 292 1 327 0 2640 0.476214 2641 0.523786 
2 327 1 291 0 292 0 2640 0.523786 2641 0.476214 
2 326 1 291 0 2640 0.523786 2641 0.476214 
0 2640 2 291 0.476214 292 0.476214 327 0.523786 326 0.523786 
0 2641 2 291 0.523786 292 0.523786 327 0.476214 326 0.476214 
NanList HYP 0
d
18
0 0 -4.75725 0 0 -4.75725 0 0 4.75725 0 0 4.75725 0.514665 -0.775036 0 -0.514567 0.775114 0 
s	2
524 526 557 559 
524 525 526 557 558 559 
b
2 0
0.277775 0.76823 0.335223
525 0 0 1
558 0 0 1
g
0
1 2 0 0 1 2 0 2 5
t
2
4
4148.65 2096.72 100
4146.97 2097.26 -100
a
4
12
526 523 559 556 
1 524 1 558 0 557 0 2640 0.470067 2641 0.529933 
1 525 1 558 0 2640 0.470067 2641 0.529933 
2 558 1 524 0 525 0 2640 0.529933 2641 0.470067 
2 557 1 524 0 2640 0.529933 2641 0.470067 
0 2640 2 524 0.470067 525 0.470067 558 0.529933 557 0.529933 
0 2641 2 524 0.529933 525 0.529933 558 0.470067 557 0.470067 
NanList HYP 0
d
18
0 0 -5.98668 0 0 -5.98668 0 0 5.98668 0 0 5.98668 0.838466 -0.272983 0 -0.838701 0.273002 0 
s	3
788 790 821 823 
788 789 790 821 822 823 
b
2 0
0.628871 0.477397 0.55397
789 0 0 1
822 0 0 1
g
0
1 2 0 0 1 2 0 2 5
t
2
6
5753.94 2216.63 100
5753.56 2216.53 -100
a
4
16
790 787 823 820 
1 789 1 821 0 822 0 2640 0.494215 2641 0.505785 
1 788 1 821 0 2640 0.494215 2641 0.505785 
2 821 1 789 0 788 0 2640 0.505785 2641 0.494215 
2 822 1 789 0 2640 0.505785 2641 0.494215 
0 2640 2 789 0.494215 788 0.494215 821 0.505785 822 0.505785 
0 2641 2 789 0.505785 788 0.505785 821 0.494215 822 0.494215 
NanList HYP 0
d
18
0 0 -1.15702 0 0 -1.15702 0 0 1.15702 0 0 1.15702 0.191631 0.0509762 0 -0.191748 -0.0510153 0 
s	4
1084 1087 1118 1120 1137 1153 1167 1182 
1084 1085 1086 1087 1118 1119 1120 1137 1138 1139 1140 1141 1142 1143 1144 1145 1146 1147 1148 1149 1150 1151 1152 1153 1167 1168 1169 1170 1171 1172 1173 1174 1175 1176 1177 1178 1179 1180 1181 1182 
b
4 0
0.95223 0.513401 0.364784
1085 0 0 1
1086 0 0 3
1119 0 0 3
1138 0 0 2
1139 0 0 2
1140 0 0 2
1141 0 0 3
1142 0 0 3
1143 0 0 2
1144 0 0 2
1145 0 0 2
1146 0 0 2
1147 0 0 2
1148 0 0 3
1149 0 0 2
1150 0 0 2
1151 0 0 3
1152 0 0 5
1168 0 0 1
1169 0 0 2
1170 0 0 3
1171 0 0 3
1172 0 0 3
1173 0 0 3
1174 0 0 2
1175 0 0 2
1176 0 0 3
1177 0 0 3
1178 0 0 3
1179 0 0 2
1180 0 0 4
1181 0 0 2
g
0
1 2 0 0 1 2 0 2 5
t
2
8
8012.43 1609.51 100
8012.01 1569.88 -100
a
8
20
1087 1083 1120 1117 1153 1136 1182 1166 
1 1151 1 1085 0 1119 0 1179 0 1180 0 1086 0 1118 0 1084 0 2640 0.421655 2641 0.578345 
1 1152 1 1085 0 1119 0 1180 0 1086 0 1181 0 2640 0.421655 2641 0.578345 
1 1150 1 1119 0 1179 0 1118 0 1178 0 2640 0.421655 2641 0.578345 
1 1140 1 1169 0 1170 0 1171 0 2640 0.421655 2641 0.578345 
1 1141 1 1170 0 1171 0 1172 0 2640 0.421655 2641 0.578345 
1 1142 1 1171 0 1172 0 1173 0 2640 0.421655 2641 0.578345 
1 1147 1 1175 0 1176 0 1177 0 2640 0.421655 2641 0.578345 
1 1148 1 1176 0 1177 0 1178 0 2640 0.421655 2641 0.578345 
1 1137 1 1168 0 1167 0 2640 0.421655 2641 0.578345 
1 1138 1 1169 0 1168 0 2640 0.421655 2641 0.578345 
1 1139 1 1169 0 1170 0 2640 0.421655 2641 0.578345 
1 1143 1 1172 0 1173 0 2640 0.421655 2641 0.578345 
1 1144 1 1173 0 1174 0 2640 0.421655 2641 0.578345 
1 1145 1 1175 0 1174 0 2640 0.421655 2641 0.578345 
1 1146 1 1175 0 1176 0 2640 0.421655 2641 0.578345 
1 1149 1 1177 0 1178 0 2640 0.421655 2641 0.578345 
2 1179 1 1151 0 1085 0 1119 0 1150 0 1118 0 2640 0.530204 2641 0.469796 
2 1180 1 1151 0 1085 0 1119 0 1152 0 1086 0 2640 0.530204 2641 0.469796 
2 1169 1 1140 0 1138 0 1139 0 2640 0.530204 2641 0.469796 
2 1170 1 1140 0 1141 0 1139 0 2640 0.530204 2641 0.469796 
2 1171 1 1140 0 1141 0 1142 0 2640 0.530204 2641 0.469796 
2 1172 1 1141 0 1142 0 1143 0 2640 0.530204 2641 0.469796 
2 1173 1 1142 0 1143 0 1144 0 2640 0.530204 2641 0.469796 
2 1175 1 1147 0 1145 0 1146 0 2640 0.530204 2641 0.469796 
2 1176 1 1147 0 1148 0 1146 0 2640 0.530204 2641 0.469796 
2 1177 1 1147 0 1148 0 1149 0 2640 0.530204 2641 0.469796 
2 1178 1 1150 0 1148 0 1149 0 2640 0.530204 2641 0.469796 
2 1181 1 1085 0 1152 0 1086 0 2640 0.530204 2641 0.469796 
2 1168 1 1137 0 1138 0 2640 0.530204 2641 0.469796 
2 1174 1 1144 0 1145 0 2640 0.530204 2641 0.469796 
2 1167 1 1137 0 2640 0.530204 2641 0.469796 
3 1085 1 1151 0 1152 0 1179 0 1180 0 1181 0 2640 0.660089 2641 0.339911 
3 1086 1 1151 0 1152 0 1180 0 1181 0 2640 0.660089 2641 0.339911 
3 1084 1 1151 0 2640 0.660089 2641 0.339911 
3 1119 1 1151 0 1152 0 1179 0 1180 0 1150 0 2640 0.660089 2641 0.339911 
3 1118 1 1151 0 1179 0 1150 0 2640 0.660089 2641 0.339911 
0 2640 18 1151 0.421655 1152 0.421655 1150 0.421655 1140 0.421655 1141 0.421655 1142 0.421655 1147 0.421655 1148 0.421655 1137 0.421655 1138 0.421655 1139 0.421655 1143 0.421655 1144 0.421655 1145 0.421655 1146 0.421655 1149 0.421655 1179 0.530204 1180 0.530204 1169 0.530204 1170 0.530204 1171 0.530204 1172 0.530204 1173 0.530204 1175 0.530204 1176 0.530204 1177 0.530204 1178 0.530204 1181 0.530204 1168 0.530204 1174 0.530204 1167 0.530204 1085 0.660089 1086 0.660089 1084 0.660089 1119 0.660089 1118 0.660089 
0 2641 18 1151 0.578345 1152 0.578345 1150 0.578345 1140 0.578345 1141 0.578345 1142 0.578345 1147 0.578345 1148 0.578345 1137 0.578345 1138 0.578345 1139 0.578345 1143 0.578345 1144 0.578345 1145 0.578345 1146 0.578345 1149 0.578345 1179 0.469796 1180 0.469796 1169 0.469796 1170 0.469796 1171 0.469796 1172 0.469796 1173 0.469796 1175 0.469796 1176 0.469796 1177 0.469796 1178 0.469796 1181 0.469796 1168 0.469796 1174 0.469796 1167 0.469796 1085 0.339911 1086 0.339911 1084 0.339911 1119 0.339911 1118 0.339911 
NanList HYP 0
d
114
0 0 -15.6689 0 0 -15.6689 0 0 -15.6689 0 0 -15.6689 0 0 -15.6689 0 0 -15.6689 0 0 -15.6689 0 0 -15.6689 0 0 -15.6689 0 0 -15.6689 0 0 -15.6689 0 0 -15.6689 0 0 -15.6689 0 0 -15.6689 0 0 -15.6689 0 0 -15.6689 0 0 6.04089 0 0 6.04089 0 0 6.04089 0 0 6.04089 0 0 6.04089 0 0 6.04089 0 0 6.04089 0 0 6.04089 0 0 6.04089 0 0 6.04089 0 0 6.04089 0 0 6.04089 0 0 6.04089 0 0 6.04089 0 0 6.04089 0 0 32.0178 0 0 32.0178 0 0 32.0178 0 0 32.0178 0 0 32.0178 0.20735 19.8181 0 -0.207763 -19.818 0 
s	5
1316 1318 1348 1351 1381 1384 
1316 1317 1318 1348 1349 1350 1351 1381 1382 1383 1384 
b
3 0
0.717297 0.635712 0.916195
1317 0 0 1
1349 0 0 2
1350 0 0 2
1382 0 0 1
1383 0 0 2
g
0
1 2 0 0 1 2 0 2 5
t
2
10
9168.5 2265.03 100
9167.8 2264.27 -100
a
6
28
1318 1315 1351 1347 1384 1380 
1 1349 1 1316 0 1382 0 1383 0 2640 0.426578 2641 0.573422 
1 1350 1 1316 0 1383 0 1317 0 2640 0.426578 2641 0.573422 
1 1348 1 1382 0 1381 0 2640 0.426578 2641 0.573422 
2 1382 1 1349 0 1348 0 2640 0.544053 2641 0.455947 
2 1383 1 1349 0 1350 0 2640 0.544053 2641 0.455947 
2 1381 1 1348 0 2640 0.544053 2641 0.455947 
2 1316 1 1349 0 1350 0 2640 0.544053 2641 0.455947 
2 1317 1 1350 0 2640 0.544053 2641 0.455947 
0 2640 4 1349 0.426578 1350 0.426578 1348 0.426578 1382 0.544053 1383 0.544053 1381 0.544053 1316 0.544053 1317 0.544053 
0 2641 4 1349 0.573422 1350 0.573422 1348 0.573422 1382 0.455947 1383 0.455947 1381 0.455947 1316 0.455947 1317 0.455947 
NanList HYP 0
d
30
0 0 -14.6844 0 0 -14.6844 0 0 -14.6844 0 0 8.81062 0 0 8.81062 0 0 8.81062 0 0 8.81062 0 0 8.81062 0.345867 0.376017 0 -0.346648 -0.375822 0 
s	6
1368 1377 1400 1408 
1368 1369 1370 1371 1372 1373 1374 1375 1376 1377 1400 1401 1402 1403 1404 1405 1406 1407 1408 
b
2 0
0.0163006 0.606969 0.141603
1369 0 0 2
1370 0 0 3
1371 0 0 3
1372 0 0 3
1373 0 0 2
1374 0 0 2
1375 0 0 2
1376 0 0 1
1401 0 0 2
1402 0 0 3
1403 0 0 3
1404 0 0 3
1405 0 0 3
1406 0 0 2
1407 0 0 2
g
0
1 2 0 0 1 2 0 2 5
t
2
12
9129.04 1443.07 100
9127.76 1445.5 -100
a
4
34
1377 1367 1408 1399 
1 1369 1 1401 0 1402 0 1400 0 2640 0.439048 2641 0.560952 
1 1370 1 1401 0 1402 0 1403 0 2640 0.439048 2641 0.560952 
1 1371 1 1402 0 1403 0 1404 0 2640 0.439048 2641 0.560952 
1 1372 1 1403 0 1404 0 1405 0 2640 0.439048 2641 0.560952 
1 1373 1 1404 0 1405 0 1406 0 2640 0.439048 2641 0.560952 
1 1374 1 1405 0 1406 0 2640 0.439048 2641 0.560952 
1 1375 1 1406 0 1407 0 2640 0.439048 2641 0.560952 
1 1368 1 1401 0 2640 0.439048 2641 0.560952 
1 1376 1 1407 0 2640 0.439048 2641 0.560952 
2 1401 1 1369 0 1370 0 1368 0 2640 0.568571 2641 0.431429 
2 1402 1 1369 0 1370 0 1371 0 2640 0.568571 2641 0.431429 
2 1403 1 1370 0 1371 0 1372 0 2640 0.568571 2641 0.431429 
2 1404 1 1371 0 1372 0 1373 0 2640 0.568571 2641 0.431429 
2 1405 1 1372 0 1373 0 1374 0 2640 0.568571 2641 0.431429 
2 1406 1 1373 0 1374 0 1375 0 2640 0.568571 2641 0.431429 
2 1407 1 1375 0 1376 0 2640 0.568571 2641 0.431429 
2 1400 1 1369 0 2640 0.568571 2641 0.431429 
0 2640 8.5 1369 0.439048 1370 0.439048 1371 0.439048 1372 0.439048 1373 0.439048 1374 0.439048 1375 0.439048 1368 0.439048 1376 0.439048 1401 0.568571 1402 0.568571 1403 0.568571 1404 0.568571 1405 0.568571 1406 0.568571 1407 0.568571 1400 0.568571 
0 2641 8.5 1369 0.560952 1370 0.560952 1371 0.560952 1372 0.560952 1373 0.560952 1374 0.560952 1375 0.560952 1368 0.560952 1376 0.560952 1401 0.431429 1402 0.431429 1403 0.431429 1404 0.431429 1405 0.431429 1406 0.431429 1407 0.431429 1400 0.431429 
NanList HYP 0
d
57
0 0 -12.1904 0 0 -12.1904 0 0 -12.1904 0 0 -12.1904 0 0 -12.1904 0 0 -12.1904 0 0 -12.1904 0 0 -12.1904 0 0 -12.1904 0 0 13.7143 0 0 13.7143 0 0 13.7143 0 0 13.7143 0 0 13.7143 0 0 13.7143 0 0 13.7143 0 0 13.7143 0.640872 -1.21494 0 -0.6409 1.21486 0 
s	7
1413 1416 1448 1450 1480 1483 
1413 1414 1415 1416 1448 1449 1450 1480 1481 1482 1483 
b
3 0
0.804177 0.137232 0.242887
1414 0 0 1
1415 0 0 1
1449 0 0 2
1481 0 0 1
1482 0 0 3
g
0
1 2 0 0 1 2 0 2 5
t
2
14
9506.85 2139.87 100
9509.8 2136.94 -100
a
6
38
1416 1412 1450 1447 1483 1479 
1 1481 1 1449 0 1413 0 1414 0 1448 0 2640 0.437622 2641 0.562378 
1 1482 1 1449 0 1413 0 1414 0 1415 0 2640 0.437622 2641 0.562378 
1 1480 1 1449 0 1448 0 2640 0.437622 2641 0.562378 
2 1413 1 1481 0 1482 0 2640 0.537427 2641 0.462573 
2 1414 1 1481 0 1482 0 2640 0.537427 2641 0.462573 
2 1415 1 1482 0 2640 0.537427 2641 0.462573 
2 1449 1 1481 0 1482 0 1480 0 2640 0.537427 2641 0.462573 
2 1448 1 1481 0 1480 0 2640 0.537427 2641 0.462573 
0 2640 4 1481 0.437622 1482 0.437622 1480 0.437622 1413 0.537427 1414 0.537427 1415 0.537427 1449 0.537427 1448 0.537427 
0 2641 4 1481 0.562378 1482 0.562378 1480 0.562378 1413 0.462573 1414 0.462573 1415 0.462573 1449 0.462573 1448 0.462573 
NanList HYP 0
d
30
0 0 -12.4757 0 0 -12.4757 0 0 -12.4757 0 0 7.48539 0 0 7.48539 0 0 7.48539 0 0 7.48539 0 0 7.48539 -1.47744 1.46224 0 1.47705 -1.4623 0 
s	8
1603 1612 1631 1638 
1603 1604 1605 1606 1607 1608 1609 1610 1611 1612 1631 1632 1633 1634 1635 1636 1637 1638 
b
2 0
0.12979 0.400944 0.156679
1604 0 0 2
1605 0 0 2
1606 0 0 2
1607 0 0 2
1608 0 0 3
1609 0 0 2
1610 0 0 2
1611 0 0 1
1632 0 0 2
1633 0 0 3
1634 0 0 3
1635 0 0 3
1636 0 0 3
1637 0 0 2
g
0
1 2 0 0 1 2 0 2 5
t
2
16
10612.3 1540.54 100
10610.7 1543.2 -100
a
4
44
1612 1602 1638 1630 
1 1604 1 1633 0 1632 0 1631 0 2640 0.442303 2641 0.557697 
1 1607 1 1633 0 1634 0 1635 0 2640 0.442303 2641 0.557697 
1 1608 1 1634 0 1635 0 1636 0 2640 0.442303 2641 0.557697 
1 1605 1 1633 0 1632 0 2640 0.442303 2641 0.557697 
1 1606 1 1633 0 1634 0 2640 0.442303 2641 0.557697 
1 1609 1 1635 0 1636 0 2640 0.442303 2641 0.557697 
1 1610 1 1636 0 1637 0 2640 0.442303 2641 0.557697 
1 1603 1 1632 0 2640 0.442303 2641 0.557697 
1 1611 1 1637 0 2640 0.442303 2641 0.557697 
2 1633 1 1604 0 1607 0 1605 0 1606 0 2640 0.574182 2641 0.425818 
2 1632 1 1604 0 1605 0 1603 0 2640 0.574182 2641 0.425818 
2 1634 1 1607 0 1608 0 1606 0 2640 0.574182 2641 0.425818 
2 1635 1 1607 0 1608 0 1609 0 2640 0.574182 2641 0.425818 
2 1636 1 1608 0 1609 0 1610 0 2640 0.574182 2641 0.425818 
2 1637 1 1610 0 1611 0 2640 0.574182 2641 0.425818 
2 1631 1 1604 0 2640 0.574182 2641 0.425818 
0 2640 8 1604 0.442303 1607 0.442303 1608 0.442303 1605 0.442303 1606 0.442303 1609 0.442303 1610 0.442303 1603 0.442303 1611 0.442303 1633 0.574182 1632 0.574182 1634 0.574182 1635 0.574182 1636 0.574182 1637 0.574182 1631 0.574182 
0 2641 8 1604 0.557697 1607 0.557697 1608 0.557697 1605 0.557697 1606 0.557697 1609 0.557697 1610 0.557697 1603 0.557697 1611 0.557697 1633 0.425818 1632 0.425818 1634 0.425818 1635 0.425818 1636 0.425818 1637 0.425818 1631 0.425818 
NanList HYP 0
d
54
0 0 -11.5394 0 0 -11.5394 0 0 -11.5394 0 0 -11.5394 0 0 -11.5394 0 0 -11.5394 0 0 -11.5394 0 0 -11.5394 0 0 -11.5394 0 0 14.8364 0 0 14.8364 0 0 14.8364 0 0 14.8364 0 0 14.8364 0 0 14.8364 0 0 14.8364 0.835453 -1.32626 0 -0.834672 1.3263 0 
s	9
1644 1645 1646 1647 1676 1677 1678 1679 1680 1681 1711 1712 1713 1714 1744 1745 1746 1747 
1644 1645 1646 1647 1676 1677 1678 1679 1680 1681 1711 1712 1713 1714 1744 1745 1746 1747 
b
3 0
0.218257 0.998924 0.108809
1645 0 0 2
1646 0 0 2
1679 0 0 1
1680 0 0 2
1745 0 0 4
1746 0 0 3
b
2 0
0.61264 0.839112 0.512932
1677 0 0 2
1678 0 0 1
1712 0 0 1
1713 0 0 2
g
0
1 2 0 0 1 2 0 2 5
t
2
18
11146.8 2268.04 100
11147.1 2273.63 -100
a
8
48
1647 1643 1681 1675 1714 1710 1747 1743 
1 1745 1 1645 0 1680 0 1646 0 1679 0 1644 0 2640 0.39981 2641 0.60019 
1 1744 1 1645 0 1680 0 1678 0 1679 0 2640 0.39981 2641 0.60019 
1 1746 1 1645 0 1680 0 1646 0 2640 0.39981 2641 0.60019 
2 1680 1 1745 0 1744 0 1746 0 2640 0.539836 2641 0.460164 
1 1676 1 1712 0 1711 0 2640 0.39981 2641 0.60019 
1 1677 1 1712 0 1713 0 2640 0.39981 2641 0.60019 
2 1678 1 1744 0 1713 0 2640 0.539836 2641 0.460164 
2 1679 1 1745 0 1744 0 2640 0.539836 2641 0.460164 
2 1645 1 1745 0 1744 0 1746 0 2640 0.539836 2641 0.460164 
2 1646 1 1745 0 1746 0 2640 0.539836 2641 0.460164 
2 1644 1 1745 0 2640 0.539836 2641 0.460164 
2 1712 1 1676 0 1677 0 2640 0.539836 2641 0.460164 
3 1713 1 1677 0 1678 0 2640 0.682263 2641 0.317737 
2 1711 1 1676 0 2640 0.539836 2641 0.460164 
0 2640 7 1745 0.39981 1744 0.39981 1746 0.39981 1680 0.539836 1676 0.39981 1677 0.39981 1678 0.539836 1679 0.539836 1645 0.539836 1646 0.539836 1644 0.539836 1712 0.539836 1713 0.682263 1711 0.539836 
0 2641 7 1745 0.60019 1744 0.60019 1746 0.60019 1680 0.460164 1676 0.60019 1677 0.60019 1678 0.460164 1679 0.460164 1645 0.460164 1646 0.460164 1644 0.460164 1712 0.460164 1713 0.317737 1711 0.460164 
NanList HYP 0
d
48
0 0 -20.038 0 0 -20.038 0 0 -20.038 0 0 7.96719 0 0 -20.038 0 0 -20.038 0 0 7.96719 0 0 7.96719 0 0 7.96719 0 0 7.96719 0 0 7.96719 0 0 7.96719 0 0 36.4525 0 0 7.96719 -0.158884 -2.79239 0 0.157991 2.79236 0 
s	10
1811 1813 1844 1846 
1811 1812 1813 1844 1845 1846 
b
2 0
0.524287 0.637552 0.296032
1812 0 0 1
1845 0 0 1
g
0
1 2 0 0 1 2 0 2 5
t
2
20
11729.2 2392.85 100
11728.9 2393.02 -100
a
4
56
1813 1810 1846 1843 
1 1811 1 1845 0 1844 0 2640 0.496364 2641 0.503636 
1 1812 1 1845 0 2640 0.496364 2641 0.503636 
2 1845 1 1811 0 1812 0 2640 0.503636 2641 0.496364 
2 1844 1 1811 0 2640 0.503636 2641 0.496364 
0 2640 2 1811 0.496364 1812 0.496364 1845 0.503636 1844 0.503636 
0 2641 2 1811 0.503636 1812 0.503636 1845 0.496364 1844 0.496364 
NanList HYP 0
d
18
0 0 -0.727201 0 0 -0.727201 0 0 0.727201 0 0 0.727201 0.110366 -0.0870358 0 -0.109976 0.0868015 0 
s	11
1925 1928 1959 1963 
1925 1926 1927 1928 1959 1960 1961 1962 1963 
b
2 0
0.292517 0.972775 0.493583
1926 0 0 2
1927 0 0 2
1960 0 0 1
1961 0 0 2
1962 0 0 1
g
0
1 2 0 0 1 2 0 2 5
t
2
22
12774.5 937.622 100
12773.1 936.449 -100
a
4
60
1928 1924 1963 1958 
1 1925 1 1960 0 1959 0 2640 0.467114 2641 0.532886 
1 1926 1 1960 0 1961 0 2640 0.467114 2641 0.532886 
1 1927 1 1961 0 1962 0 2640 0.467114 2641 0.532886 
2 1960 1 1925 0 1926 0 2640 0.524665 2641 0.475335 
2 1961 1 1926 0 1927 0 2640 0.524665 2641 0.475335 
2 1959 1 1925 0 2640 0.524665 2641 0.475335 
2 1962 1 1927 0 2640 0.524665 2641 0.475335 
0 2640 3.5 1925 0.467114 1926 0.467114 1927 0.467114 1960 0.524665 1961 0.524665 1959 0.524665 1962 0.524665 
0 2641 3.5 1925 0.532886 1926 0.532886 1927 0.532886 1960 0.475335 1961 0.475335 1959 0.475335 1962 0.475335 
NanList HYP 0
d
27
0 0 -6.57725 0 0 -6.57725 0 0 -6.57725 0 0 4.93294 0 0 4.93294 0 0 4.93294 0 0 4.93294 0.719102 0.586625 0 -0.719437 -0.586649 0 
s	12
1942 1943 1944 1945 1976 1977 1978 2005 2006 2007 2008 2009 
1942 1943 1944 1945 1976 1977 1978 2005 2006 2007 2008 2009 
b
3 0
0.769914 0.526745 0.771358
1943 0 0 1
1977 0 0 2
2006 0 0 1
b
2 0
0.283315 0.891529 0.400229
1944 0 0 2
2007 0 0 1
2008 0 0 1
g
0
1 2 0 0 1 2 0 2 5
t
2
24
12909 2138.12 100
12907.7 2135.65 -100
a
6
64
1945 1941 1978 1975 2009 2004 
1 1943 1 1977 0 2006 0 2007 0 2640 0.423241 2641 0.576759 
1 1942 1 1977 0 1976 0 2640 0.423241 2641 0.576759 
1 1944 1 2007 0 2008 0 2640 0.423241 2641 0.576759 
1 2005 1 1977 0 1976 0 2640 0.423241 2641 0.576759 
2 2006 1 1977 0 1943 0 2640 0.551173 2641 0.448827 
2 2007 1 1943 0 1944 0 2640 0.551173 2641 0.448827 
2 2008 1 1944 0 2640 0.551173 2641 0.448827 
3 1977 1 1943 0 1942 0 2005 0 2006 0 2640 0.576758 2641 0.423242 
3 1976 1 1942 0 2005 0 2640 0.576758 2641 0.423242 
0 2640 4.5 1943 0.423241 1942 0.423241 1944 0.423241 2005 0.423241 2006 0.551173 2007 0.551173 2008 0.551173 1977 0.576758 1976 0.576758 
0 2641 4.5 1943 0.576759 1942 0.576759 1944 0.576759 2005 0.576759 2006 0.448827 2007 0.448827 2008 0.448827 1977 0.423242 1976 0.423242 
NanList HYP 0
d
33
0 0 -15.3518 0 0 -15.3518 0 0 -15.3518 0 0 -15.3518 0 0 10.2345 0 0 10.2345 0 0 10.2345 0 0 15.3517 0 0 15.3517 0.629952 1.23496 0 -0.630039 -1.2349 0 
s	13
2040 2041 2042 2043 2044 2075 2076 2077 2106 2107 2108 2109 2110 
2040 2041 2042 2043 2044 2075 2076 2077 2106 2107 2108 2109 2110 
b
2 0
0.919026 0.807725 0.352458
2041 0 0 1
2076 0 0 1
b
2 0
0.525995 0.949327 0.0697553
2042 0 0 2
2043 0 0 2
2107 0 0 1
2108 0 0 2
2109 0 0 1
g
0
1 2 0 0 1 2 0 2 5
t
2
26
13419.2 2091.18 100
13416.9 2091.39 -100
a
6
70
2044 2039 2077 2074 2110 2105 
1 2041 1 2107 0 2076 0 2106 0 2640 0.415165 2641 0.584835 
1 2043 1 2107 0 2108 0 2109 0 2640 0.415165 2641 0.584835 
1 2040 1 2076 0 2075 0 2640 0.415165 2641 0.584835 
1 2042 1 2107 0 2108 0 2640 0.415165 2641 0.584835 
2 2107 1 2041 0 2043 0 2042 0 2640 0.556556 2641 0.443444 
2 2108 1 2043 0 2042 0 2640 0.556556 2641 0.443444 
2 2106 1 2041 0 2640 0.556556 2641 0.443444 
2 2109 1 2043 0 2640 0.556556 2641 0.443444 
2 2076 1 2041 0 2040 0 2640 0.556556 2641 0.443444 
2 2075 1 2040 0 2640 0.556556 2641 0.443444 
0 2640 5 2041 0.415165 2043 0.415165 2040 0.415165 2042 0.415165 2107 0.556556 2108 0.556556 2106 0.556556 2109 0.556556 2076 0.556556 2075 0.556556 
0 2641 5 2041 0.584835 2043 0.584835 2040 0.584835 2042 0.584835 2107 0.443444 2108 0.443444 2106 0.443444 2109 0.443444 2076 0.443444 2075 0.443444 
NanList HYP 0
d
36
0 0 -16.9669 0 0 -16.9669 0 0 -16.9669 0 0 -16.9669 0 0 11.3113 0 0 11.3113 0 0 11.3113 0 0 11.3113 0 0 11.3113 0 0 11.3113 1.16497 -0.101577 0 -1.16403 0.1018 0 
s	14
2372 2374 2405 2407 
2372 2373 2374 2405 2406 2407 
b
2 0
0.663227 0.192214 0.0860558
2373 0 0 1
2406 0 0 1
g
0
1 2 0 0 1 2 0 2 5
t
2
28
15806.2 2286.42 100
15804.6 2286.57 -100
a
4
76
2374 2371 2407 2404 
1 2373 1 2405 0 2406 0 2640 0.476509 2641 0.523491 
1 2372 1 2405 0 2640 0.476509 2641 0.523491 
2 2405 1 2373 0 2372 0 2640 0.523491 2641 0.476509 
2 2406 1 2373 0 2640 0.523491 2641 0.476509 
0 2640 2 2373 0.476509 2372 0.476509 2405 0.523491 2406 0.523491 
0 2641 2 2373 0.523491 2372 0.523491 2405 0.476509 2406 0.476509 
NanList HYP 0
d
18
0 0 -4.69828 0 0 -4.69828 0 0 4.69828 0 0 4.69828 0.814172 -0.0781086 0 -0.813781 0.0778742 0 
s	15
2401 2404 2438 2440 2471 2473 
2401 2402 2403 2404 2438 2439 2440 2471 2472 2473 
b
3 0
0.0641713 0.348893 0.890233
2402 0 0 2
2403 0 0 2
2439 0 0 3
2472 0 0 3
g
0
1 2 0 0 1 2 0 2 5
t
2
30
15702.5 2010.11 100
15700.6 2010.95 -100
a
6
80
2404 2400 2440 2437 2473 2470 
1 2402 1 2439 0 2471 0 2438 0 2472 0 2640 0.412567 2641 0.587433 
1 2401 1 2439 0 2471 0 2438 0 2640 0.412567 2641 0.587433 
1 2403 1 2439 0 2471 0 2472 0 2640 0.412567 2641 0.587433 
2 2439 1 2471 0 2402 0 2401 0 2403 0 2472 0 2640 0.527075 2641 0.472925 
2 2438 1 2471 0 2402 0 2401 0 2640 0.527075 2641 0.472925 
3 2471 1 2439 0 2402 0 2401 0 2403 0 2438 0 2640 0.604074 2641 0.395926 
3 2472 1 2439 0 2402 0 2403 0 2640 0.604074 2641 0.395926 
0 2640 3.5 2402 0.412567 2401 0.412567 2403 0.412567 2439 0.527075 2438 0.527075 2471 0.604074 2472 0.604074 
0 2641 3.5 2402 0.587433 2401 0.587433 2403 0.587433 2439 0.472925 2438 0.472925 2471 0.395926 2472 0.395926 
NanList HYP 0
d
27
0 0 -17.4866 0 0 -17.4866 0 0 -17.4866 0 0 5.41506 0 0 5.41506 0 0 20.8149 0 0 20.8149 0.926349 -0.422913 0 -0.92607 0.422854 0 
s	16
2462 2467 2495 2501 
2462 2463 2464 2465 2466 2467 2495 2496 2497 2498 2499 2500 2501 
b
2 0
0.0630958 0.457702 0.020023
2463 0 0 3
2464 0 0 3
2465 0 0 3
2466 0 0 2
2496 0 0 1
2497 0 0 2
2498 0 0 3
2499 0 0 3
2500 0 0 2
g
0
1 2 0 0 1 2 0 2 5
t
2
32
15945.8 1527.63 100
15943.1 1529.34 -100
a
4
86
2467 2461 2501 2494 
1 2462 1 2497 0 2496 0 2495 0 2640 0.437695 2641 0.562305 
1 2463 1 2497 0 2498 0 2496 0 2640 0.437695 2641 0.562305 
1 2464 1 2497 0 2498 0 2499 0 2640 0.437695 2641 0.562305 
1 2465 1 2498 0 2499 0 2500 0 2640 0.437695 2641 0.562305 
1 2466 1 2499 0 2500 0 2640 0.437695 2641 0.562305 
2 2497 1 2462 0 2463 0 2464 0 2640 0.551921 2641 0.448079 
2 2498 1 2463 0 2464 0 2465 0 2640 0.551921 2641 0.448079 
2 2499 1 2464 0 2465 0 2466 0 2640 0.551921 2641 0.448079 
2 2496 1 2462 0 2463 0 2640 0.551921 2641 0.448079 
2 2500 1 2465 0 2466 0 2640 0.551921 2641 0.448079 
2 2495 1 2462 0 2640 0.551921 2641 0.448079 
0 2640 5.5 2462 0.437695 2463 0.437695 2464 0.437695 2465 0.437695 2466 0.437695 2497 0.551921 2498 0.551921 2499 0.551921 2496 0.551921 2500 0.551921 2495 0.551921 
0 2641 5.5 2462 0.562305 2463 0.562305 2464 0.562305 2465 0.562305 2466 0.562305 2497 0.448079 2498 0.448079 2499 0.448079 2496 0.448079 2500 0.448079 2495 0.448079 
NanList HYP 0
d
39
0 0 -12.461 0 0 -12.461 0 0 -12.461 0 0 -12.461 0 0 -12.461 0 0 10.3842 0 0 10.3842 0 0 10.3842 0 0 10.3842 0 0 10.3842 0 0 10.3842 1.35439 -0.85582 0 -1.35532 0.855724 0 
