33 0.5 0.1 0.3 1 0 18 1
p
0
30
1000 0 0
1004.44 71.9793 0
1008.87 143.959 0
1011.69 216.006 0
1012.35 288.101 0
1012.33 360.246 0
1011.48 432.42 0
1010.15 504.615 0
1008.72 576.824 0
1007.53 649.042 0
1006.93 721.26 0
1007.22 793.462 0
1008.68 865.626 0
1011.44 937.727 0
1015.68 1009.73 0
1021.49 1081.61 0
1028.94 1153.32 0
1038.03 1224.84 0
1048.74 1296.14 0
1061 1367.2 0
1074.67 1438.03 0
1089.6 1508.62 0
1105.59 1579 0
1122.39 1649.21 0
1139.73 1719.3 0
1157.3 1789.32 0
1174.77 1859.37 0
1191.78 1929.52 0
1207.95 1999.86 0
1223.15 2070.41 0
1238.22 2141.06 0
p
1
30
1200 0 0
1195.68 69.5107 0
1191.36 139.021 0
1186.89 208.511 0
1182.94 278.053 0
1179.36 347.611 0
1176.32 417.198 0
1173.92 486.814 0
1172.23 556.454 0
1171.34 626.114 0
1171.31 695.786 0
1172.21 765.459 0
1174.1 835.121 0
1176.67 904.768 0
1179.89 974.398 0
1183.66 1044.01 0
1187.87 1113.61 0
1192.42 1183.19 0
1197.22 1252.77 0
1202.18 1322.35 0
1207.22 1391.93 0
1212.25 1461.52 0
1217.19 1531.12 0
1222.02 1600.74 8.83321
1226.82 1670.37 8.83321
1231.54 1740.01 8.83321
1236.12 1809.67 8.83321
1240.59 1879.36 8.83321
1245.03 1949.05 8.83321
1249.74 2018.73 8.83321
1255.14 2088.32 8.83321
p
2
30
1400 0 0
1404.16 68.9038 0
1408.32 137.808 0
1410.06 206.939 0
1408.85 276.206 0
1405.99 345.406 0
1400.97 414.534 0
1393.64 483.52 0
1385.49 552.464 0
1376.04 621.401 0
1366.68 690.497 0
1357.03 759.559 0
1347.41 828.66 0
1337.77 897.76 0
1328.05 966.818 0
1318.2 1035.8 0
1308.2 1104.68 0
1298.11 1173.48 0
1288.23 1242.26 0
1279.26 1311.19 -3.9554
1271.47 1380.25 -3.9554
1264.79 1449.41 -3.9554
1259.13 1518.65 -3.9554
1254.49 1587.97 0
1250.98 1657.34 -13.8808
1248.93 1726.76 -13.8808
1248.38 1796.21 -13.8808
1249.55 1865.65 -13.8808
1252.94 1935 -13.8808
1259.13 2004.17 -13.8808
1267.46 2073.08 -13.8808
p
3
30
1600 0 0
1595.36 78.0756 0
1590.73 156.151 0
1589.24 234.386 0
1592.3 312.669 0
1596.62 390.901 0
1601.07 469.108 0
1602.68 547.332 0
1596.63 625.291 0
1579.01 701.417 0
1550.09 774.106 0
1514.59 844.386 0
1474.22 912.342 0
1432.54 979.61 0
1393 1047.99 0
1358.57 1118.73 0
1331.48 1192.2 0
1312.3 1267.8 3.9554
1298.9 1344.48 3.9554
1290.46 1421.83 3.9554
1286.43 1499.58 3.9554
1285.81 1577.51 0
1287.46 1655.51 0
1290.28 1733.51 0
1292.82 1811.49 0
1293.6 1889.45 0
1291.47 1967.31 8.83321
1287.12 2045.08 8.83321
1285.29 2123.12 8.83321
1285.08 2201.41 0
1285.08 2279.71 0
p
4
30
1800 0 0
1786.65 73.0359 0
1773.31 146.072 0
1760.84 219.235 0
1749.06 292.496 0
1736.85 365.724 0
1724.1 438.876 0
1710.5 511.891 0
1695.95 584.74 0
1680.35 657.475 0
1664.53 730.278 0
1648.3 802.938 0
1631.25 875.415 0
1613.56 947.754 0
1595.06 1019.91 0
1575.86 1091.9 0
1556.06 1163.74 0
1535.8 1235.48 0
1515.24 1307.15 0
1494.57 1378.8 0
1473.98 1450.47 0
1453.67 1522.22 0
1433.84 1594.08 0
1414.67 1666.11 0
1396.36 1738.33 0
1379.04 1810.76 0
1362.85 1883.44 0
1347.88 1956.35 0
1334.14 2029.49 0
1321.55 2102.84 0
1309.84 2176.24 0
p
5
30
2000 0 0
1992.48 78.3426 0
1984.95 156.685 0
1977.43 235.028 0
1969.91 313.371 0
1962.39 391.713 0
1954.86 470.056 0
1947.34 548.399 0
1939.82 626.741 0
1932.3 705.084 0
1924.77 783.426 0
1917.25 861.769 0
1909.73 940.112 0
1902.2 1018.45 0
1894.68 1096.8 0
1887.16 1175.14 0
1879.64 1253.48 0
1872.11 1331.82 0
1864.59 1410.17 0
1857.07 1488.51 0
1849.55 1566.85 0
1842.02 1645.2 0
1834.5 1723.54 0
1826.98 1801.88 0
1819.46 1880.22 0
1811.93 1958.57 0
1804.41 2036.91 0
1796.89 2115.25 0
1789.36 2193.59 0
1781.84 2271.94 0
1774.32 2350.28 0
p
6
30
2200 0 0
2202.36 79.4468 0
2204.72 158.894 0
2206.91 238.346 0
2208.89 317.804 0
2210.59 397.269 0
2211.94 476.741 0
2212.87 556.221 0
2213.33 635.706 0
2213.24 715.195 0
2212.56 794.682 0
2211.23 874.164 0
2209.2 953.634 0
2206.41 1033.08 0
2202.83 1112.51 0
2198.4 1191.89 0
2193.09 1271.22 0
2186.84 1350.49 0
2179.61 1429.68 0
2171.37 1508.78 0
2162.07 1587.76 0
2151.68 1666.62 0
2141.04 1745.45 0
2130.36 1824.27 0
2120.08 1903.14 0
2110.59 1982.11 0
2102.33 2061.21 0
2095.72 2140.45 0
2091.18 2219.82 0
2089.15 2299.28 0
2089.49 2378.77 0
p
7
30
2400 0 0
2386.93 79.5688 0
2373.85 159.138 0
2360.86 238.72 0
2347.97 318.32 0
2335.24 397.944 0
2322.71 477.6 0
2310.43 557.295 0
2298.44 637.035 0
2286.8 716.827 0
2275.54 796.675 0
2264.73 876.586 0
2254.41 956.562 0
2244.63 1036.61 0
2235.44 1116.72 0
2226.88 1196.91 0
2219.01 1277.17 0
2211.87 1357.51 0
2205.5 1437.91 0
2199.97 1518.38 0
2195.3 1598.9 0
2191.54 1679.48 0
2187.78 1760.07 0
2183.78 1840.64 0
2179.09 1921.17 0
2173.24 2001.63 0
2165.8 2081.94 0
2156.31 2162.03 0
2144.35 2241.78 0
2129.49 2321.04 0
2111.95 2399.75 0
p
8
30
2600 0 0
2594.67 75.6415 0
2589.34 151.283 0
2584.01 226.925 0
2578.68 302.566 0
2573.35 378.208 0
2568.02 453.849 0
2562.69 529.491 0
2557.36 605.132 0
2552.03 680.774 0
2546.69 756.415 0
2541.36 832.057 0
2536.03 907.698 0
2530.7 983.34 0
2525.37 1058.98 0
2520.04 1134.62 0
2514.71 1210.26 0
2509.38 1285.91 0
2504.05 1361.55 0
2498.72 1437.19 0
2493.39 1512.83 0
2488.06 1588.47 0
2482.73 1664.11 0
2477.4 1739.76 0
2472.07 1815.4 0
2466.74 1891.04 0
2461.41 1966.68 0
2456.08 2042.32 0
2450.74 2117.96 0
2445.41 2193.6 0
2440.08 2269.25 0
p
9
30
2800 0 0
2793.37 96.2589 0
2786.75 192.518 0
2780.12 288.777 0
2773.49 385.035 0
2766.87 481.294 0
2760.24 577.553 0
2753.61 673.812 0
2746.99 770.071 0
2740.36 866.33 0
2733.73 962.589 0
2727.11 1058.85 0
2720.48 1155.11 0
2713.86 1251.37 0
2707.23 1347.62 0
2700.6 1443.88 0
2693.98 1540.14 0
2687.35 1636.4 0
2680.72 1732.66 0
2674.1 1828.92 0
2667.47 1925.18 0
2660.84 2021.44 0
2654.22 2117.69 0
2647.59 2213.95 0
2640.96 2310.21 0
2634.34 2406.47 0
2627.71 2502.73 0
2621.08 2598.99 0
2614.46 2695.25 0
2607.83 2791.51 0
2601.2 2887.77 0
p
10
30
3000 0 0
2997.27 60.8489 0
2994.54 121.698 0
2991.81 182.547 0
2989.08 243.395 0
2986.35 304.244 0
2983.62 365.093 0
2980.88 425.942 0
2978.15 486.791 0
2975.42 547.64 0
2972.69 608.489 0
2969.96 669.338 0
2967.23 730.186 0
2964.5 791.035 0
2961.77 851.884 0
2959.04 912.733 0
2956.31 973.582 0
2953.58 1034.43 0
2950.85 1095.28 0
2948.11 1156.13 0
2945.38 1216.98 0
2942.65 1277.83 0
2939.92 1338.68 0
2937.19 1399.52 0
2934.46 1460.37 0
2931.73 1521.22 0
2929 1582.07 0
2926.27 1642.92 0
2923.54 1703.77 0
2920.81 1764.62 0
2918.08 1825.47 0
p
11
30
3200 0 0
3197.7 67.0325 0
3195.4 134.065 0
3193.1 201.098 0
3190.8 268.13 0
3188.5 335.163 0
3186.21 402.195 0
3183.91 469.228 0
3181.61 536.26 0
3179.31 603.293 0
3177.01 670.325 0
3174.71 737.358 0
3172.41 804.39 0
3170.11 871.423 0
3167.81 938.455 0
3165.51 1005.49 0
3163.21 1072.52 0
3160.92 1139.55 0
3158.62 1206.59 0
3156.32 1273.62 0
3154.02 1340.65 0
3151.72 1407.68 0
3149.42 1474.72 0
3147.12 1541.75 0
3144.82 1608.78 0
3142.52 1675.81 0
3140.22 1742.85 0
3137.92 1809.88 0
3135.62 1876.91 0
3133.33 1943.94 0
3131.03 2010.98 0
p
12
30
3400 0 0
3393.23 79.4228 0
3386.47 158.846 0
3379.7 238.268 0
3372.94 317.691 0
3366.17 397.114 0
3359.4 476.537 0
3352.64 555.959 0
3345.87 635.382 0
3339.11 714.805 0
3332.34 794.228 0
3325.58 873.651 0
3318.81 953.073 0
3312.04 1032.5 0
3305.28 1111.92 0
3298.51 1191.34 0
3291.75 1270.76 0
3284.98 1350.19 0
3278.21 1429.61 0
3271.45 1509.03 0
3264.68 1588.46 0
3257.92 1667.88 0
3251.15 1747.3 0
3244.38 1826.72 0
3237.62 1906.15 0
3230.85 1985.57 0
3224.09 2064.99 0
3217.32 2144.42 0
3210.56 2223.84 0
3203.79 2303.26 0
3197.02 2382.68 0
p
13
30
3600 0 0
3592.3 73.082 0
3584.59 146.164 0
3576.89 219.246 0
3569.18 292.328 0
3561.48 365.41 0
3553.77 438.492 0
3546.07 511.574 0
3538.36 584.656 0
3530.66 657.738 0
3522.96 730.82 0
3515.25 803.902 0
3507.55 876.984 0
3499.84 950.066 0
3492.14 1023.15 0
3484.43 1096.23 0
3476.73 1169.31 0
3469.03 1242.39 0
3461.32 1315.48 0
3453.62 1388.56 0
3445.91 1461.64 0
3438.21 1534.72 0
3430.5 1607.8 0
3422.8 1680.89 0
3415.09 1753.97 0
3407.39 1827.05 0
3399.69 1900.13 0
3391.98 1973.21 0
3384.28 2046.3 0
3376.57 2119.38 0
3368.87 2192.46 0
p
14
30
3800 0 0
3800.93 72.2023 0
3801.86 144.405 0
3802.78 216.607 0
3803.71 288.809 0
3804.64 361.012 0
3805.57 433.214 0
3806.49 505.416 0
3807.42 577.619 0
3808.35 649.821 0
3809.28 722.023 0
3810.21 794.226 0
3811.13 866.428 0
3812.06 938.63 0
3812.99 1010.83 0
3813.92 1083.04 0
3814.84 1155.24 0
3815.77 1227.44 0
3816.7 1299.64 0
3817.63 1371.84 0
3818.56 1444.05 0
3819.48 1516.25 0
3820.41 1588.45 0
3821.34 1660.65 0
3822.27 1732.86 0
3823.19 1805.06 0
3824.12 1877.26 0
3825.05 1949.46 0
3825.98 2021.67 0
3826.91 2093.87 0
3827.83 2166.07 0
p
15
30
4000 0 0
4000.32 86.7395 0
4000.65 173.479 0
4000.97 260.218 0
4001.3 346.958 0
4001.62 433.697 0
4001.95 520.437 0
4002.27 607.176 0
4002.6 693.916 0
4002.92 780.655 0
4003.25 867.395 0
4003.57 954.134 0
4003.9 1040.87 0
4004.22 1127.61 0
4004.55 1214.35 0
4004.87 1301.09 0
4005.2 1387.83 0
4005.52 1474.57 0
4005.85 1561.31 0
4006.17 1648.05 0
4006.49 1734.79 0
4006.82 1821.53 0
4007.14 1908.27 0
4007.47 1995.01 0
4007.79 2081.75 0
4008.12 2168.49 0
4008.44 2255.23 0
4008.77 2341.97 0
4009.09 2428.71 0
4009.42 2515.44 0
4009.74 2602.18 0
p
16
30
4200 0 0
4197.07 72.7816 0
4194.14 145.563 0
4190.44 218.306 0
4185.8 290.995 0
4179.93 363.601 0
4172.69 436.089 0
4164.04 508.432 0
4154.08 580.617 0
4143.78 652.765 0
4133.52 724.924 0
4123.95 797.173 0
4115.69 869.577 0
4109.36 942.165 0
4105.55 1014.92 0
4104.77 1087.77 0
4107.44 1160.58 0
4113.47 1233.2 0
4122.99 1305.49 0
4135.91 1377.29 0
4152.05 1448.49 0
4171.17 1519.02 0
4192.91 1588.84 0
4216.85 1658.01 0
4242.53 1726.6 0
4269.41 1794.79 0
4296.92 1862.76 0
4324.45 1930.75 0
4351.47 1998.94 9.42816
4378.06 2067.37 9.42816
4404.61 2135.82 9.42816
p
17
30
4400 0 0
4386.68 66.0569 0
4373.37 132.114 0
4361.13 198.409 0
4350.22 264.962 0
4341.04 331.81 0
4333.88 398.947 0
4328.92 466.331 0
4326.28 533.898 0
4324.85 601.516 0
4324.54 669.17 0
4325.02 736.834 0
4326 804.494 0
4327.31 872.146 0
4328.85 939.792 0
4330.6 1007.44 0
4332.69 1075.1 0
4334.46 1142.78 0
4336.04 1210.51 0
4337.4 1278.29 0
4338.6 1346.11 0
4339.74 1413.98 0
4340.99 1481.89 0
4342.58 1549.83 0
4344.77 1617.77 0
4347.9 1685.7 0
4352.36 1753.55 0
4358.61 1821.25 0
4367.21 1888.69 0
4378.58 1955.75 9.42816
4392 2022.39 9.42816
p
18
30
4600 0 0
4592.6 68.5545 0
4585.21 137.109 0
4577.47 205.605 0
4569.4 274.049 0
4560.97 342.439 0
4552.27 410.783 0
4543.44 479.101 0
4534.68 547.419 0
4525.95 615.752 0
4517.35 684.102 0
4508.96 752.477 0
4500.81 820.882 0
4492.94 889.319 0
4485.4 957.791 0
4478.18 1026.3 0
4471.31 1094.84 0
4464.78 1163.41 0
4458.58 1232.02 0
4452.68 1300.65 0
4447.08 1369.31 0
4441.72 1437.99 0
4436.59 1506.69 0
4431.62 1575.4 0
4426.79 1644.12 0
4422.04 1712.84 0
4417.34 1781.57 0
4412.63 1850.3 0
4407.88 1919.03 -15.7136
4403.38 1987.71 -15.7136
4400.06 2056.55 -15.7136
p
19
30
4800 0 0
4798 71.9361 0
4795.99 143.872 0
4793.99 215.808 0
4791.98 287.744 0
4789.98 359.68 0
4787.97 431.617 0
4785.97 503.553 0
4783.96 575.489 0
4781.96 647.425 0
4779.95 719.361 0
4777.95 791.297 0
4775.95 863.233 0
4773.94 935.169 0
4771.94 1007.11 0
4769.93 1079.04 0
4767.93 1150.98 0
4765.92 1222.91 0
4763.92 1294.85 0
4761.91 1366.79 0
4759.91 1438.72 0
4757.91 1510.66 0
4755.9 1582.59 0
4753.9 1654.53 0
4751.89 1726.47 0
4749.89 1798.4 0
4747.88 1870.34 0
4745.88 1942.27 0
4743.87 2014.21 0
4741.87 2086.15 0
4739.86 2158.08 0
p
20
30
5000 0 0
5004.14 71.4082 0
5008.27 142.816 0
5012.19 214.2 0
5016.18 285.552 0
5020.58 356.845 0
5025.67 428.064 0
5031.19 499.21 0
5037.38 570.341 0
5044.23 641.418 0
5051.73 712.437 0
5059.88 783.393 0
5068.62 854.29 0
5077.88 925.129 0
5087.58 995.917 0
5097.63 1066.67 0
5107.89 1137.39 0
5118.26 1208.1 0
5128.58 1278.81 0
5138.73 1349.54 0
5148.57 1420.31 0
5157.96 1491.13 0
5166.79 1562.01 0
5174.94 1632.96 0
5182.34 1703.98 0
5188.92 1775.08 0
5194.47 1846.23 -21.4669
5198.34 1917.49 4.5228
5200.67 1988.87 4.5228
5201.66 2060.37 4.5228
5202.29 2131.92 4.5228
p
21
30
5200 0 0
5201.11 67.5896 0
5202.22 135.179 0
5203.63 202.806 0
5205.27 270.46 0
5207.13 338.156 0
5209.12 405.9 0
5209.82 473.778 0
5210.8 541.607 0
5211.71 609.46 0
5212.54 677.333 0
5213.68 745.209 0
5215.06 813.089 0
5216.69 880.967 0
5218.56 948.844 0
5220.62 1016.72 0
5222.83 1084.61 0
5225.14 1152.5 0
5227.49 1220.41 0
5229.8 1288.34 0
5232 1356.3 0
5233.96 1424.27 0
5235.54 1492.27 0
5236.53 1560.28 0
5236.64 1628.29 0
5235.49 1696.27 0
5232.54 1764.17 0
5227.36 1831.94 31.6269
5220.34 1899.52 31.6269
5211.96 1966.92 31.6269
5202.31 2034.09 31.6269
p
22
30
5400 0 0
5392.87 72.6415 0
5385.74 145.283 0
5379.72 218.015 0
5375.57 290.882 0
5374.6 363.884 0
5378.62 436.87 0
5387.93 509.469 0
5399.87 581.881 0
5413.85 654.066 0
5428.47 726.202 0
5442.7 798.422 0
5455.3 870.876 0
5465.25 943.62 0
5471.67 1016.61 0
5473.93 1089.71 0
5471.62 1162.68 0
5464.61 1235.28 0
5453.05 1307.28 0
5437.36 1378.52 0
5418.21 1448.96 0
5396.47 1518.71 0
5373.21 1588.02 0
5349.66 1657.26 0
5326.64 1726.68 -21.4669
5303.51 1796.09 -21.4669
5280.92 1865.7 -21.4669
5259.84 1935.73 -21.4669
5240.18 2006.14 -21.4669
5220.93 2076.76 -21.4669
5201.59 2147.35 -21.4669
p
23
30
5600 0 0
5609.5 62.1258 0
5618.99 124.252 0
5628.21 186.427 0
5636.99 248.671 0
5645.04 311.024 0
5652.08 373.506 0
5657.93 436.126 0
5662.39 498.884 0
5665.28 561.763 0
5666.45 624.738 0
5665.81 687.772 0
5663.3 750.821 0
5658.86 813.834 0
5652.49 876.759 0
5644.16 939.54 0
5633.79 1002.11 0
5621.25 1064.37 0
5606.43 1126.22 0
5590.16 1187.79 0
5572.31 1248.99 0
5552.93 1309.8 0
5532 1370.15 0
5509.4 1429.94 0
5484.97 1489.03 0
5458.48 1547.27 0
5429.69 1604.43 0
5398.32 1660.26 0
5364.42 1714.69 4.5228
5329.2 1768.3 4.5228
5293.24 1821.49 4.5228
p
24
30
5800 0 0
5797.33 70.5096 0
5794.66 141.019 0
5793.26 211.571 0
5793.49 282.151 0
5795.88 352.719 0
5799.32 423.273 0
5803.82 493.803 0
5808.93 564.322 0
5814.15 634.856 0
5818.89 705.436 0
5822.51 776.085 0
5824.33 846.801 0
5823.61 917.531 0
5819.65 988.15 0
5811.75 1058.44 0
5799.33 1128.1 0
5781.91 1196.73 0
5759.52 1263.97 0
5732.3 1329.5 0
5700.41 1393.03 0
5664.18 1454.34 0
5624.03 1513.33 0
5580.46 1570.03 0
5534.01 1624.59 0
5485.26 1677.28 0
5434.82 1728.51 0
5383.29 1778.78 0
5331.26 1828.61 4.5228
5279.22 1878.49 4.5228
5227.94 1929.16 4.5228
p
25
30
6000 0 0
6011.04 73.4925 0
6022.07 146.985 0
6032.47 220.578 0
6042.09 294.283 0
6050.69 368.124 0
6058.25 442.086 0
6064.61 516.173 0
6069.68 590.375 0
6073.37 664.673 0
6075.6 739.045 0
6076.33 813.465 0
6075.48 887.902 0
6072.99 962.321 0
6068.96 1036.69 0
6063.32 1110.97 0
6056.02 1185.12 0
6047.7 1259.18 0
6038.44 1333.14 0
6028.46 1407.03 0
6017.97 1480.85 0
6007.17 1554.64 0
5996.21 1628.4 0
5985.29 1702.17 0
5974.56 1775.97 0
5964.2 1849.81 0
5954.39 1923.71 0
5945.33 1997.69 0
5937.24 2071.77 0
5930.21 2145.94 7.01494
5923.78 2220.14 7.01494
p
26
30
6200 0 0
6207.84 76.97 0
6215.68 153.94 0
6222.75 230.971 0
6228.71 308.094 0
6232.99 385.332 0
6236.2 462.638 0
6238.18 539.997 0
6239 617.383 0
6238.7 694.772 0
6237.3 772.143 0
6234.78 849.476 0
6231.13 926.757 0
6225.92 1003.94 0
6218.52 1080.97 0
6208.75 1157.77 0
6197.19 1234.35 0
6184.27 1310.72 0
6170.61 1386.96 0
6156.97 1463.18 0
6143.64 1539.51 0
6128.78 1615.5 0
6110.23 1690.69 0
6087.69 1764.85 0
6061.24 1837.83 0
6033.98 1910.56 0
6007.29 1983.49 0
5983.38 2057.29 0
5964.27 2132.4 0
5951.1 2208.84 -14.0299
5941.07 2285.66 -14.0299
p
27
30
6400 0 0
6384.58 76.1429 0
6369.16 152.286 0
6354.73 228.632 0
6341.53 305.214 0
6330.01 382.087 0
6319.33 459.089 0
6309.57 536.223 0
6300.54 613.449 0
6292.02 690.734 0
6283.81 768.047 0
6275.69 845.368 0
6267.41 922.682 0
6259.07 1000.03 0
6250.58 1077.37 0
6242.11 1154.72 0
6233.12 1232.01 0
6222.94 1309.14 0
6211.04 1386 0
6196.94 1462.48 0
6180.08 1538.42 0
6160.61 1613.76 0
6140.95 1689.12 0
6122.1 1764.72 0
6104.29 1840.6 0
6085.32 1916.18 0
6064.93 1991.41 0
6042.49 2066.05 0
6017.32 2139.77 0
5988.66 2212.18 7.01494
5956.58 2283.06 7.01494
p
28
30
6600 0 0
6595.64 58.4462 0
6591.28 116.892 0
6586.92 175.339 0
6582.56 233.785 0
6578.2 292.231 0
6573.84 350.677 0
6569.48 409.124 0
6565.12 467.57 0
6560.76 526.016 0
6556.4 584.462 0
6552.04 642.909 0
6547.68 701.355 0
6543.32 759.801 0
6538.96 818.247 0
6534.6 876.693 0
6530.24 935.14 0
6525.88 993.586 0
6521.52 1052.03 0
6517.16 1110.48 0
6512.79 1168.92 0
6508.43 1227.37 0
6504.07 1285.82 0
6499.71 1344.26 0
6495.35 1402.71 0
6490.99 1461.16 0
6486.63 1519.6 0
6482.27 1578.05 0
6477.91 1636.49 0
6473.55 1694.94 0
6469.19 1753.39 0
p
29
30
6800 0 0
6790.44 72.3676 0
6780.88 144.735 0
6771.31 217.103 0
6761.75 289.471 0
6752.19 361.838 0
6742.63 434.206 0
6733.06 506.573 0
6723.5 578.941 0
6713.94 651.309 0
6704.38 723.676 0
6694.82 796.044 0
6685.25 868.412 0
6675.69 940.779 0
6666.13 1013.15 0
6656.57 1085.51 0
6647 1157.88 0
6637.44 1230.25 0
6627.88 1302.62 0
6618.32 1374.98 0
6608.76 1447.35 0
6599.19 1519.72 0
6589.63 1592.09 0
6580.07 1664.46 0
6570.51 1736.82 0
6560.95 1809.19 0
6551.38 1881.56 0
6541.82 1953.93 0
6532.26 2026.29 0
6522.7 2098.66 0
6513.13 2171.03 0
p
30
30
7000 0 0
7004.55 73.7925 0
7009.09 147.585 0
7013.64 221.378 0
7018.18 295.17 0
7022.73 368.963 0
7027.27 442.755 0
7031.82 516.548 0
7036.36 590.34 0
7040.91 664.133 0
7045.46 737.925 0
7050 811.718 0
7054.55 885.51 0
7059.09 959.303 0
7063.64 1033.1 0
7068.18 1106.89 0
7072.73 1180.68 0
7077.27 1254.47 0
7081.82 1328.27 0
7086.36 1402.06 0
7090.91 1475.85 0
7095.46 1549.64 0
7100 1623.44 0
7104.55 1697.23 0
7109.09 1771.02 0
7113.64 1844.81 0
7118.18 1918.61 0
7122.73 1992.4 0
7127.27 2066.19 0
7131.82 2139.98 0
7136.37 2213.78 0
p
31
30
7200 0 0
7206.57 79.5297 0
7213.14 159.059 0
7219.59 238.596 0
7225.98 318.137 0
7232.25 397.686 0
7238.29 477.25 0
7244.03 556.834 0
7249.7 636.422 0
7255.37 716.007 0
7261.25 795.575 0
7267.54 875.107 0
7274.52 954.578 0
7282.58 1033.95 0
7291.99 1113.17 0
7303.07 1192.19 0
7316.06 1270.92 0
7331.18 1349.28 0
7348.58 1427.18 0
7368.32 1504.55 0
7390.47 1581.3 0
7414.99 1657.36 0
7441.83 1732.68 0
7470.84 1807.23 0
7501.85 1881.01 0
7534.64 1954.05 0
7568.93 2026.45 0
7604.4 2098.3 0
7640.7 2169.76 0
7677.44 2241.01 0
7714.26 2312.26 0
p
32
30
7400 0 0
7393.75 76.3822 0
7387.49 152.764 0
7381.82 229.197 0
7376.99 305.696 0
7373.28 382.267 0
7370.89 458.904 0
7370.05 535.595 0
7370.83 612.304 0
7373.34 689 0
7377.63 765.641 0
7383.81 842.181 0
7392.03 918.564 0
7401.76 994.782 0
7413 1070.81 0
7425.61 1146.65 0
7439.53 1222.26 0
7454.78 1297.64 0
7471.46 1372.73 0
7488.82 1447.67 0
7506.89 1522.47 0
7525.54 1597.13 0
7544.68 1671.69 0
7564.28 1746.14 0
7584.34 1820.48 0
7604.88 1894.7 0
7625.94 1968.79 0
7647.56 2042.72 0
7669.79 2116.48 0
7692.67 2190.05 0
7716.08 2263.45 0
p
33
30
7600 0 0
7593.5 74.311 0
7587.01 148.622 0
7579.57 222.835 0
7570.87 296.905 0
7560.88 370.807 0
7550.16 444.614 0
7539.16 518.384 0
7528.7 592.235 0
7519.38 666.229 0
7511.85 740.417 0
7506.7 814.8 0
7504.42 889.33 0
7504.98 963.911 0
7508.55 1038.44 0
7515.12 1112.83 0
7524.54 1186.97 0
7536.58 1260.8 0
7550.91 1334.3 0
7567.12 1407.47 0
7584.73 1480.36 0
7603.17 1553.07 0
7621.85 1625.71 0
7640.13 1698.43 0
7657.32 1771.37 0
7672.75 1844.64 0
7686 1918.26 -7.75636
7697.95 1992.15 -7.75636
7710.09 2066.04 0
7722.75 2139.86 0
7735.83 2213.61 0
p
34
30
7800 0 0
7804.08 64.916 0
7808.17 129.832 0
7811.19 194.871 0
7812.97 260.026 0
7811.94 325.333 0
7808.79 390.629 0
7803.87 455.873 0
7798.68 521.114 0
7793.29 586.365 0
7788.03 651.631 0
7783.07 716.906 0
7778.49 782.183 0
7774.33 847.458 0
7770.57 912.734 0
7767.15 978.019 0
7763.99 1043.33 0
7760.98 1108.68 0
7757.93 1174.08 0
7754.57 1239.55 0
7751.39 1305.1 0
7748.21 1370.72 0
7745.01 1436.4 0
7741.76 1502.11 0
7738.38 1567.82 0
7734.83 1633.49 0
7731.03 1699.1 0
7726.92 1764.62 0
7722.43 1830.03 0
7717.55 1895.33 7.75636
7712.36 1960.55 7.75636
p
35
30
8000 0 0
7990.85 67.1217 0
7981.71 134.243 0
7973.44 201.463 0
7966.59 268.835 0
7961.71 336.381 0
7958.8 404.069 0
7957.91 471.854 0
7958.31 539.693 0
7959.74 607.555 0
7961.71 675.43 0
7963.74 743.315 0
7965.36 811.209 0
7966.22 879.101 0
7965.92 946.971 0
7964.15 1014.78 0
7960.64 1082.49 0
7955.2 1150.04 0
7947.7 1217.36 0
7938.06 1284.4 0
7926.13 1351.06 0
7911.93 1417.28 0
7895.58 1483.02 0
7877.27 1548.25 0
7857.3 1613.02 0
7836.04 1677.39 0
7813.97 1741.51 0
7791.64 1805.54 0
7769.68 1869.73 0
7748.47 1934.17 0
7727.32 1998.73 0
p
36
30
8200 0 0
8197.33 68.6791 0
8194.66 137.358 0
8191.98 206.037 0
8189.31 274.716 0
8186.64 343.396 0
8183.97 412.075 0
8181.29 480.754 0
8178.62 549.433 0
8175.95 618.112 0
8173.28 686.791 0
8170.6 755.47 0
8167.93 824.149 0
8165.26 892.829 0
8162.59 961.508 0
8159.91 1030.19 0
8157.24 1098.87 0
8154.57 1167.54 0
8151.9 1236.22 0
8149.22 1304.9 0
8146.55 1373.58 0
8143.88 1442.26 0
8141.21 1510.94 0
8138.53 1579.62 0
8135.86 1648.3 0
8133.19 1716.98 0
8130.52 1785.66 0
8127.84 1854.34 0
8125.17 1923.02 0
8122.5 1991.69 0
8119.83 2060.37 0
p
37
30
8400 0 0
8402.99 72.7221 0
8405.98 145.444 0
8408.97 218.166 0
8411.95 290.889 0
8414.94 363.611 0
8417.93 436.333 0
8420.92 509.055 0
8423.91 581.777 0
8426.9 654.499 0
8429.89 727.221 0
8432.88 799.943 0
8435.86 872.666 0
8438.85 945.388 0
8441.84 1018.11 0
8444.83 1090.83 0
8447.82 1163.55 0
8450.81 1236.28 0
8453.8 1309 0
8456.79 1381.72 0
8459.77 1454.44 0
8462.76 1527.16 0
8465.75 1599.89 0
8468.74 1672.61 0
8471.73 1745.33 0
8474.72 1818.05 0
8477.71 1890.78 0
8480.7 1963.5 0
8483.68 2036.22 0
8486.67 2108.94 0
8489.66 2181.66 0
p
38
30
8600 0 0
8602.35 72.1675 0
8604.7 144.335 0
8607.05 216.502 0
8609.4 288.67 0
8611.75 360.837 0
8614.11 433.005 0
8616.46 505.172 0
8618.81 577.34 0
8621.16 649.507 0
8623.51 721.675 0
8625.86 793.842 0
8628.21 866.01 0
8630.56 938.177 0
8632.91 1010.34 0
8635.26 1082.51 0
8637.61 1154.68 0
8639.97 1226.85 0
8642.32 1299.01 0
8644.67 1371.18 0
8647.02 1443.35 0
8649.37 1515.52 0
8651.72 1587.68 0
8654.07 1659.85 0
8656.42 1732.02 0
8658.77 1804.19 0
8661.12 1876.35 0
8663.47 1948.52 0
8665.83 2020.69 0
8668.18 2092.86 0
8670.53 2165.02 0
p
39
30
8800 0 0
8802.01 76.2074 0
8804.03 152.415 0
8806.04 228.622 0
8808.06 304.83 0
8810.07 381.037 0
8812.09 457.244 0
8814.1 533.452 0
8816.12 609.659 0
8818.13 685.867 0
8820.14 762.074 0
8822.16 838.281 0
8824.17 914.489 0
8826.19 990.696 0
8828.2 1066.9 0
8830.22 1143.11 0
8832.23 1219.32 0
8834.24 1295.53 0
8836.26 1371.73 0
8838.27 1447.94 0
8840.29 1524.15 0
8842.3 1600.36 0
8844.32 1676.56 0
8846.33 1752.77 0
8848.35 1828.98 0
8850.36 1905.19 0
8852.37 1981.39 0
8854.39 2057.6 0
8856.4 2133.81 0
8858.42 2210.01 0
8860.43 2286.22 0
p
40
30
9000 0 0
9001.39 73.4636 0
9002.79 146.927 0
9004.18 220.391 0
9005.58 293.854 0
9006.97 367.318 0
9008.37 440.782 0
9009.76 514.245 0
9011.16 587.709 0
9012.55 661.172 0
9013.95 734.636 0
9015.34 808.1 0
9016.74 881.563 0
9018.13 955.027 0
9019.53 1028.49 0
9020.92 1101.95 0
9022.32 1175.42 0
9023.71 1248.88 0
9025.11 1322.34 0
9026.5 1395.81 0
9027.9 1469.27 0
9029.29 1542.74 0
9030.69 1616.2 0
9032.08 1689.66 0
9033.47 1763.13 0
9034.87 1836.59 0
9036.26 1910.05 0
9037.66 1983.52 0
9039.05 2056.98 0
9040.45 2130.44 0
9041.84 2203.91 0
p
41
30
9200 0 0
9209.48 69.8835 0
9218.95 139.767 0
9228.56 209.355 0
9238.23 279.073 0
9247.99 348.78 0
9257.82 418.476 0
9267.75 488.159 0
9277.76 557.831 0
9287.86 627.491 0
9298.05 697.14 0
9308.32 766.776 0
9318.69 836.401 0
9329.14 906.013 0
9339.68 975.614 0
9350.31 1045.2 0
9361.03 1114.78 0
9371.84 1184.34 0
9382.74 1253.89 0
9393.73 1323.43 0
9404.67 1393 1.9001
9415.08 1462.66 1.9001
9425.17 1532.42 1.9001
9434.8 1602.26 1.9001
9443.77 1672.22 1.9001
9452.05 1742.26 1.9001
9459.96 1812.35 1.9001
9467.8 1882.46 0
9475.64 1952.56 0
9483.49 2022.67 0
9491.33 2092.77 0
p
42
30
9400 0 0
9403.56 54.5726 0
9407.11 109.145 0
9403.53 164.656 0
9399 219.909 0
9393.05 275.201 0
9386.28 330.481 0
9379.38 385.719 0
9372.95 440.904 0
9367.43 496.034 0
9363.21 551.116 0
9360.54 606.165 0
9359.6 661.197 0
9360.46 716.23 0
9363.11 771.281 0
9367.45 826.366 0
9373.33 881.495 0
9380.5 936.676 0
9388.65 991.912 0
9397.4 1047.2 0
9406.33 1102.53 0
9414.96 1157.89 0
9422.74 1213.27 0
9429.11 1268.63 0
9433.44 1323.96 0
9435.09 1379.22 24.0826
9434.21 1434.37 24.0826
9433.45 1489.39 24.0826
9433.29 1544.3 24.0826
9433.4 1599.11 24.0826
9433.66 1653.89 24.0826
p
43
30
9600 0 0
9609.69 77.7874 0
9619.38 155.575 0
9635.02 232.522 0
9650.27 309.58 0
9664.48 386.923 0
9677.74 464.447 0
9688.73 542.293 0
9696.6 620.467 0
9700.52 698.908 0
9699.77 777.467 0
9693.93 855.885 -5.86742
9683.26 933.898 -5.86742
9667.17 1011.14 -5.86742
9644.79 1087.03 -5.86742
9615.34 1160.74 0
9577.57 1230.89 0
9532.66 1296.97 0
9489.13 1363.86 -22.5423
9454.44 1435.46 -22.5423
9432.58 1511.57 -22.5423
9427.43 1590.13 -22.5423
9441.77 1667.27 -22.5423
9475.51 1738.23 -22.5423
9525.58 1799.41 -22.5423
9586.94 1850.26 0
9654.55 1893.33 0
9723.91 1933.77 0
9791.79 1976.31 9.85747
9859.63 2019.26 9.85747
9928.88 2060.2 0
p
44
30
9800 0 0
9794.37 66.549 0
9788.74 133.098 0
9789.09 200.033 0
9787.11 267.039 0
9784.27 334.15 0
9781.03 401.347 0
9776.71 468.539 0
9771.16 535.648 0
9764.22 602.599 0
9755.76 669.322 0
9745.6 735.753 0
9733.58 801.833 0
9719.78 867.636 5.86742
9705.34 933.374 5.86742
9690.84 999.127 5.86742
9677.25 1065.16 5.86742
9668.31 1132.39 0
9659.17 1199.56 0
9650.94 1266.88 0
9644.87 1334.41 0
9640.34 1401.94 0
9638.67 1469.51 0
9640.76 1537.01 0
9647.59 1604.21 0
9660.06 1670.67 0
9678.96 1735.75 0
9704.85 1798.57 0
9737.97 1858.09 0
9778.24 1913.21 9.85747
9824.05 1963.81 9.85747
p
45
30
10000 0 0
9999.48 61.4229 0
9998.95 122.846 0
9992.14 184.38 0
9982.43 245.553 0
9968.78 306.162 0
9953.92 366.564 0
9937.86 426.761 0
9921.27 486.882 0
9904.65 547.034 0
9888.43 607.304 0
9872.98 667.756 0
9858.73 728.447 0
9846.16 789.428 0
9835.87 850.74 0
9828.15 912.403 0
9821.86 974.28 0
9818.56 1036.43 0
9815.44 1098.77 0
9815.68 1161.19 0
9818.01 1223.71 0
9821.54 1286.31 0
9827.18 1348.84 0
9833.93 1411.39 0
9841.33 1474.04 0
9848.84 1536.94 0
9855.75 1600.26 0
9861.25 1664.18 0
9864.43 1728.77 0
9864.51 1793.96 9.85747
9861.72 1859.31 9.85747
p
46
30
10200 0 0
10181.7 71.3811 0
10163.5 142.762 0
10143.4 213.531 0
10120.4 283.517 0
10093.4 352.151 0
10063.7 419.824 0
10031.6 486.496 0
9997.98 552.531 0
9964.2 618.5 0
9931.84 685.114 0
9902.67 753.079 0
9878.54 822.901 0
9861.21 894.698 0
9852.48 968.072 0
9855.34 1042.14 0
9873.83 1114.31 0
9909.16 1180.57 0
9959.21 1237.75 0
10011.8 1293.11 0
10060.5 1351.63 0
10097.1 1417.65 0
10114 1490.43 0
10106.4 1564.27 0
10075.5 1631.8 0
10027.9 1689.28 0
9972.12 1739.38 0
9916.82 1790.05 -14.7862
9872.1 1849.87 -14.7862
9848.62 1920.94 -14.7862
9846.16 1996.65 -14.7862
p
47
30
10400 0 0
10398.6 68.1317 0
10397.1 136.263 0
10395.7 204.395 0
10394.3 272.527 0
10392.9 340.659 0
10391.4 408.79 0
10390 476.922 0
10388.6 545.054 0
10387.1 613.186 0
10385.7 681.317 0
10384.3 749.449 0
10382.9 817.581 0
10381.4 885.712 0
10380 953.844 0
10378.6 1021.98 0
10377.1 1090.11 0
10375.7 1158.24 0
10374.3 1226.37 0
10372.9 1294.5 0
10371.4 1362.63 0
10370 1430.77 0
10368.6 1498.9 0
10367.1 1567.03 0
10365.7 1635.16 0
10364.3 1703.29 0
10362.9 1771.42 0
10361.4 1839.56 0
10360 1907.69 0
10358.6 1975.82 0
10357.1 2043.95 0
p
48
30
10600 0 0
10604.1 76.7097 0
10608.2 153.419 0
10612.3 230.129 0
10616.4 306.839 0
10620.5 383.548 0
10624.6 460.258 0
10628.7 536.968 0
10632.8 613.678 0
10636.9 690.387 0
10640.9 767.097 0
10645 843.807 0
10649.1 920.516 0
10653.2 997.226 0
10657.3 1073.94 0
10661.4 1150.65 0
10665.5 1227.36 0
10669.6 1304.06 0
10673.7 1380.77 0
10677.8 1457.48 0
10681.9 1534.19 0
10686 1610.9 0
10690.1 1687.61 0
10694.2 1764.32 0
10698.3 1841.03 0
10702.4 1917.74 0
10706.5 1994.45 0
10710.6 2071.16 0
10714.6 2147.87 0
10718.7 2224.58 0
10722.8 2301.29 0
p
49
30
10800 0 0
10799.2 66.9499 0
10798.4 133.9 0
10797.6 200.85 0
10796.8 267.8 0
10796 334.75 0
10795.2 401.7 0
10794.4 468.65 0
10793.6 535.6 0
10792.8 602.55 0
10792 669.499 0
10791.2 736.449 0
10790.4 803.399 0
10789.6 870.349 0
10788.8 937.299 0
10788 1004.25 0
10787.2 1071.2 0
10786.4 1138.15 0
10785.6 1205.1 0
10784.8 1272.05 0
10784 1339 0
10783.2 1405.95 0
10782.4 1472.9 0
10781.6 1539.85 0
10780.8 1606.8 0
10780 1673.75 0
10779.2 1740.7 0
10778.4 1807.65 0
10777.6 1874.6 0
10776.8 1941.55 0
10776 2008.5 0
p
50
30
11000 0 0
11004.8 83.1007 0
11009.6 166.201 0
11011.8 249.425 0
11014 332.67 0
11015.7 415.955 0
11017.4 499.269 0
11019.4 582.596 0
11021.7 665.932 0
11024.5 749.259 0
11028 832.559 0
11032.3 915.813 0
11037.7 998.998 0
11044.1 1082.09 0
11051.8 1165.07 0
11060.8 1247.91 0
11071.1 1330.59 0
11082.8 1413.08 0
11096 1495.37 0
11110.5 1577.43 0
11126.5 1659.26 0
11143.8 1740.83 0
11162.4 1822.16 0
11182.2 1903.23 0
11203.1 1984.05 0
11225.1 2064.65 0
11247.9 2145.03 0
11271.3 2225.24 0
11295.3 2305.31 0
11319.6 2385.32 0
11343.8 2465.32 0
p
51
30
11200 0 0
11197.2 78.2396 0
11194.4 156.479 0
11192.1 234.759 0
11190.3 313.045 0
11189.1 391.345 0
11188.6 469.658 0
11188.9 547.978 0
11189.9 626.298 0
11191.6 704.616 0
11193.9 782.933 0
11196.6 861.248 0
11199.8 939.564 0
11203.4 1017.88 0
11207.4 1096.2 0
11211.6 1174.52 0
11216.2 1252.84 0
11221.2 1331.15 0
11226.5 1409.46 0
11232.2 1487.74 0
11238.3 1566.01 0
11244.8 1644.24 0
11251.9 1722.43 0
11259.5 1800.57 0
11267.8 1878.64 0
11276.7 1956.64 0
11286.3 2034.56 0
11296.8 2112.38 0
11308.1 2190.11 0
11320.3 2267.73 -8.09461
11333.3 2345.26 -8.09461
p
52
30
11400 0 0
11402 66.6086 0
11404.1 133.217 0
11406.1 199.838 0
11408.1 266.454 0
11410 333.07 0
11412 399.687 0
11413.9 466.306 0
11415.7 532.925 0
11417.6 599.545 0
11419.4 666.167 0
11421.1 732.789 0
11422.9 799.413 0
11424.5 866.038 0
11426.2 932.665 0
11427.8 999.293 0
11429.3 1065.92 0
11430.8 1132.55 0
11432.2 1199.19 0
11433.6 1265.82 0
11434.9 1332.46 0
11436.2 1399.09 0
11437.4 1465.73 0
11438.5 1532.38 0
11439.6 1599.02 0
11440.6 1665.66 0
11441.5 1732.31 0
11442.4 1798.96 0
11443.2 1865.62 0
11443.9 1932.27 0
11444.6 1998.92 0
p
53
30
11600 0 0
11596.2 68.6617 0
11592.3 137.323 0
11588.5 205.984 0
11584.7 274.647 0
11581 343.31 0
11577.2 411.973 0
11573.4 480.636 0
11569.6 549.299 0
11565.8 617.961 0
11562 686.622 0
11558.1 755.281 0
11554.3 823.939 0
11550.3 892.595 0
11546.4 961.248 0
11542.4 1029.9 0
11538.3 1098.55 0
11534.2 1167.19 0
11530 1235.83 0
11525.8 1304.47 0
11521.4 1373.1 0
11517 1441.73 0
11512.5 1510.35 0
11507.9 1578.97 0
11503.2 1647.58 0
11498.4 1716.19 0
11493.5 1784.79 0
11488.5 1853.38 0
11483.3 1921.96 0
11478 1990.54 -10.6848
11472.7 2059.12 -10.6848
p
54
30
11800 0 0
11812.6 76.2701 0
11825.2 152.54 0
11837.8 228.819 0
11849.5 305.249 0
11860 381.85 0
11869 458.659 0
11876.2 535.687 0
11881.1 612.916 0
11883.6 690.298 0
11883.4 767.762 0
11880.3 845.214 0
11874.4 922.547 0
11865.5 999.652 0
11853.7 1076.42 0
11839 1152.75 0
11821.5 1228.54 0
11801.2 1303.68 0
11778 1378.05 0
11753 1451.89 0
11726.3 1525.18 0
11698.1 1597.98 0
11668.7 1670.32 0
11638 1742.23 0
11606.3 1813.7 0
11573.5 1884.75 0
11539.6 1955.33 0
11504.5 2025.41 10.6848
11468.2 2094.9 10.6848
11430.3 2163.61 0
11390.9 2231.49 0
p
55
30
12000 0 0
12000.2 83.1682 0
12000.3 166.336 0
12001.1 249.5 0
12002 332.663 0
12003.1 415.825 0
12004.2 498.986 0
12005.1 582.149 0
12005.7 665.314 0
12005.5 748.479 0
12004.4 831.636 0
12001.7 914.76 0
11997 997.804 0
11990 1080.69 0
11979.9 1163.28 0
11966.4 1245.42 0
11949 1326.86 0
11927.3 1407.34 0
11901 1486.55 0
11870.7 1564.36 0
11836.2 1640.57 0
11797.9 1715.06 0
11756.1 1787.79 0
11711.2 1858.77 0
11663.6 1928.1 0
11613.7 1995.97 0
11562.1 2062.62 0
11509.3 2128.38 0
11455.7 2193.61 0
11401.8 2258.62 8.09461
11347.6 2323.44 8.09461
p
56
30
12200 0 0
12216.1 84.3856 0
12232.3 168.771 0
12248.3 253.126 0
12264 337.526 0
12279.7 421.861 0
12295.2 506.175 0
12310.8 590.534 0
12326.4 674.884 0
12342.1 759.214 0
12358 843.511 0
12374.1 927.764 0
12390.6 1011.96 0
12407.3 1096.1 0
12424.4 1180.17 0
12441.9 1264.15 0
12459.7 1348.07 0
12478 1431.9 0
12496.5 1515.65 0
12515.5 1599.34 0
12534.6 1682.97 0
12554 1766.56 0
12573.4 1850.13 0
12592.9 1933.69 0
12612.3 2017.27 0
12631.4 2100.9 0
12650.2 2184.61 0
12668.6 2268.42 0
12686.3 2352.39 0
12703.7 2436.51 0
12721.3 2520.6 0
p
57
30
12400 0 0
12409.9 80.0515 0
12419.8 160.103 0
12431.6 240.029 0
12442.5 320.217 0
12455.2 400.297 0
12467.2 480.7 0
12479.6 560.988 0
12492.3 641.295 0
12505.1 721.624 0
12518 801.961 0
12530.7 882.29 0
12543.2 962.6 0
12555.5 1042.89 0
12567.4 1123.15 0
12578.8 1203.41 0
12589.9 1283.69 0
12600.5 1364.02 0
12610.8 1444.42 0
12620.7 1524.91 0
12630.3 1605.5 0
12639.7 1686.18 0
12649 1766.92 0
12658.2 1847.7 0
12667.5 1928.47 0
12676.9 2009.19 0
12686.5 2089.83 0
12696.4 2170.37 0
12706.6 2250.82 0
12716.6 2331.24 0
12725.3 2411.55 0
p
58
30
12600 0 0
12603.2 83.6517 0
12606.5 167.303 0
12610.3 250.902 0
12614.7 334.449 0
12620.2 417.901 0
12627 501.229 0
12634.5 584.546 0
12642.7 667.803 0
12651.5 751.014 0
12660.7 834.193 0
12670.1 917.356 0
12679.5 1000.52 0
12688.7 1083.7 0
12697.6 1166.92 0
12706.1 1250.17 0
12713.9 1333.48 0
12721 1416.84 0
12727.4 1500.25 0
12732.9 1583.71 0
12737.6 1667.22 0
12741.5 1750.76 0
12744.6 1834.34 0
12747.1 1917.93 0
12749 2001.54 0
12750.4 2085.16 0
12751.5 2168.79 0
12752.5 2252.43 0
12753.6 2336.06 0
12754.6 2419.7 0
12754.9 2503.41 0
p
59
30
12800 0 0
12799.9 82.7442 0
12799.8 165.488 0
12799.8 248.231 0
12799.9 330.973 0
12800.3 413.714 0
12800.9 496.452 0
12801.9 579.187 0
12803.5 661.914 0
12805.6 744.629 0
12808.4 827.326 0
12811.8 910.004 0
12815.8 992.655 0
12820.6 1075.28 0
12826 1157.86 0
12832.2 1240.4 0
12839 1322.89 0
12846.5 1405.34 0
12854.7 1487.72 0
12863.5 1570.05 0
12873 1652.31 0
12883.2 1734.5 0
12894 1816.63 0
12905.4 1898.68 0
12917.3 1980.66 0
12929.8 2062.57 0
12942.9 2144.41 0
12956.4 2226.18 0
12970.3 2307.89 0
12984.6 2389.54 0
12999 2471.18 0
p
60
30
13000 0 0
12992.1 79.6567 0
12984.3 159.313 0
12976.8 239.004 0
12969.7 318.734 0
12963.1 398.511 0
12957.1 478.345 0
12952 558.236 0
12947.7 638.185 0
12944.5 718.188 0
12942.3 798.235 0
12940.9 878.308 0
12940.4 958.399 0
12940.7 1038.5 0
12941.8 1118.61 0
12943.5 1198.71 0
12945.8 1278.81 0
12948.6 1358.89 0
12952 1438.97 0
12955.8 1519.03 0
12960.1 1599.08 0
12964.7 1679.12 0
12969.7 1759.14 0
12974.9 1839.16 0
12980.4 1919.16 0
12986.1 1999.15 0
12991.9 2079.13 0
12997.9 2159.1 0
13004 2239.07 0
13010.1 2319.04 0
13016.2 2399 0
p
61
30
13200 0 0
13201.5 81.7547 0
13203 163.509 0
13204.6 245.264 0
13206.1 327.019 0
13207.6 408.774 0
13209.1 490.528 0
13210.6 572.283 0
13212.2 654.038 0
13213.7 735.793 0
13215.2 817.547 0
13216.7 899.302 0
13218.2 981.057 0
13219.7 1062.81 0
13221.3 1144.57 0
13222.8 1226.32 0
13224.3 1308.08 0
13225.8 1389.83 0
13227.3 1471.59 0
13228.9 1553.34 0
13230.4 1635.09 0
13231.9 1716.85 0
13233.4 1798.6 0
13234.9 1880.36 0
13236.5 1962.11 0
13238 2043.87 0
13239.5 2125.62 0
13241 2207.38 0
13242.5 2289.13 0
13244.1 2370.89 0
13245.6 2452.64 0
p
62
30
13400 0 0
13400.7 66.9607 0
13401.4 133.921 0
13402 200.882 0
13402.7 267.843 0
13403.4 334.803 0
13404.1 401.764 0
13404.7 468.725 0
13405.4 535.686 0
13406.1 602.646 0
13406.8 669.607 0
13407.4 736.568 0
13408.1 803.528 0
13408.8 870.489 0
13409.5 937.45 0
13410.1 1004.41 0
13410.8 1071.37 0
13411.5 1138.33 0
13412.2 1205.29 0
13412.8 1272.25 0
13413.5 1339.21 0
13414.2 1406.17 0
13414.9 1473.14 0
13415.5 1540.1 0
13416.2 1607.06 0
13416.9 1674.02 0
13417.6 1740.98 0
13418.2 1807.94 0
13418.9 1874.9 0
13419.6 1941.86 0
13420.3 2008.82 0
p
63
30
13600 0 0
13595.9 65.4161 0
13591.8 130.832 0
13587.7 196.248 0
13583.6 261.665 0
13579.5 327.081 0
13575.4 392.497 0
13571.3 457.913 0
13567.2 523.329 0
13563.1 588.745 0
13559 654.161 0
13554.9 719.577 0
13550.8 784.994 0
13546.7 850.41 0
13542.6 915.826 0
13538.5 981.242 0
13534.4 1046.66 0
13530.4 1112.07 0
13526.3 1177.49 0
13522.2 1242.91 0
13518.1 1308.32 0
13514 1373.74 0
13509.9 1439.15 0
13505.8 1504.57 0
13501.7 1569.99 0
13497.6 1635.4 0
13493.5 1700.82 0
13489.4 1766.24 0
13485.3 1831.65 0
13481.2 1897.07 0
13477.1 1962.48 0
p
64
30
13800 0 0
13808.6 80.9084 0
13817.2 161.817 0
13825 242.807 0
13831.9 323.886 0
13837.7 405.066 0
13842.1 486.348 0
13844.8 567.717 0
13845.8 649.146 0
13845 730.599 0
13842.2 812.035 0
13837.6 893.409 0
13831.1 974.679 0
13822.7 1055.8 0
13812.5 1136.74 0
13800.6 1217.46 0
13786.8 1297.91 0
13771.3 1378.06 0
13753.9 1457.84 0
13735.4 1537.4 0
13715.9 1616.74 0
13695.6 1695.9 0
13674.6 1774.91 0
13653.3 1853.81 0
13631.6 1932.63 0
13609.7 2011.41 0
13587.8 2090.17 0
13565.9 2168.94 0
13544.2 2247.77 0
13523 2326.7 0
13502.2 2405.72 0
p
65
30
14000 0 0
13995.8 83.8643 0
13991.6 167.729 0
13987.3 251.589 0
13982.9 335.443 0
13978.3 419.287 0
13973.5 503.115 0
13968.2 586.92 0
13962.5 670.692 0
13956.1 754.417 0
13948.9 838.079 0
13940.7 921.657 0
13931.4 1005.12 0
13920.9 1088.45 0
13909 1171.59 0
13895.5 1254.52 0
13880.5 1337.17 0
13863.7 1419.52 0
13845.2 1501.52 0
13825.1 1583.13 0
13803.2 1664.34 0
13779.7 1745.1 0
13754.5 1825.4 0
13727.9 1905.24 0
13699.7 1984.6 0
13670.2 2063.49 0
13639.4 2141.92 0
13607.5 2219.91 0
13574.6 2297.5 0
13540.8 2374.78 0
13506.9 2451.98 0
p
66
30
14200 0 0
14211.6 70.9181 0
14223.1 141.836 0
14233.8 212.911 0
14243.3 284.16 0
14251.2 355.617 0
14257.2 427.286 0
14261 499.141 0
14262.3 571.126 0
14260.9 643.158 0
14256.8 715.137 0
14249.8 786.954 0
14240 858.502 0
14227.5 929.685 0
14212.5 1000.43 0
14195 1070.66 0
14175.2 1140.34 0
14153.2 1209.39 0
14129 1277.75 0
14103.6 1345.72 0
14077 1413.26 0
14049.4 1480.45 0
14020.9 1547.31 0
13991.5 1613.84 0
13961.3 1680.01 0
13930.1 1745.81 0
13898 1811.18 0
13864.8 1876.08 0
13830.5 1940.46 0
13795 2004.29 -3.57667
13758.6 2067.64 -3.57667
p
67
30
14400 0 0
14399.5 78.7628 0
14399 157.526 0
14398.5 236.287 0
14398 315.047 0
14397.3 393.804 0
14396.4 472.558 0
14395.1 551.305 0
14393.1 630.039 0
14390.2 708.744 0
14386 787.396 0
14380.2 865.949 0
14372.2 944.329 0
14361.7 1022.42 0
14348.1 1100.08 0
14331 1177.08 0
14309.9 1253.17 0
14285.1 1328.18 0
14256.4 1401.9 0
14224 1474.18 0
14188.1 1544.88 0
14148.7 1613.9 0
14106.3 1681.21 0
14061.1 1746.83 0
14013.4 1810.82 0
13963.7 1873.33 0
13912.2 1934.53 0
13859.3 1994.69 0
13805.6 2054.1 3.57667
13751.4 2113.12 3.57667
13697 2172.08 0
p
68
30
14600 0 0
14596 74.8176 0
14591.9 149.635 0
14587.9 224.453 0
14583.8 299.271 0
14579.8 374.088 0
14575.7 448.906 0
14571.7 523.723 0
14567.6 598.541 0
14563.6 673.359 0
14559.6 748.176 0
14555.5 822.994 0
14551.5 897.812 0
14547.4 972.629 0
14543.4 1047.45 0
14539.3 1122.26 0
14535.3 1197.08 0
14531.3 1271.9 0
14527.2 1346.72 0
14523.2 1421.53 0
14519.1 1496.35 0
14515.1 1571.17 0
14511 1645.99 0
14507 1720.81 0
14502.9 1795.62 0
14498.9 1870.44 0
14494.9 1945.26 0
14490.8 2020.08 0
14486.8 2094.89 0
14482.7 2169.71 0
14478.7 2244.53 0
p
69
30
14800 0 0
14808 74.9654 0
14816 149.931 0
14825.5 224.743 0
14836.8 299.336 0
14848.4 373.92 0
14860 448.535 0
14871 523.314 0
14880.3 598.387 0
14887 673.823 0
14889.5 749.554 0
14890 825.462 0
14888 901.441 0
14883.7 977.388 0
14877.4 1053.21 0
14869.3 1128.84 0
14859.5 1204.21 -10.2235
14849.2 1279.42 -10.2235
14841.5 1354.77 -10.2235
14836.6 1430.22 -10.2235
14831.5 1505.76 0
14826.3 1581.34 0
14821.6 1656.94 0
14818.1 1732.55 0
14816.5 1808.13 0
14817.4 1883.61 -13.6314
14823.6 1958.67 -13.6314
14837.1 2033.04 -13.6314
14852.2 2106.98 0
14867.3 2180.92 0
14882.4 2254.86 0
p
70
30
15000 0 0
15007.1 88.4689 0
15014.2 176.938 0
15025.8 264.956 0
15044.1 352.02 0
15066.9 438.249 0
15094.1 523.441 0
15123.1 608.088 0
15149.5 693.355 0
15166.9 780.617 -10.0614
15167 869.655 -10.0614
15145 956.408 -10.0614
15102.7 1036.19 -10.0614
15042.6 1105.49 -10.0614
14972.2 1165.75 0
14905 1229.81 13.6314
14849.8 1304.21 13.6314
14806.1 1385.46 13.6314
14773.5 1471.49 0
14754.2 1560.74 0
14745.7 1651.31 0
14747.2 1742.14 0
14762.3 1831.65 10.2235
14796.2 1915.84 10.2235
14845.8 1991.49 10.2235
14911.6 2053.65 10.2235
14993.6 2095.86 0
15081.5 2127.48 -13.0701
15169.8 2159.96 -13.0701
15253.6 2203.14 -13.0701
15336.6 2247.6 -13.0701
p
71
30
15200 0 0
15193.6 72.8103 0
15187.1 145.621 0
15185.8 218.962 0
15189.3 292.455 0
15194.4 365.96 0
15201.2 439.55 0
15208.4 513.288 0
15214.4 587.257 0
15217.2 661.457 0
15217.1 735.654 0
15201.1 808.384 10.0614
15179.6 879.664 10.0614
15154.9 950.342 10.0614
15130.4 1021.55 10.0614
15103.5 1091.9 10.0614
15076.4 1162.08 0
15049.4 1232.39 0
15023.6 1303.15 0
14998.1 1374.05 0
14974.3 1445.61 0
14953.3 1518.12 0
14936.6 1591.8 0
14925.5 1666.63 0
14922 1742.2 0
14927.7 1817.63 0
14944.2 1891.43 0
14972.6 1961.49 0
15013.6 2025.14 0
15066.9 2079.41 10.4561
15129.7 2123.72 10.4561
p
72
30
15400 0 0
15400.7 58.4078 0
15401.3 116.816 0
15402.6 175.224 0
15404 233.641 0
15405.2 292.081 0
15406 350.55 0
15406.4 409.06 0
15406 467.623 0
15404.3 526.271 0
15398.1 585.06 0
15390.1 643.763 0
15382 702.516 0
15373.6 761.372 0
15365.4 820.348 0
15357.5 879.438 0
15350.1 938.627 0
15343.1 997.89 0
15336.3 1057.2 0
15329.5 1116.54 0
15322.5 1175.87 0
15315.1 1235.15 0
15306.9 1294.32 0
15297.7 1353.32 0
15287 1412.06 0
15274.6 1470.42 0
15260 1528.25 0
15242.8 1585.36 0
15222.7 1641.5 0
15200 1696.64 0
15177.3 1751.8 0
p
73
30
15600 0 0
15591.8 86.0193 0
15583.5 172.039 0
15577 258.176 0
15574.5 344.615 0
15576.5 431.173 0
15584.6 517.571 0
15600.3 603.215 0
15625.1 687.093 0
15660.9 767.463 0
15705 843.877 0
15741.1 924.132 0
15766.7 1007.8 -4.37081
15776.2 1094.28 -4.37081
15766.8 1180.61 -4.37081
15737.2 1262.62 0
15688.4 1335.93 0
15624.7 1398.47 0
15551.4 1451.49 0
15473.8 1499.05 0
15396.3 1546.79 0
15323.8 1600.34 0
15261.4 1663.64 0
15212.7 1736.6 0
15176.5 1815.48 0
15161.4 1900.82 0
15167.3 1987.79 0
15190.8 2072.79 0
15227.2 2154.05 10.4561
15266.5 2234.2 10.4561
15305.3 2314.63 10.4561
p
74
30
15800 0 0
15795.9 66.2765 0
15791.9 132.553 0
15789.6 198.964 0
15787.7 265.385 0
15786.6 331.851 0
15786.1 398.356 0
15786.1 464.896 0
15786.6 531.466 0
15787.6 598.061 0
15788.8 664.675 0
15790.3 731.304 0
15792 797.943 0
15793.7 864.586 0
15795.4 931.23 0
15797 997.879 0
15798.3 1064.52 6.55621
15799.2 1131.14 6.55621
15799.8 1197.73 0
15800.3 1264.28 0
15800.8 1330.84 0
15801.2 1397.4 0
15801.7 1463.95 0
15802.2 1530.51 -12.2086
15802.7 1597.06 -12.2086
15803.2 1663.62 -12.2086
15803.7 1730.18 -12.2086
15804.2 1796.73 -12.2086
15804.7 1863.29 -12.2086
15805.2 1929.84 -12.2086
15805.6 1996.4 -12.2086
p
75
30
16000 0 0
16000.9 74.0315 0
16001.8 148.063 0
16002.3 222.102 0
16002.1 296.146 0
16001.2 370.19 0
15999.4 444.223 0
15996.4 518.23 0
15992.2 592.188 0
15986.6 666.07 0
15979.6 739.84 0
15971.3 813.506 0
15961.9 887.05 0
15951.5 960.467 0
15940 1033.76 0
15927.6 1106.92 0
15914.4 1179.95 0
15900.5 1252.86 0
15885.8 1325.64 0
15870.4 1398.31 0
15854.5 1470.87 0
15838 1543.32 12.2086
15820.9 1615.66 12.2086
15803.5 1687.92 12.2086
15785.5 1760.07 12.2086
15767.2 1832.15 12.2086
15748.6 1904.14 0
15729.6 1976.06 0
15710.3 2047.91 0
15690.7 2119.7 0
15670.9 2191.43 0
p
76
30
16200 0 0
16192.9 78.1997 0
16185.7 156.399 0
16178.5 234.589 0
16171.1 312.762 0
16163.4 390.907 0
16155.3 469.006 0
16146.5 547.039 0
16137 624.979 0
16126.4 702.796 0
16114.7 780.449 0
16101.9 857.946 0
16088 935.256 0
16072.9 1012.36 0
16056.7 1089.25 0
16039.3 1165.9 0
16020.7 1242.3 0
16001.1 1318.45 0
15980.3 1394.33 0
15958.5 1469.94 0
15935.6 1545.28 0
15911.9 1620.35 0
15887.2 1695.16 0
15861.7 1769.71 0
15835.4 1844.03 12.2086
15808.5 1918.13 12.2086
15780.9 1992.03 12.2086
15752.9 2065.76 0
15724.4 2139.34 0
15695.7 2212.82 0
15666.8 2286.26 0
p
77
30
16400 0 0
16399.4 88.6308 0
16398.8 177.262 0
16398.1 265.892 0
16397.5 354.523 0
16396.9 443.154 0
16396.3 531.785 0
16395.7 620.416 0
16395.1 709.046 0
16394.4 797.677 0
16393.8 886.308 0
16393.2 974.939 0
16392.6 1063.57 0
16392 1152.2 0
16391.3 1240.83 0
16390.7 1329.46 0
16390.1 1418.09 0
16389.5 1506.72 0
16388.9 1595.35 0
16388.3 1683.99 0
16387.6 1772.62 0
16387 1861.25 0
16386.4 1949.88 0
16385.8 2038.51 0
16385.2 2127.14 0
16384.5 2215.77 0
16383.9 2304.4 0
16383.3 2393.03 0
16382.7 2481.66 0
16382.1 2570.29 0
16381.5 2658.92 0
p
78
30
16600 0 0
16604 89.0186 0
16608 178.037 0
16612 267.056 0
16616.1 356.074 0
16620.1 445.093 0
16624.1 534.112 0
16628.1 623.13 0
16632.1 712.149 0
16636.1 801.167 0
16640.1 890.186 0
16644.1 979.205 0
16648.2 1068.22 0
16652.2 1157.24 0
16656.2 1246.26 0
16660.2 1335.28 0
16664.2 1424.3 0
16668.2 1513.32 0
16672.2 1602.33 0
16676.2 1691.35 0
16680.3 1780.37 0
16684.3 1869.39 0
16688.3 1958.41 0
16692.3 2047.43 0
16696.3 2136.45 0
16700.3 2225.46 0
16704.3 2314.48 0
16708.3 2403.5 0
16712.4 2492.52 0
16716.4 2581.54 0
16720.4 2670.56 0
p
79
30
16800 0 0
16798.3 61.5706 0
16796.6 123.141 0
16794.9 184.712 0
16793.3 246.282 0
16791.6 307.853 0
16789.9 369.424 0
16788.2 430.994 0
16786.5 492.565 0
16784.8 554.136 0
16783.1 615.706 0
16781.5 677.277 0
16779.8 738.847 0
16778.1 800.418 0
16776.4 861.989 0
16774.7 923.559 0
16773 985.13 0
16771.3 1046.7 0
16769.6 1108.27 0
16768 1169.84 0
16766.3 1231.41 0
16764.6 1292.98 0
16762.9 1354.55 0
16761.2 1416.12 0
16759.5 1477.69 0
16757.8 1539.27 0
16756.2 1600.84 0
16754.5 1662.41 0
16752.8 1723.98 0
16751.1 1785.55 0
16749.4 1847.12 0
s	0
56 64 90 97 125 128 
56 57 58 59 60 61 62 63 64 90 91 92 93 94 95 96 97 125 126 127 128 
b
3 0
0.783099 0.394383 0.840188
57 0 0 1
58 0 0 2
59 0 0 3
60 0 0 3
61 0 0 3
62 0 0 3
63 0 0 2
91 0 0 3
92 0 0 3
93 0 0 3
94 0 0 3
95 0 0 3
96 0 0 4
126 0 0 1
127 0 0 1
g
0
0.5 2 0 0 1 2 0 2 5
t
2
0
1252.57 1887.93 100
1252.79 1884.29 -100
a
6
0
64 55 97 89 128 124 
1 95 1 61 0 62 0 63 0 126 0 125 0 2640 0.430596 2641 0.569404 
1 96 1 62 0 63 0 126 0 127 0 2640 0.430596 2641 0.569404 
1 90 1 58 0 57 0 56 0 2640 0.430596 2641 0.569404 
1 91 1 58 0 59 0 57 0 2640 0.430596 2641 0.569404 
1 92 1 58 0 59 0 60 0 2640 0.430596 2641 0.569404 
1 93 1 59 0 60 0 61 0 2640 0.430596 2641 0.569404 
1 94 1 60 0 61 0 62 0 2640 0.430596 2641 0.569404 
2 58 1 90 0 91 0 92 0 2640 0.544166 2641 0.455834 
2 59 1 91 0 92 0 93 0 2640 0.544166 2641 0.455834 
2 60 1 92 0 93 0 94 0 2640 0.544166 2641 0.455834 
2 61 1 95 0 93 0 94 0 2640 0.544166 2641 0.455834 
2 62 1 95 0 96 0 94 0 2640 0.544166 2641 0.455834 
2 57 1 90 0 91 0 2640 0.544166 2641 0.455834 
2 63 1 95 0 96 0 2640 0.544166 2641 0.455834 
2 56 1 90 0 2640 0.544166 2641 0.455834 
2 126 1 95 0 96 0 2640 0.544166 2641 0.455834 
2 125 1 95 0 2640 0.544166 2641 0.455834 
2 127 1 96 0 2640 0.544166 2641 0.455834 
0 2640 9 95 0.430596 96 0.430596 90 0.430596 91 0.430596 92 0.430596 93 0.430596 94 0.430596 58 0.544166 59 0.544166 60 0.544166 61 0.544166 62 0.544166 57 0.544166 63 0.544166 56 0.544166 126 0.544166 125 0.544166 127 0.544166 
0 2641 9 95 0.569404 96 0.569404 90 0.569404 91 0.569404 92 0.569404 93 0.569404 94 0.569404 58 0.455834 59 0.455834 60 0.455834 61 0.455834 62 0.455834 57 0.455834 63 0.455834 56 0.455834 126 0.455834 125 0.455834 127 0.455834 
NanList HYP 0
d
60
0 0 -13.8808 0 0 -13.8808 0 0 -13.8808 0 0 -13.8808 0 0 -13.8808 0 0 -13.8808 0 0 -13.8808 0 0 8.83321 0 0 8.83321 0 0 8.83321 0 0 8.83321 0 0 8.83321 0 0 8.83321 0 0 8.83321 0 0 8.83321 0 0 8.83321 0 0 8.83321 0 0 8.83321 -0.108586 1.82408 0 0.108613 -1.82419 0 
s	1
85 89 116 120 
85 86 87 88 89 116 117 118 119 120 
b
2 0
0.197551 0.911647 0.79844
86 0 0 2
87 0 0 2
88 0 0 1
117 0 0 1
118 0 0 2
119 0 0 2
g
0
0.5 2 0 0 1 2 0 2 5
t
2
2
1283.4 1398.53 100
1282.28 1399.77 -100
a
4
6
89 84 120 115 
1 85 1 117 0 116 0 2640 0.480223 2641 0.519777 
1 86 1 117 0 118 0 2640 0.480223 2641 0.519777 
1 87 1 118 0 119 0 2640 0.480223 2641 0.519777 
1 88 1 119 0 2640 0.480223 2641 0.519777 
2 117 1 85 0 86 0 2640 0.519777 2641 0.480223 
2 118 1 86 0 87 0 2640 0.519777 2641 0.480223 
2 119 1 87 0 88 0 2640 0.519777 2641 0.480223 
2 116 1 85 0 2640 0.519777 2641 0.480223 
0 2640 4 85 0.480223 86 0.480223 87 0.480223 88 0.480223 117 0.519777 118 0.519777 119 0.519777 116 0.519777 
0 2641 4 85 0.519777 86 0.519777 87 0.519777 88 0.519777 117 0.480223 118 0.480223 119 0.480223 116 0.480223 
NanList HYP 0
d
30
0 0 -3.9554 0 0 -3.9554 0 0 -3.9554 0 0 -3.9554 0 0 3.9554 0 0 3.9554 0 0 3.9554 0 0 3.9554 0.560846 -0.62209 0 -0.560905 0.621982 0 
s	2
556 559 590 592 622 625 
556 557 558 559 590 591 592 622 623 624 625 
b
3 0
0.277775 0.76823 0.335223
557 0 0 1
558 0 0 1
591 0 0 2
623 0 0 1
624 0 0 3
g
0
0.5 2 0 0 1 2 0 2 5
t
2
4
4388.16 2020.79 100
4390.85 2015.1 -100
a
6
10
559 555 592 589 625 621 
1 623 1 556 0 557 0 590 0 591 0 2640 0.421432 2641 0.578568 
1 624 1 556 0 557 0 591 0 558 0 2640 0.421432 2641 0.578568 
1 622 1 590 0 2640 0.421432 2641 0.578568 
2 556 1 623 0 624 0 2640 0.547141 2641 0.452859 
2 557 1 623 0 624 0 2640 0.547141 2641 0.452859 
2 558 1 624 0 2640 0.547141 2641 0.452859 
2 590 1 623 0 622 0 2640 0.547141 2641 0.452859 
2 591 1 623 0 624 0 2640 0.547141 2641 0.452859 
0 2640 4 623 0.421432 624 0.421432 622 0.421432 556 0.547141 557 0.547141 558 0.547141 590 0.547141 591 0.547141 
0 2641 4 623 0.578568 624 0.578568 622 0.578568 556 0.452859 557 0.452859 558 0.452859 590 0.452859 591 0.452859 
NanList HYP 0
d
30
0 0 -15.7136 0 0 -15.7136 0 0 -15.7136 0 0 9.42816 0 0 9.42816 0 0 9.42816 0 0 9.42816 0 0 9.42816 -1.34512 2.84563 0 1.34536 -2.84552 0 
s	3
686 691 720 724 750 754 757 787 790 820 823 
686 687 688 689 690 691 720 721 722 723 724 750 751 752 753 754 755 756 757 787 788 789 790 820 821 822 823 
b
5 0
0.628871 0.477397 0.55397
687 0 0 2
688 0 0 2
689 0 0 3
690 0 0 2
721 0 0 2
722 0 0 4
723 0 0 2
751 0 0 2
752 0 0 3
753 0 0 2
755 0 0 2
756 0 0 1
788 0 0 1
789 0 0 2
821 0 0 2
822 0 0 4
g
0
0.5 2 0 0 1 2 0 2 5
t
2
6
5248.84 1916.96 100
5252.83 1916.91 -100
a
10
16
691 685 724 719 757 749 790 786 823 819 
1 752 1 821 0 822 0 788 0 789 0 820 0 2640 0.392665 2641 0.607335 
1 751 1 821 0 788 0 789 0 820 0 2640 0.392665 2641 0.607335 
1 750 1 788 0 787 0 2640 0.392665 2641 0.607335 
1 753 1 821 0 822 0 2640 0.392665 2641 0.607335 
1 754 1 688 0 689 0 2640 0.392665 2641 0.607335 
1 755 1 689 0 690 0 2640 0.392665 2641 0.607335 
1 756 1 690 0 2640 0.392665 2641 0.607335 
2 688 1 721 0 722 0 723 0 754 0 2640 0.522614 2641 0.477386 
2 689 1 722 0 723 0 754 0 755 0 2640 0.522614 2641 0.477386 
1 686 1 721 0 720 0 2640 0.392665 2641 0.607335 
2 687 1 721 0 722 0 2640 0.522614 2641 0.477386 
2 690 1 755 0 756 0 2640 0.522614 2641 0.477386 
3 721 1 821 0 688 0 822 0 686 0 687 0 2640 0.658134 2641 0.341866 
3 722 1 688 0 689 0 822 0 687 0 2640 0.658134 2641 0.341866 
3 720 1 821 0 686 0 2640 0.658134 2641 0.341866 
3 723 1 688 0 689 0 2640 0.658134 2641 0.341866 
2 821 1 721 0 752 0 751 0 720 0 753 0 2640 0.522614 2641 0.477386 
2 822 1 721 0 752 0 722 0 753 0 2640 0.522614 2641 0.477386 
2 820 1 752 0 751 0 2640 0.522614 2641 0.477386 
2 788 1 752 0 751 0 750 0 2640 0.522614 2641 0.477386 
2 789 1 752 0 751 0 2640 0.522614 2641 0.477386 
2 787 1 750 0 2640 0.522614 2641 0.477386 
0 2640 11 752 0.392665 751 0.392665 750 0.392665 753 0.392665 754 0.392665 755 0.392665 756 0.392665 688 0.522614 689 0.522614 686 0.392665 687 0.522614 690 0.522614 721 0.658134 722 0.658134 720 0.658134 723 0.658134 821 0.522614 822 0.522614 820 0.522614 788 0.522614 789 0.522614 787 0.522614 
0 2641 11 752 0.607335 751 0.607335 750 0.607335 753 0.607335 754 0.607335 755 0.607335 756 0.607335 688 0.477386 689 0.477386 686 0.607335 687 0.477386 690 0.477386 721 0.341866 722 0.341866 720 0.341866 723 0.341866 821 0.477386 822 0.477386 820 0.477386 788 0.477386 789 0.477386 787 0.477386 
NanList HYP 0
d
72
0 0 -21.4669 0 0 -21.4669 0 0 -21.4669 0 0 -21.4669 0 0 -21.4669 0 0 -21.4669 0 0 -21.4669 0 0 4.5228 0 0 4.5228 0 0 -21.4669 0 0 4.5228 0 0 4.5228 0 0 31.6269 0 0 31.6269 0 0 31.6269 0 0 31.6269 0 0 4.5228 0 0 4.5228 0 0 4.5228 0 0 4.5228 0 0 4.5228 0 0 4.5228 -1.99484 0.0272156 0 1.99448 -0.0271306 0 
s	4
854 856 887 889 920 922 
854 855 856 887 888 889 920 921 922 
b
3 0
0.95223 0.513401 0.364784
855 0 0 1
888 0 0 2
921 0 0 1
g
0
0.5 2 0 0 1 2 0 2 5
t
2
8
5948.74 2224.48 100
5948.39 2227.46 -100
a
6
26
856 853 889 886 922 919 
1 887 1 855 0 921 0 854 0 920 0 2640 0.429851 2641 0.570149 
1 888 1 855 0 921 0 2640 0.429851 2641 0.570149 
2 855 1 887 0 888 0 2640 0.535075 2641 0.464925 
2 854 1 887 0 2640 0.535075 2641 0.464925 
2 921 1 887 0 888 0 2640 0.535075 2641 0.464925 
2 920 1 887 0 2640 0.535075 2641 0.464925 
0 2640 3 887 0.429851 888 0.429851 855 0.535075 854 0.535075 921 0.535075 920 0.535075 
0 2641 3 887 0.570149 888 0.570149 855 0.464925 854 0.464925 921 0.464925 920 0.464925 
NanList HYP 0
d
24
0 0 -14.0299 0 0 -14.0299 0 0 7.01494 0 0 7.01494 0 0 7.01494 0 0 7.01494 0.17386 -1.49275 0 -0.174315 1.49281 0 
s	5
1115 1117 1151 1153 
1115 1116 1117 1151 1152 1153 
b
2 0
0.717297 0.635712 0.916195
1116 0 0 1
1152 0 0 1
g
0
0.5 2 0 0 1 2 0 2 5
t
2
10
7704.36 1940.52 100
7702.57 1942.63 -100
a
4
32
1117 1114 1153 1150 
1 1115 1 1152 0 1151 0 2640 0.461218 2641 0.538782 
1 1116 1 1152 0 2640 0.461218 2641 0.538782 
2 1152 1 1115 0 1116 0 2640 0.538782 2641 0.461218 
2 1151 1 1115 0 2640 0.538782 2641 0.461218 
0 2640 2 1115 0.461218 1116 0.461218 1152 0.538782 1151 0.538782 
0 2641 2 1115 0.538782 1116 0.538782 1152 0.461218 1151 0.461218 
NanList HYP 0
d
18
0 0 -7.75636 0 0 -7.75636 0 0 7.75636 0 0 7.75636 0.891363 -1.0574 0 -0.89105 1.05738 0 
s	6
1373 1380 1411 1417 1437 1444 
1373 1374 1375 1376 1377 1378 1379 1380 1411 1412 1413 1414 1415 1416 1417 1437 1438 1439 1440 1441 1442 1443 1444 
b
3 0
0.0163006 0.606969 0.141603
1374 0 0 1
1375 0 0 5
1376 0 0 6
1377 0 0 5
1378 0 0 4
1379 0 0 2
1412 0 0 2
1413 0 0 5
1414 0 0 4
1415 0 0 5
1416 0 0 6
1438 0 0 2
1439 0 0 5
1440 0 0 7
1441 0 0 5
1442 0 0 4
1443 0 0 2
g
0
0.5 2 0 0 1 2 0 2 5
t
2
12
9441.89 1566.23 100
9446.61 1576.11 -100
a
6
36
1380 1372 1417 1410 1444 1436 
1 1439 1 1376 0 1375 0 1414 0 1415 0 1374 0 1412 0 1413 0 2640 0.387289 2641 0.612711 
1 1440 1 1376 0 1375 0 1414 0 1415 0 1416 0 1377 0 1413 0 2640 0.387289 2641 0.612711 
1 1438 1 1375 0 1414 0 1374 0 1412 0 1413 0 1411 0 2640 0.387289 2641 0.612711 
1 1441 1 1376 0 1415 0 1416 0 1377 0 1378 0 2640 0.387289 2641 0.612711 
1 1442 1 1376 0 1416 0 1377 0 1378 0 1379 0 2640 0.387289 2641 0.612711 
1 1437 1 1412 0 2640 0.387289 2641 0.612711 
1 1443 1 1378 0 2640 0.387289 2641 0.612711 
2 1376 1 1439 0 1440 0 1414 0 1415 0 1416 0 1441 0 1442 0 2640 0.509501 2641 0.490499 
2 1375 1 1439 0 1440 0 1414 0 1415 0 1438 0 1413 0 2640 0.509501 2641 0.490499 
2 1374 1 1439 0 1414 0 1438 0 1412 0 1413 0 2640 0.509501 2641 0.490499 
2 1377 1 1440 0 1415 0 1416 0 1441 0 1442 0 2640 0.509501 2641 0.490499 
2 1378 1 1416 0 1441 0 1442 0 1443 0 2640 0.509501 2641 0.490499 
2 1373 1 1412 0 2640 0.509501 2641 0.490499 
2 1379 1 1442 0 2640 0.509501 2641 0.490499 
3 1414 1 1376 0 1439 0 1440 0 1375 0 1438 0 1374 0 2640 0.620413 2641 0.379587 
3 1415 1 1376 0 1439 0 1440 0 1375 0 1377 0 1441 0 2640 0.620413 2641 0.379587 
3 1416 1 1376 0 1440 0 1377 0 1441 0 1442 0 1378 0 2640 0.620413 2641 0.379587 
3 1412 1 1439 0 1438 0 1374 0 1373 0 1437 0 2640 0.620413 2641 0.379587 
3 1413 1 1439 0 1440 0 1375 0 1438 0 1374 0 2640 0.620413 2641 0.379587 
3 1411 1 1438 0 2640 0.620413 2641 0.379587 
0 2640 10 1439 0.387289 1440 0.387289 1438 0.387289 1441 0.387289 1442 0.387289 1437 0.387289 1443 0.387289 1376 0.509501 1375 0.509501 1374 0.509501 1377 0.509501 1378 0.509501 1373 0.509501 1379 0.509501 1414 0.620413 1415 0.620413 1416 0.620413 1412 0.620413 1413 0.620413 1411 0.620413 
0 2641 10 1439 0.612711 1440 0.612711 1438 0.612711 1441 0.612711 1442 0.612711 1437 0.612711 1443 0.612711 1376 0.490499 1375 0.490499 1374 0.490499 1377 0.490499 1378 0.490499 1373 0.490499 1379 0.490499 1414 0.379587 1415 0.379587 1416 0.379587 1412 0.379587 1413 0.379587 1411 0.379587 
NanList HYP 0
d
66
0 0 -22.5423 0 0 -22.5423 0 0 -22.5423 0 0 -22.5423 0 0 -22.5423 0 0 -22.5423 0 0 -22.5423 0 0 1.9001 0 0 1.9001 0 0 1.9001 0 0 1.9001 0 0 1.9001 0 0 1.9001 0 0 1.9001 0 0 24.0826 0 0 24.0826 0 0 24.0826 0 0 24.0826 0 0 24.0826 0 0 24.0826 -2.36252 -4.94062 0 2.36262 4.94073 0 
s	7
1430 1434 1465 1469 
1430 1431 1432 1433 1434 1465 1466 1467 1468 1469 
b
2 0
0.804177 0.137232 0.242887
1431 0 0 2
1432 0 0 3
1433 0 0 1
1466 0 0 2
1467 0 0 2
1468 0 0 2
g
0
0.5 2 0 0 1 2 0 2 5
t
2
14
9686.06 968.99 100
9684.53 969.322 -100
a
4
42
1434 1429 1469 1464 
1 1431 1 1466 0 1465 0 1467 0 2640 0.470663 2641 0.529337 
1 1432 1 1466 0 1467 0 1468 0 2640 0.470663 2641 0.529337 
1 1430 1 1466 0 1465 0 2640 0.470663 2641 0.529337 
1 1433 1 1468 0 2640 0.470663 2641 0.529337 
2 1466 1 1431 0 1432 0 1430 0 2640 0.529337 2641 0.470663 
2 1465 1 1431 0 1430 0 2640 0.529337 2641 0.470663 
2 1467 1 1431 0 1432 0 2640 0.529337 2641 0.470663 
2 1468 1 1432 0 1433 0 2640 0.529337 2641 0.470663 
0 2640 4 1431 0.470663 1432 0.470663 1430 0.470663 1433 0.470663 1466 0.529337 1465 0.529337 1467 0.529337 1468 0.529337 
0 2641 4 1431 0.529337 1432 0.529337 1430 0.529337 1433 0.529337 1466 0.470663 1465 0.470663 1467 0.470663 1468 0.470663 
NanList HYP 0
d
30
0 0 -5.86742 0 0 -5.86742 0 0 -5.86742 0 0 -5.86742 0 0 5.86742 0 0 5.86742 0 0 5.86742 0 0 5.86742 0.763283 -0.166165 0 -0.763127 0.166165 0 
s	8
1447 1448 1449 1481 1482 1483 1514 1515 1516 1545 1546 1547 1548 1549 
1447 1448 1449 1481 1482 1483 1514 1515 1516 1545 1546 1547 1548 1549 
b
3 0
0.12979 0.400944 0.156679
1448 0 0 1
1482 0 0 1
1548 0 0 2
b
2 0
0.218257 0.998924 0.108809
1515 0 0 2
1546 0 0 1
1547 0 0 1
g
0
0.5 2 0 0 1 2 0 2 5
t
2
16
9843.94 1910.21 100
9848.79 1906.47 -100
a
8
46
1449 1446 1483 1480 1516 1513 1549 1544 
1 1547 1 1447 0 1482 0 1515 0 1481 0 2640 0.426069 2641 0.573931 
1 1548 1 1447 0 1482 0 1448 0 2640 0.426069 2641 0.573931 
1 1546 1 1514 0 1515 0 2640 0.426069 2641 0.573931 
1 1545 1 1514 0 2640 0.426069 2641 0.573931 
2 1514 1 1546 0 1545 0 2640 0.549287 2641 0.450713 
2 1515 1 1547 0 1546 0 2640 0.549287 2641 0.450713 
2 1447 1 1547 0 1548 0 2640 0.549287 2641 0.450713 
2 1448 1 1548 0 2640 0.549287 2641 0.450713 
2 1482 1 1547 0 1548 0 2640 0.549287 2641 0.450713 
2 1481 1 1547 0 2640 0.549287 2641 0.450713 
0 2640 5 1547 0.426069 1548 0.426069 1546 0.426069 1545 0.426069 1514 0.549287 1515 0.549287 1447 0.549287 1448 0.549287 1482 0.549287 1481 0.549287 
0 2641 5 1547 0.573931 1548 0.573931 1546 0.573931 1545 0.573931 1514 0.450713 1515 0.450713 1447 0.450713 1448 0.450713 1482 0.450713 1481 0.450713 
NanList HYP 0
d
36
0 0 -14.7862 0 0 -14.7862 0 0 -14.7862 0 0 -14.7862 0 0 9.85747 0 0 9.85747 0 0 9.85747 0 0 9.85747 0 0 9.85747 0 0 9.85747 -2.42135 1.86889 0 2.42084 -1.86896 0 
s	9
1712 1714 1844 1846 
1712 1713 1714 1844 1845 1846 
b
2 0
0.61264 0.839112 0.512932
1713 0 0 1
1845 0 0 1
g
0
0.5 2 0 0 1 2 0 2 5
t
2
18
11352.7 2298.14 100
11348.8 2299.39 -100
a
4
54
1714 1711 1846 1843 
1 1712 1 1845 0 1844 0 2640 0.459527 2641 0.540473 
1 1713 1 1845 0 2640 0.459527 2641 0.540473 
2 1845 1 1712 0 1713 0 2640 0.540473 2641 0.459527 
2 1844 1 1712 0 2640 0.540473 2641 0.459527 
0 2640 2 1712 0.459527 1713 0.459527 1845 0.540473 1844 0.540473 
0 2641 2 1712 0.540473 1713 0.540473 1845 0.459527 1844 0.459527 
NanList HYP 0
d
18
0 0 -8.09461 0 0 -8.09461 0 0 8.09461 0 0 8.09461 1.93866 -0.625867 0 -1.93866 0.625964 0 
s	10
1778 1780 1809 1811 
1778 1779 1780 1809 1810 1811 
b
2 0
0.524287 0.637552 0.296032
1779 0 0 1
1810 0 0 1
g
0
0.5 2 0 0 1 2 0 2 5
t
2
20
11481.4 2044.38 100
11480.3 2040.61 -100
a
4
58
1780 1777 1811 1808 
1 1779 1 1809 0 1810 0 2640 0.446576 2641 0.553424 
1 1778 1 1809 0 2640 0.446576 2641 0.553424 
2 1809 1 1779 0 1778 0 2640 0.553424 2641 0.446576 
2 1810 1 1779 0 2640 0.553424 2641 0.446576 
0 2640 2 1779 0.446576 1778 0.446576 1809 0.553424 1810 0.553424 
0 2641 2 1779 0.553424 1778 0.553424 1809 0.446576 1810 0.446576 
NanList HYP 0
d
18
0 0 -10.6848 0 0 -10.6848 0 0 10.6848 0 0 10.6848 0.588053 1.88714 0 -0.587271 -1.88725 0 
s	11
2207 2209 2239 2241 
2207 2208 2209 2239 2240 2241 
b
2 0
0.292517 0.972775 0.493583
2208 0 0 1
2240 0 0 1
g
0
0.5 2 0 0 1 2 0 2 5
t
2
22
13777.7 2060.64 100
13777.6 2058.94 -100
a
4
62
2209 2206 2241 2238 
1 2208 1 2239 0 2240 0 2640 0.482117 2641 0.517883 
1 2207 1 2239 0 2640 0.482117 2641 0.517883 
2 2239 1 2208 0 2207 0 2640 0.517883 2641 0.482117 
2 2240 1 2208 0 2640 0.517883 2641 0.482117 
0 2640 2 2208 0.482117 2207 0.482117 2239 0.517883 2240 0.517883 
0 2641 2 2208 0.517883 2207 0.517883 2239 0.482117 2240 0.482117 
NanList HYP 0
d
18
0 0 -3.57667 0 0 -3.57667 0 0 3.57667 0 0 3.57667 0.0300111 0.851955 0 -0.0307923 -0.85215 0 
s	12
2293 2297 2325 2328 
2293 2294 2295 2296 2297 2325 2326 2327 2328 
b
2 0
0.769914 0.526745 0.771358
2294 0 0 1
2295 0 0 2
2296 0 0 1
2326 0 0 2
2327 0 0 2
g
0
0.5 2 0 0 1 2 0 2 5
t
2
24
14850.1 1311.96 100
14849.3 1313.21 -100
a
4
66
2297 2292 2328 2324 
1 2294 1 2327 0 2325 0 2326 0 2640 0.448882 2641 0.551118 
1 2295 1 2327 0 2326 0 2640 0.448882 2641 0.551118 
1 2293 1 2325 0 2640 0.448882 2641 0.551118 
1 2296 1 2327 0 2640 0.448882 2641 0.551118 
2 2327 1 2294 0 2295 0 2296 0 2640 0.568157 2641 0.431843 
2 2325 1 2294 0 2293 0 2640 0.568157 2641 0.431843 
2 2326 1 2294 0 2295 0 2640 0.568157 2641 0.431843 
0 2640 3.5 2294 0.448882 2295 0.448882 2293 0.448882 2296 0.448882 2327 0.568157 2325 0.568157 2326 0.568157 
0 2641 3.5 2294 0.551118 2295 0.551118 2293 0.551118 2296 0.551118 2327 0.431843 2325 0.431843 2326 0.431843 
NanList HYP 0
d
27
0 0 -10.2235 0 0 -10.2235 0 0 -10.2235 0 0 -10.2235 0 0 13.6314 0 0 13.6314 0 0 13.6314 0.4046 -0.622835 0 -0.405493 0.622877 0 
s	13
2302 2305 2332 2336 
2302 2303 2304 2305 2332 2333 2334 2335 2336 
b
2 0
0.283315 0.891529 0.400229
2303 0 0 2
2304 0 0 2
2333 0 0 1
2334 0 0 2
2335 0 0 1
g
0
0.5 2 0 0 1 2 0 2 5
t
2
26
14827.9 1951.96 100
14827.5 1953.17 -100
a
4
70
2305 2301 2336 2331 
1 2302 1 2334 0 2333 0 2332 0 2640 0.431843 2641 0.568157 
1 2303 1 2334 0 2333 0 2640 0.431843 2641 0.568157 
1 2304 1 2334 0 2335 0 2640 0.431843 2641 0.568157 
2 2334 1 2302 0 2303 0 2304 0 2640 0.551118 2641 0.448882 
2 2333 1 2302 0 2303 0 2640 0.551118 2641 0.448882 
2 2332 1 2302 0 2640 0.551118 2641 0.448882 
2 2335 1 2304 0 2640 0.551118 2641 0.448882 
0 2640 3.5 2302 0.431843 2303 0.431843 2304 0.431843 2334 0.551118 2333 0.551118 2332 0.551118 2335 0.551118 
0 2641 3.5 2302 0.568157 2303 0.568157 2304 0.568157 2334 0.448882 2333 0.448882 2332 0.448882 2335 0.448882 
NanList HYP 0
d
27
0 0 -13.6314 0 0 -13.6314 0 0 -13.6314 0 0 10.2235 0 0 10.2235 0 0 10.2235 0 0 10.2235 0.172271 -0.600751 0 -0.171434 0.60066 0 
s	14
2319 2324 2354 2359 
2319 2320 2321 2322 2323 2324 2354 2355 2356 2357 2358 2359 
b
2 0
0.919026 0.807725 0.352458
2320 0 0 2
2321 0 0 3
2322 0 0 3
2323 0 0 1
2355 0 0 2
2356 0 0 3
2357 0 0 2
2358 0 0 2
g
0
0.5 2 0 0 1 2 0 2 5
t
2
28
15140.8 950.055 100
15137.9 949.985 -100
a
4
74
2324 2318 2359 2353 
1 2320 1 2355 0 2356 0 2354 0 2640 0.449693 2641 0.550307 
1 2321 1 2355 0 2356 0 2357 0 2640 0.449693 2641 0.550307 
1 2322 1 2356 0 2357 0 2358 0 2640 0.449693 2641 0.550307 
1 2319 1 2355 0 2354 0 2640 0.449693 2641 0.550307 
1 2323 1 2358 0 2640 0.449693 2641 0.550307 
2 2355 1 2320 0 2321 0 2319 0 2640 0.550307 2641 0.449693 
2 2356 1 2320 0 2321 0 2322 0 2640 0.550307 2641 0.449693 
2 2354 1 2320 0 2319 0 2640 0.550307 2641 0.449693 
2 2357 1 2321 0 2322 0 2640 0.550307 2641 0.449693 
2 2358 1 2322 0 2323 0 2640 0.550307 2641 0.449693 
0 2640 5 2320 0.449693 2321 0.449693 2322 0.449693 2319 0.449693 2323 0.449693 2355 0.550307 2356 0.550307 2354 0.550307 2357 0.550307 2358 0.550307 
0 2641 5 2320 0.550307 2321 0.550307 2322 0.550307 2319 0.550307 2323 0.550307 2355 0.449693 2356 0.449693 2354 0.449693 2357 0.449693 2358 0.449693 
NanList HYP 0
d
36
0 0 -10.0614 0 0 -10.0614 0 0 -10.0614 0 0 -10.0614 0 0 -10.0614 0 0 10.0614 0 0 10.0614 0 0 10.0614 0 0 10.0614 0 0 10.0614 1.46181 0.0349942 0 -1.46204 -0.0350333 0 
s	15
2337 2338 2339 2340 2341 2372 2373 2374 2437 2438 2439 2440 
2337 2338 2339 2340 2341 2372 2373 2374 2437 2438 2439 2440 
b
2 0
0.525995 0.949327 0.0697553
2338 0 0 1
2373 0 0 1
b
2 0
0.663227 0.192214 0.0860558
2339 0 0 1
2340 0 0 2
2438 0 0 2
2439 0 0 1
g
0
0.5 2 0 0 1 2 0 2 5
t
2
30
15203.5 2182.49 100
15204.8 2182.88 -100
a
6
78
2341 2336 2374 2371 2440 2436 
1 2338 1 2438 0 2373 0 2437 0 2640 0.434649 2641 0.565351 
1 2337 1 2373 0 2372 0 2640 0.434649 2641 0.565351 
1 2339 1 2438 0 2437 0 2640 0.434649 2641 0.565351 
1 2340 1 2438 0 2439 0 2640 0.434649 2641 0.565351 
2 2438 1 2338 0 2339 0 2340 0 2640 0.55228 2641 0.44772 
2 2437 1 2338 0 2339 0 2640 0.55228 2641 0.44772 
2 2439 1 2340 0 2640 0.55228 2641 0.44772 
2 2373 1 2338 0 2337 0 2640 0.55228 2641 0.44772 
2 2372 1 2337 0 2640 0.55228 2641 0.44772 
0 2640 4.5 2338 0.434649 2337 0.434649 2339 0.434649 2340 0.434649 2438 0.55228 2437 0.55228 2439 0.55228 2373 0.55228 2372 0.55228 
0 2641 4.5 2338 0.565351 2337 0.565351 2339 0.565351 2340 0.565351 2438 0.44772 2437 0.44772 2439 0.44772 2373 0.44772 2372 0.44772 
NanList HYP 0
d
33
0 0 -13.0701 0 0 -13.0701 0 0 -13.0701 0 0 -13.0701 0 0 10.4561 0 0 10.4561 0 0 10.4561 0 0 10.4561 0 0 10.4561 -0.653644 -0.194159 0 0.653948 0.194226 0 
s	16
2421 2424 2458 2460 
2421 2422 2423 2424 2458 2459 2460 
b
2 0
0.0641713 0.348893 0.890233
2422 0 0 1
2423 0 0 1
2459 0 0 2
g
0
0.5 2 0 0 1 2 0 2 5
t
2
32
15782.2 1095.76 100
15780.7 1095.58 -100
a
4
84
2424 2420 2460 2457 
1 2422 1 2458 0 2459 0 2640 0.478146 2641 0.521854 
1 2421 1 2458 0 2640 0.478146 2641 0.521854 
1 2423 1 2459 0 2640 0.478146 2641 0.521854 
2 2458 1 2422 0 2421 0 2640 0.532781 2641 0.467219 
2 2459 1 2422 0 2423 0 2640 0.532781 2641 0.467219 
0 2640 2.5 2422 0.478146 2421 0.478146 2423 0.478146 2458 0.532781 2459 0.532781 
0 2641 2.5 2422 0.521854 2421 0.521854 2423 0.521854 2458 0.467219 2459 0.467219 
NanList HYP 0
d
21
0 0 -4.37081 0 0 -4.37081 0 0 -4.37081 0 0 6.55621 0 0 6.55621 0.756157 0.0943655 0 -0.757017 -0.0944534 0 
s	17
2465 2466 2467 2468 2469 2470 2471 2472 2473 2496 2497 2498 2499 2500 2501 2532 2533 2534 2535 
2465 2466 2467 2468 2469 2470 2471 2472 2473 2496 2497 2498 2499 2500 2501 2532 2533 2534 2535 
b
2 0
0.0630958 0.457702 0.020023
2466 0 0 1
2467 0 0 3
2468 0 0 2
2469 0 0 2
2497 0 0 2
2498 0 0 2
2499 0 0 3
2500 0 0 1
b
2 0
0.902208 0.970634 0.23828
2470 0 0 1
2471 0 0 2
2472 0 0 2
2533 0 0 3
2534 0 0 2
g
0
0.5 2 0 0 1 2 0 2 5
t
2
34
15804.5 1769.46 100
15804.4 1768.16 -100
a
6
88
2473 2464 2501 2495 2535 2531 
1 2466 1 2498 0 2496 0 2497 0 2640 0.438957 2641 0.561043 
1 2467 1 2498 0 2499 0 2497 0 2640 0.438957 2641 0.561043 
1 2469 1 2499 0 2532 0 2500 0 2640 0.438957 2641 0.561043 
1 2470 1 2532 0 2533 0 2534 0 2640 0.438957 2641 0.561043 
1 2471 1 2532 0 2533 0 2534 0 2640 0.438957 2641 0.561043 
1 2468 1 2498 0 2499 0 2640 0.438957 2641 0.561043 
1 2472 1 2533 0 2534 0 2640 0.438957 2641 0.561043 
1 2465 1 2496 0 2640 0.438957 2641 0.561043 
2 2498 1 2466 0 2467 0 2468 0 2640 0.561043 2641 0.438957 
2 2499 1 2467 0 2469 0 2468 0 2640 0.561043 2641 0.438957 
2 2496 1 2466 0 2465 0 2640 0.561043 2641 0.438957 
2 2497 1 2466 0 2467 0 2640 0.561043 2641 0.438957 
2 2500 1 2469 0 2640 0.561043 2641 0.438957 
2 2532 1 2469 0 2470 0 2471 0 2640 0.561043 2641 0.438957 
2 2533 1 2470 0 2471 0 2472 0 2640 0.561043 2641 0.438957 
2 2534 1 2470 0 2471 0 2472 0 2640 0.561043 2641 0.438957 
0 2640 8 2466 0.438957 2467 0.438957 2469 0.438957 2470 0.438957 2471 0.438957 2468 0.438957 2472 0.438957 2465 0.438957 2498 0.561043 2499 0.561043 2496 0.561043 2497 0.561043 2500 0.561043 2532 0.561043 2533 0.561043 2534 0.561043 
0 2641 8 2466 0.561043 2467 0.561043 2469 0.561043 2470 0.561043 2471 0.561043 2468 0.561043 2472 0.561043 2465 0.561043 2498 0.438957 2499 0.438957 2496 0.438957 2497 0.438957 2500 0.438957 2532 0.438957 2533 0.438957 2534 0.438957 
NanList HYP 0
d
54
0 0 -12.2086 0 0 -12.2086 0 0 -12.2086 0 0 -12.2086 0 0 -12.2086 0 0 -12.2086 0 0 -12.2086 0 0 -12.2086 0 0 12.2086 0 0 12.2086 0 0 12.2086 0 0 12.2086 0 0 12.2086 0 0 12.2086 0 0 12.2086 0 0 12.2086 0.0637044 0.653803 0 -0.0644856 -0.653735 0 
