33 2 0.1 0.3 1 0 22 1
p
0
30
1000 0 0
1009.96 96.253 0
1019.92 192.506 0
1024.61 289.206 0
1025.66 385.984 0
1025.09 482.757 0
1025.43 579.494 0
1027.95 676.164 0
1034.43 772.544 0
1046.13 868.375 0
1063.8 963.347 0
1087.61 1057.18 0
1117.1 1149.69 0
1151.19 1240.96 0
1188.27 1331.29 0
1226.22 1421.3 0
1262.6 1511.76 0
1295.59 1603.23 0
1326.5 1695.31 0
1356.25 1787.88 0
1385.8 1880.56 0
1415.35 1973.25 0
1444.9 2065.93 0
1474.45 2158.61 0
1504 2251.3 0
1533.55 2343.98 0
1563.1 2436.67 0
1592.65 2529.35 0
1622.19 2622.04 0
1651.74 2714.72 0
1681.29 2807.4 0
p
1
30
1200 0 0
1209.75 83.0252 0
1219.51 166.05 0
1228.07 249.269 0
1234.48 332.774 0
1237.9 416.549 0
1239.27 500.422 0
1240.73 584.254 0
1242.48 668.056 0
1245.09 751.801 0
1248.86 835.497 0
1253.77 919.209 0
1259.39 1003.08 0
1264.61 1087.32 0
1267.38 1172.13 0
1271.73 1257.19 0
1277.36 1342.29 0
1285.6 1427.05 0
1298.32 1510.97 0
1317.86 1593.27 0
1346.08 1672.75 0
1384 1747.87 0
1429.9 1818.3 0
1484.08 1882.85 0
1546.38 1940.16 0
1615.5 1989.76 0
1689.51 2032.49 0
1766.36 2070.51 0
1844.16 2107.05 4.74788
1921.69 2144.8 4.74788
1999.33 2182.57 4.74788
p
2
30
1400 0 0
1390.33 75.7985 0
1380.66 151.597 0
1371.94 227.522 0
1365.33 303.692 0
1361.46 380.1 0
1360.82 456.666 0
1361.88 533.288 0
1364.67 609.943 0
1368.69 686.615 0
1373.46 763.305 0
1378.52 840.02 0
1383.48 916.765 0
1388.14 993.532 0
1392.73 1070.29 0
1399.13 1146.9 0
1407.64 1223.3 0
1418.97 1299.35 0
1433.67 1374.84 0
1452.27 1449.53 0
1475.27 1523.1 0
1503.21 1595.07 0
1536.73 1664.81 0
1574.03 1732.79 0
1615.4 1798.57 0
1660.65 1861.98 0
1709.68 1922.76 0
1762.47 1980.59 0
1819.06 2035.15 -18.257
1878.93 2086.7 -18.257
1939.52 2137.36 -18.257
p
3
30
1600 0 0
1602.13 70.9518 0
1604.25 141.904 0
1605.04 212.946 0
1604.23 284.05 0
1601.62 355.159 0
1598.66 426.29 0
1595 497.394 0
1591.05 568.505 0
1587.11 639.636 0
1583.45 710.803 0
1580.39 782.022 0
1578.29 853.31 0
1577.6 924.676 0
1578.58 996.13 0
1582.17 1067.47 0
1589.16 1138.63 0
1599.72 1209.52 -10.2
1612.13 1280.24 -10.2
1626.28 1350.71 -10.2
1642.49 1420.84 -10.2
1660.72 1490.56 -10.2
1680.6 1559.92 -10.2
1701.63 1628.98 -10.2
1723.44 1697.78 -10.2
1746.03 1766.3 0
1769.93 1834.33 0
1796.35 1901.46 0
1825.75 1967.34 0
1857.93 2031.84 4.74788
1891.02 2095.74 4.74788
p
4
30
1800 0 0
1791.56 70.8885 0
1783.11 141.777 0
1774.63 212.608 0
1765.8 283.35 0
1756.36 353.985 0
1745.78 424.446 0
1734.11 494.756 0
1721.21 564.855 0
1707.19 634.74 0
1692.33 704.444 0
1677.12 774.051 0
1662.24 843.696 0
1648.57 913.542 0
1637.16 983.737 0
1629.22 1054.48 0
1625.25 1125.62 0
1625.48 1196.94 10.2
1629.47 1268.2 10.2
1637.67 1339.25 10.2
1650.61 1409.83 10.2
1668.3 1479.65 10.2
1690.22 1548.54 10.2
1715.45 1616.52 10.2
1742.99 1683.75 10.2
1771.93 1750.48 0
1801.51 1816.94 0
1831.1 1883.36 0
1859.64 1950.1 0
1885.86 2017.6 15.5157
1909.16 2086.01 15.5157
p
5
30
2000 0 0
2001.77 70.5828 0
2003.55 141.166 0
2004.24 211.749 0
2005.41 282.338 0
2007.12 352.921 0
2009.85 423.479 0
2013.55 494.003 0
2018.32 564.477 0
2024.3 634.874 0
2031.53 705.173 0
2040.06 775.349 0
2049.91 845.379 0
2061.08 915.243 0
2073.57 984.921 0
2087.34 1054.4 0
2102.37 1123.66 0
2118.58 1192.7 0
2135.92 1261.52 0
2154.3 1330.11 0
2173.62 1398.5 0
2193.78 1466.69 0
2214.66 1534.7 0
2236.13 1602.57 0
2258.05 1670.31 12.1919
2280.33 1737.98 12.1919
2303 1805.54 12.1919
2325.9 1873.05 12.1919
2348.84 1940.54 0
2371.78 2008.04 0
2394.72 2075.53 0
p
6
30
2200 0 0
2194.84 60.4099 0
2189.68 120.82 0
2187.77 181.568 0
2186.82 242.327 0
2187.35 303.135 0
2189.23 363.945 0
2192.32 424.716 0
2195.99 485.449 0
2200.11 546.146 0
2204.46 606.82 0
2208.88 667.488 0
2213.25 728.166 0
2217.52 788.869 0
2221.67 849.606 0
2225.71 910.383 0
2229.71 971.198 0
2233.76 1032.04 0
2237.96 1092.91 0
2242.47 1153.77 0
2247.43 1214.62 0
2253.04 1275.41 0
2259.49 1336.11 0
2266.98 1396.7 0
2275.55 1457.18 12.1919
2284.65 1517.6 12.1919
2294.19 1577.97 12.1919
2304.33 1638.25 12.1919
2314.86 1698.48 12.1919
2325.42 1758.71 12.1919
2335.83 1818.97 0
p
7
30
2400 0 0
2395.31 62.0556 0
2390.63 124.111 0
2386.15 186.16 0
2381.72 248.223 0
2377.37 310.293 0
2373.11 372.37 0
2368.92 434.452 0
2364.81 496.539 0
2360.76 558.632 0
2356.77 620.728 0
2352.84 682.829 0
2348.94 744.934 0
2345.09 807.041 0
2341.28 869.151 0
2337.49 931.263 0
2333.72 993.376 0
2329.96 1055.49 0
2326.22 1117.61 0
2322.48 1179.72 0
2318.73 1241.84 0
2314.98 1303.95 0
2311.21 1366.07 0
2307.42 1428.18 -15.2399
2303.66 1490.28 -15.2399
2300.23 1552.41 -15.2399
2297.39 1614.61 -15.2399
2295.17 1676.86 -15.2399
2293.16 1739.12 -15.2399
2291.17 1801.38 -15.2399
2289.16 1863.64 -15.2399
p
8
30
2600 0 0
2600.26 64.4706 0
2600.53 128.941 0
2600.79 193.412 0
2601.05 257.882 0
2601.32 322.353 0
2601.58 386.823 0
2601.84 451.294 0
2602.11 515.764 0
2602.37 580.235 0
2602.63 644.706 0
2602.9 709.176 0
2603.16 773.647 0
2603.42 838.117 0
2603.69 902.588 0
2603.95 967.058 0
2604.21 1031.53 0
2604.48 1096 0
2604.74 1160.47 0
2605 1224.94 0
2605.27 1289.41 0
2605.53 1353.88 0
2605.79 1418.35 0
2606.05 1482.82 0
2606.32 1547.29 0
2606.58 1611.76 0
2606.84 1676.23 0
2607.11 1740.71 0
2607.37 1805.18 0
2607.63 1869.65 0
2607.9 1934.12 0
p
9
30
2800 0 0
2810.21 77.1679 0
2820.42 154.336 0
2830.64 231.504 0
2840.85 308.672 0
2851.06 385.84 0
2861.27 463.008 0
2871.49 540.176 0
2881.7 617.344 0
2891.91 694.512 0
2902.12 771.679 0
2912.33 848.847 0
2922.55 926.015 0
2932.76 1003.18 0
2942.97 1080.35 0
2953.18 1157.52 0
2963.39 1234.69 0
2973.61 1311.86 0
2983.82 1389.02 0
2994.03 1466.19 0
3004.24 1543.36 0
3014.46 1620.53 0
3024.67 1697.69 0
3034.88 1774.86 0
3045.09 1852.03 0
3055.3 1929.2 0
3065.52 2006.37 0
3075.73 2083.53 0
3085.94 2160.7 0
3096.15 2237.87 0
3106.37 2315.04 0
p
10
30
3000 0 0
3008.36 89.8363 0
3016.71 179.673 0
3022.57 269.39 0
3028.2 359.303 0
3033.19 449.277 0
3037.78 539.288 0
3042.23 629.312 0
3046.79 719.325 0
3051.71 809.306 0
3057.24 899.229 0
3063.63 989.072 0
3071.14 1078.81 0
3080.02 1168.42 0
3090.51 1257.89 0
3102.87 1347.17 0
3117.36 1436.26 0
3134.21 1525.13 0
3153.69 1613.76 0
3176.05 1702.12 0
3201.54 1790.18 0
3230.4 1877.94 0
3262.19 1965.49 -8.7889
3294.33 2053.1 -8.7889
3326.51 2140.71 -8.7889
3358.73 2228.33 0
3390.95 2315.94 0
3423.17 2403.56 0
3455.39 2491.18 0
3487.61 2578.79 0
3519.83 2666.41 0
p
11
30
3200 0 0
3204.66 69.9213 0
3209.32 139.843 0
3211.51 210.004 0
3212.5 280.12 0
3211.48 350.232 0
3209.52 420.382 0
3206.62 490.526 0
3203.1 560.659 0
3199.24 630.786 0
3195.3 700.911 0
3191.55 771.044 0
3188.23 841.188 0
3185.6 911.348 0
3183.76 981.535 -13.8859
3182.38 1051.75 -13.8859
3181.45 1122.01 -13.8859
3181.35 1192.3 -13.8859
3182.53 1262.6 -13.8859
3185.24 1332.89 -13.8859
3189.47 1403.11 -13.8859
3195.45 1473.25 -13.8859
3203.89 1543.33 0
3214.77 1613.37 0
3227.81 1683.39 0
3242.75 1753.39 0
3259.31 1823.37 0
3277.24 1893.34 0
3296.18 1963.27 8.7889
3315.52 2033.19 8.7889
3334.95 2103.1 8.7889
p
12
30
3400 0 0
3399.83 75.9547 0
3399.65 151.909 0
3398.75 227.833 0
3395.63 303.775 0
3390.11 379.641 0
3379.75 455.074 0
3362.27 529.425 0
3341.67 603.15 0
3317.91 676.157 0
3292.66 748.811 0
3267.55 821.567 0
3243.97 894.806 0
3223.37 968.826 13.8859
3206.99 1043.7 13.8859
3195.91 1119.34 13.8859
3191.16 1195.47 13.8859
3193.56 1271.62 13.8859
3203.46 1347.16 13.8859
3220.47 1421.52 13.8859
3243.6 1494.36 13.8859
3272.41 1565.23 0
3305.9 1634.14 0
3342.54 1701.56 0
3380.53 1768.31 0
3417.93 1835.34 0
3452.81 1903.56 0
3484.15 1973.2 -13.0162
3513.92 2043.64 -13.0162
3543.41 2114.26 -13.0162
3572.87 2185.01 -13.0162
p
13
30
3600 0 0
3610.27 61.0729 0
3620.54 122.146 0
3627.79 183.825 0
3631.95 245.949 0
3630.6 308.584 0
3627.23 371.156 0
3620.95 433.725 0
3614.88 496.293 0
3608.91 558.912 0
3603.51 621.644 0
3597.36 684.563 0
3591.51 747.656 0
3585.74 810.944 0
3581.67 874.409 0
3578.15 937.998 0
3574.94 1001.62 0
3571.78 1065.24 0
3568.51 1128.85 0
3564.86 1192.5 0
3560.3 1256.23 0
3555.9 1320.13 0
3551.23 1384.24 0
3546.47 1448.55 0
3541.81 1513.04 0
3537.5 1577.65 0
3533.72 1642.29 0
3530.4 1706.83 0
3526.71 1771.14 0
3520.32 1834.92 -13.0162
3508.9 1897.73 -13.0162
p
14
30
3800 0 0
3795.06 70.456 0
3790.13 140.912 0
3788.01 211.607 0
3788 282.379 0
3791.23 353.185 0
3795.25 423.961 0
3799.85 494.728 0
3805.44 565.397 0
3812.32 635.955 0
3821.58 706.336 0
3833.61 776.496 0
3847.63 846.572 0
3863.09 916.673 0
3877.53 987.264 0
3889.67 1058.42 0
3897.64 1130.14 0
3899.71 1202.1 -13.4797
3895.35 1273.7 -13.4797
3883.94 1344.21 -13.4797
3864.33 1412.67 -13.4797
3836.52 1478.16 -13.4797
3800.84 1539.8 -13.4797
3758.75 1597.41 -13.4797
3712.38 1651.84 0
3664.46 1705.02 0
3618.05 1759.54 0
3576.56 1817.87 0
3543.12 1881.19 15.6195
3518.9 1948.93 15.6195
3504.47 2020.04 15.6195
p
15
30
4000 0 0
3999.12 79.2973 0
3998.24 158.595 0
4002.23 237.866 0
4010.13 316.915 0
4022.94 395.419 0
4036.38 473.869 0
4048.61 552.403 0
4056.65 631.367 0
4058.41 710.561 0
4052.53 789.499 0
4039.23 867.617 0
4019.22 944.505 0
3994.24 1020.16 0
3966.73 1095.05 0
3939.58 1170.03 13.4797
3914.97 1245.79 13.4797
3891.57 1321.93 13.4797
3868.44 1398.19 13.4797
3844.81 1474.37 13.4797
3820.13 1550.28 13.4797
3794.68 1625.98 13.4797
3769.08 1701.65 0
3743.25 1777.29 0
3716.91 1852.79 0
3689.74 1928.07 0
3661.45 2002.99 0
3631.72 2077.43 0
3600.22 2151.25 15.6195
3566.67 2224.32 15.6195
3531.4 2296.68 0
p
16
30
4200 0 0
4190.9 83.8682 0
4181.79 167.736 0
4176.01 251.943 0
4171.86 336.27 0
4169.38 420.712 0
4166.94 505.218 0
4163.92 589.749 0
4160.06 674.261 0
4154.61 758.689 0
4147.04 842.942 0
4137.29 926.953 0
4125.04 1010.61 0
4110.12 1093.82 0
4092.44 1176.47 0
4071.91 1258.47 0
4048.53 1339.73 0
4022.34 1420.17 0
3993.41 1499.74 0
3961.86 1578.41 0
3927.84 1656.16 0
3891.54 1733 0
3853.17 1808.97 0
3812.99 1884.13 0
3771.24 1958.57 0
3728.22 2032.4 0
3684.22 2105.75 0
3639.56 2178.77 0
3594.58 2251.63 0
3549.48 2324.44 0
3504.16 2397.16 0
p
17
30
4400 0 0
4397.62 83.869 0
4395.24 167.738 0
4392.86 251.607 0
4390.48 335.476 0
4388.1 419.345 0
4385.72 503.214 0
4383.34 587.083 0
4380.96 670.952 0
4378.58 754.821 0
4376.2 838.69 0
4373.82 922.559 0
4371.44 1006.43 0
4369.06 1090.3 0
4366.68 1174.17 0
4364.3 1258.03 0
4361.92 1341.9 0
4359.54 1425.77 0
4357.16 1509.64 0
4354.78 1593.51 0
4352.4 1677.38 0
4350.02 1761.25 0
4347.64 1845.12 0
4345.26 1928.99 0
4342.88 2012.86 0
4340.5 2096.72 0
4338.12 2180.59 0
4335.74 2264.46 0
4333.36 2348.33 0
4330.98 2432.2 0
4328.6 2516.07 0
p
18
30
4600 0 0
4606.17 73.7474 0
4612.34 147.495 0
4618.44 221.255 0
4624.16 295.061 0
4629.23 368.932 0
4633.77 442.83 0
4637.69 516.768 0
4640.9 590.746 0
4643.51 664.75 0
4645.7 738.772 0
4647.48 812.811 0
4648.92 886.862 0
4650.06 960.924 0
4650.93 1035 0
4651.54 1109.08 0
4651.89 1183.17 0
4651.97 1257.26 0
4651.75 1331.36 0
4651.2 1405.47 0
4650.29 1479.58 0
4648.96 1553.68 0
4647.14 1627.79 0
4644.79 1701.88 0
4641.83 1775.96 0
4638.17 1850.02 0
4633.75 1924.05 0
4628.46 1998.04 0
4622.23 2071.98 0
4614.94 2145.86 0
4606.72 2219.67 0
p
19
30
4800 0 0
4798.72 78.0013 0
4797.44 156.003 0
4796.87 234.005 0
4797.54 311.998 0
4799.3 389.966 0
4801.4 467.947 0
4803.71 545.932 0
4805.85 623.926 0
4807.81 701.93 0
4809.27 779.945 0
4810.05 857.967 0
4809.99 935.987 0
4808.94 1014 0
4806.76 1091.98 0
4803.37 1169.91 0
4798.67 1247.78 0
4792.61 1325.56 0
4785.18 1403.23 0
4776.36 1480.77 0
4766.18 1558.17 0
4754.7 1635.41 0
4741.98 1712.48 0
4728.12 1789.38 0
4713.23 1866.12 0
4697.47 1942.71 0
4680.98 2019.17 0
4663.94 2095.53 0
4646.58 2171.83 0
4629.16 2248.13 0
4611.72 2324.42 0
p
20
30
5000 0 0
5001.94 68.1829 0
5003.89 136.366 0
5005.35 204.564 0
5006.13 272.773 0
5005.92 340.995 0
5005.69 409.213 0
5005.72 477.431 0
5006.51 545.632 0
5008.48 613.771 0
5009.57 681.852 0
5010.46 750.011 0
5010.62 818.179 0
5009.77 886.339 0
5007.71 954.47 0
5004.28 1022.54 0
4999.38 1090.53 0
4992.99 1158.42 0
4985.05 1226.17 0
4975.21 1293.73 0
4963.46 1361.04 0
4949.98 1428.1 0
4934.95 1494.9 0
4918.62 1561.47 0
4901.32 1627.86 0
4883.42 1694.15 0
4865.23 1760.4 0
4847.02 1826.67 0
4829.13 1893.03 0
4811.37 1959.43 -12.2113
4792.36 2025.57 -12.2113
p
21
30
5200 0 0
5198.93 69.2434 0
5197.87 138.487 0
5195.88 207.733 0
5192.47 276.961 0
5186.72 346.088 0
5179.7 415.118 0
5171.11 484.02 0
5160.48 552.728 0
5149.79 621.535 0
5133.72 689.857 0
5117.72 758.086 0
5101.88 826.486 0
5086.28 895.018 0
5071.14 963.649 0
5056.5 1032.32 0
5042.3 1100.97 0
5028.45 1169.59 0
5014.84 1238.18 0
5001.44 1306.78 0
4988.13 1375.43 0
4974.79 1444.16 0
4961.28 1512.97 0
4947.42 1581.84 0
4932.92 1650.67 0
4917.39 1719.35 0
4900.21 1787.66 0
4880.42 1855.31 0
4856.68 1921.76 8.14086
4827.75 1986.34 8.14086
4795.03 2049.24 8.14086
p
22
30
5400 0 0
5388.45 86.1879 0
5376.91 172.376 0
5366.55 258.715 0
5357.87 345.249 0
5351.18 431.974 0
5346.72 518.873 0
5345.42 605.918 0
5348.62 692.982 0
5357.75 779.739 0
5371.44 865.902 0
5382.95 952.487 0
5392.11 1039.32 0
5395.91 1126.46 0
5392.24 1213.49 0
5379.55 1299.6 0
5356.95 1383.69 0
5324.31 1464.61 0
5282.22 1541.41 0
5231.87 1613.58 0
5174.91 1681.26 0
5113.26 1745.31 0
5049.04 1807.19 0
4984.45 1868.88 0
4921.86 1932.49 0
4863.86 2000 0
4811.68 2071.84 0
4761.59 2145.37 0
4714.36 2221.03 0
4669.72 2298.39 0
4626.52 2376.64 0
p
23
30
5600 0 0
5600.58 64.0602 0
5601.16 128.12 0
5601.28 192.178 0
5600.68 256.232 0
5599.75 320.289 0
5598.36 384.344 0
5596.55 448.396 0
5594.35 512.443 0
5591.79 576.486 0
5588.91 640.523 0
5585.73 704.555 0
5582.31 768.581 0
5578.67 832.602 0
5574.84 896.619 0
5570.87 960.632 0
5566.8 1024.64 0
5562.65 1088.65 0
5558.47 1152.66 0
5554.3 1216.67 0
5550.16 1280.67 0
5546.1 1344.68 0
5542.16 1408.7 0
5538.37 1472.72 0
5534.77 1536.74 0
5531.39 1600.77 0
5528.27 1664.8 0
5525.45 1728.84 -14.8773
5522.89 1792.88 -14.8773
5520.41 1856.93 -14.8773
5517.9 1920.98 -14.8773
p
24
30
5800 0 0
5807.88 70.6977 0
5815.76 141.395 0
5822.6 212.209 0
5828.19 283.139 0
5832.77 354.128 0
5835.54 425.242 0
5836.51 496.438 0
5835.41 567.671 0
5832.09 638.882 0
5826.44 709.998 0
5818.41 780.943 0
5807.98 851.637 0
5795.2 922.006 0
5780.17 991.985 0
5763.01 1061.52 0
5744.46 1130.74 0
5724.85 1199.67 0
5704.66 1268.45 0
5684.42 1337.19 0
5664.4 1405.97 0
5644.16 1474.72 0
5623.59 1543.38 0
5602.69 1611.95 0
5581.47 1680.43 0
5559.95 1748.81 14.8773
5538.25 1817.13 14.8773
5516.53 1885.44 14.8773
5494.9 1953.75 14.8773
5473.52 2022.12 -3.30956
5452.45 2090.56 -3.30956
p
25
30
6000 0 0
5997.65 74.6718 0
5995.29 149.344 0
5992.17 223.992 0
5987.68 298.592 0
5981.22 373.095 0
5971.93 447.326 0
5961.3 521.407 0
5949.08 595.289 0
5935.48 668.976 0
5920.7 742.47 0
5904.86 815.775 0
5888.06 888.888 0
5870.4 961.807 0
5851.92 1034.52 0
5832.66 1107.03 0
5812.75 1179.36 0
5792.24 1251.5 -12.4163
5771.12 1323.44 -12.4163
5749.14 1395.13 -12.4163
5725.97 1466.43 -10.6425
5701.89 1537.44 -10.6425
5677.36 1608.29 -10.6425
5652.82 1679.13 -10.6425
5627.46 1749.7 0
5600.96 1819.88 0
5573.19 1889.6 0
5544.06 1958.8 0
5513.47 2027.43 0
5481.59 2095.52 3.30956
5449.34 2163.45 3.30956
p
26
30
6200 0 0
6205.45 83.5557 0
6210.91 167.111 0
6215 250.756 0
6217.09 334.499 0
6216.2 418.313 0
6208.41 502.023 0
6196.5 585.315 0
6181.02 668.17 0
6161.63 750.337 0
6138.13 831.546 0
6109.88 911.37 0
6075.85 989.122 0
6034.65 1063.68 0
5984.66 1133.23 0
5924.44 1195.05 0
5855.78 1248.07 12.4163
5786.98 1299.92 12.4163
5728.57 1361 12.4163
5688.18 1432.63 0
5673.47 1513.54 14.19
5687.6 1594.58 14.19
5727.78 1667.52 14.19
5789.72 1724.49 0
5858.35 1773.93 0
5918.06 1832.68 0
5952.78 1907.54 -15.711
5955.11 1990.01 -15.711
5937.44 2072.21 -15.711
5918.3 2154.71 -15.711
5899.71 2237.26 0
p
27
30
6400 0 0
6400.15 69.1955 0
6400.3 138.391 0
6397.58 207.643 0
6390.6 276.787 0
6378.57 345.467 0
6361.87 413.36 0
6341.33 480.33 0
6319 546.83 0
6295.13 612.896 0
6270.4 678.689 0
6245.24 744.331 0
6219.96 809.908 0
6194.77 875.479 0
6169.85 941.104 0
6145.54 1006.91 0
6122.61 1073.18 0
6101.7 1140.15 0
6083.19 1207.83 0
6065.3 1275.91 0
6051.52 1344.74 0
6040.56 1414.18 0
6031.45 1484.06 0
6025.35 1554.48 0
6020.96 1625.31 0
6017.27 1696.45 0
6012.89 1767.73 0
6005.86 1838.83 0
5993.59 1909.08 10.474
5972.57 1977.03 10.474
5941.63 2040.56 10.474
p
28
30
6600 0 0
6581.37 78.8122 0
6562.74 157.624 0
6548.56 237.406 0
6537.67 317.677 0
6526.53 397.795 0
6510.99 477.078 0
6488.82 554.756 0
6458.96 629.949 0
6421.14 701.828 0
6376.56 770.243 0
6327.44 835.964 0
6276.72 900.658 0
6227.74 966.503 0
6184 1035.53 0
6148.47 1108.74 0
6122.73 1185.94 0
6112.11 1267.09 0
6127.13 1348.48 0
6167.01 1422.43 0
6212.83 1493.63 0
6255.28 1566.63 0
6282.7 1645.3 0
6286.19 1727.28 0
6261.9 1804.9 0
6213.52 1870.45 0
6149.66 1922.15 0
6079.62 1966.2 0
6012.17 2014.06 10.474
5953.23 2071.93 10.474
5892.83 2128.71 10.474
p
29
30
6800 0 0
6801.37 63.6856 0
6802.73 127.371 0
6804.1 191.057 0
6805.46 254.742 0
6806.83 318.428 0
6808.19 382.113 0
6809.56 445.799 0
6810.92 509.484 0
6812.29 573.17 0
6813.65 636.856 0
6815.02 700.541 0
6816.38 764.227 0
6817.75 827.912 0
6819.11 891.598 0
6820.48 955.283 0
6821.84 1018.97 0
6823.21 1082.65 0
6824.57 1146.34 0
6825.94 1210.03 0
6827.3 1273.71 0
6828.67 1337.4 0
6830.03 1401.08 0
6831.4 1464.77 0
6832.76 1528.45 0
6834.13 1592.14 0
6835.49 1655.82 0
6836.86 1719.51 0
6838.23 1783.2 0
6839.59 1846.88 0
6840.96 1910.57 0
p
30
30
7000 0 0
6996.49 67.5376 0
6992.97 135.075 0
6989.21 202.592 0
6985.21 270.09 0
6981.01 337.571 0
6976.74 405.039 0
6972.63 472.507 0
6969 539.993 0
6966.31 607.51 0
6965.11 675.06 0
6965.99 742.606 0
6969.56 810.062 0
6976.33 877.276 0
6986.51 944.062 0
6999.68 1010.32 0
7014.59 1076.2 0
7031.03 1141.81 0
7048.16 1207.27 0
7065.2 1272.75 0
7081.46 1338.41 0
7096.26 1404.38 0
7109.05 1470.72 0
7119.37 1537.45 0
7126.92 1604.49 0
7131.57 1671.76 0
7133.33 1739.15 0
7132.37 1806.53 -18.0099
7127.57 1873.61 -18.0099
7115.48 1940.15 -18.0099
7101.51 2006.4 -18.0099
p
31
30
7200 0 0
7200.51 63.48 0
7201.01 126.96 0
7201.61 190.447 0
7202.32 253.938 0
7203.17 317.433 0
7204.17 380.933 0
7205.33 444.439 0
7206.65 507.952 0
7208.12 571.474 0
7209.71 635.008 0
7211.42 698.56 0
7213.18 762.14 0
7214.9 825.765 0
7216.26 889.475 0
7216.47 953.346 0
7214.3 1017.45 0
7212.67 1081.55 0
7211.14 1145.73 0
7209.74 1209.97 0
7207.97 1274.31 0
7207.33 1338.78 0
7207.09 1403.44 0
7206.93 1468.32 0
7206.23 1533.4 0
7204.1 1598.63 0
7199.28 1663.83 0
7190.06 1728.56 0
7174.17 1791.95 13.2789
7149.31 1852.39 13.2789
7116.87 1909 13.2789
p
32
30
7400 0 0
7383.63 75.7378 0
7367.27 151.476 0
7351.09 227.248 0
7335.33 303.108 0
7320.38 379.131 0
7306.76 455.405 0
7295.12 532.021 0
7286.28 609.038 0
7281.21 686.445 0
7281.01 764.104 0
7286.9 841.675 0
7300.14 918.535 0
7321.94 993.707 0
7353.18 1065.87 0
7393.7 1133.76 0
7441.03 1197.48 0
7486.59 1262.48 0
7525.49 1331.31 0
7551.34 1405.43 0
7558.46 1483.05 0
7545.11 1559.52 0
7511.63 1629.62 0
7461.69 1689.65 0
7400.58 1739.17 0
7333.54 1781.31 0
7265.23 1821.91 0
7200.49 1867.93 8.0507
7142.81 1922.27 8.0507
7085.71 1977.66 8.0507
7028.25 2032.79 8.0507
p
33
30
7600 0 0
7602.33 70.7834 0
7604.66 141.567 0
7606.99 212.35 0
7609.31 283.134 0
7611.64 353.917 0
7613.97 424.7 0
7616.3 495.484 0
7618.63 566.267 0
7620.96 637.051 0
7623.28 707.834 0
7625.61 778.618 0
7627.94 849.401 0
7630.27 920.184 0
7632.6 990.968 0
7634.93 1061.75 0
7637.25 1132.53 0
7639.58 1203.32 0
7641.91 1274.1 0
7644.24 1344.88 0
7646.57 1415.67 0
7648.9 1486.45 0
7651.23 1557.24 0
7653.55 1628.02 0
7655.88 1698.8 0
7658.21 1769.59 0
7660.54 1840.37 0
7662.87 1911.15 0
7665.2 1981.94 0
7667.52 2052.72 0
7669.85 2123.5 0
p
34
30
7800 0 0
7798.38 64.5204 0
7796.75 129.041 0
7795.13 193.561 0
7793.51 258.082 0
7791.88 322.602 0
7790.26 387.122 0
7788.64 451.643 0
7787.01 516.163 0
7785.39 580.683 0
7783.77 645.204 0
7782.14 709.724 0
7780.52 774.245 0
7778.9 838.765 0
7777.28 903.285 0
7775.65 967.806 0
7774.03 1032.33 0
7772.41 1096.85 0
7770.78 1161.37 0
7769.16 1225.89 0
7767.54 1290.41 0
7765.91 1354.93 0
7764.29 1419.45 0
7762.67 1483.97 0
7761.04 1548.49 0
7759.42 1613.01 0
7757.8 1677.53 0
7756.17 1742.05 0
7754.55 1806.57 0
7752.93 1871.09 0
7751.3 1935.61 0
p
35
30
8000 0 0
8003.64 84.1536 0
8007.27 168.307 0
8012.19 252.394 0
8017.39 336.475 0
8023.18 420.529 0
8029.55 504.56 0
8036.46 588.566 0
8043.9 672.549 0
8051.85 756.511 0
8060.29 840.451 0
8069.2 924.371 0
8078.56 1008.27 0
8088.34 1092.15 0
8098.53 1176.02 0
8109.11 1259.87 0
8120.05 1343.7 0
8131.34 1427.52 0
8142.95 1511.32 0
8154.87 1595.11 0
8167.07 1678.89 0
8179.54 1762.65 0
8192.25 1846.41 0
8205.18 1930.16 0
8218.29 2013.9 0
8231.43 2097.64 0
8244.58 2181.38 0
8257.73 2265.12 0
8270.88 2348.87 0
8284.03 2432.61 0
8297.17 2516.35 0
p
36
30
8200 0 0
8197.13 68.5018 0
8194.26 137.004 0
8192.35 205.553 0
8190.65 274.107 0
8189.4 342.681 0
8188.57 411.272 0
8188.16 479.88 0
8188.14 548.505 0
8188.5 617.146 0
8189.23 685.802 0
8190.31 754.473 0
8191.73 823.158 0
8193.46 891.856 0
8195.5 960.567 0
8197.83 1029.29 0
8200.44 1098.03 0
8203.3 1166.77 0
8206.41 1235.53 0
8209.75 1304.29 0
8213.3 1373.07 0
8217.05 1441.85 0
8220.98 1510.64 0
8225.08 1579.44 0
8229.33 1648.24 0
8233.72 1717.05 0
8238.23 1785.86 0
8242.85 1854.68 0
8247.56 1923.51 0
8252.34 1992.33 0
8257.18 2061.16 0
p
37
30
8400 0 0
8406.91 69.9366 0
8413.81 139.873 0
8420.72 209.81 0
8427.63 279.746 0
8434.53 349.683 0
8441.44 419.62 0
8448.35 489.556 0
8455.26 559.493 0
8462.16 629.429 0
8469.07 699.366 0
8475.98 769.302 0
8482.88 839.239 0
8489.79 909.176 0
8496.7 979.112 0
8503.6 1049.05 0
8510.51 1118.99 0
8517.42 1188.92 0
8524.32 1258.86 0
8531.23 1328.8 0
8538.14 1398.73 0
8545.05 1468.67 0
8551.95 1538.6 0
8558.86 1608.54 0
8565.77 1678.48 0
8572.67 1748.41 0
8579.58 1818.35 0
8586.49 1888.29 0
8593.39 1958.22 0
8600.3 2028.16 0
8607.21 2098.1 0
p
38
30
8600 0 0
8599.43 81.5995 0
8598.87 163.199 0
8598.34 244.797 0
8597.9 326.394 0
8597.63 407.991 0
8597.63 489.588 0
8598.02 571.183 0
8598.92 652.774 0
8600.47 734.357 0
8602.82 815.922 0
8606.09 897.458 0
8610.24 978.96 0
8615.34 1060.42 0
8621.43 1141.81 0
8628.52 1223.14 0
8636.62 1304.38 0
8645.74 1385.53 0
8655.87 1466.57 0
8667 1547.5 0
8679.1 1628.3 0
8692.15 1708.97 0
8706.11 1789.51 0
8720.93 1869.91 0
8736.56 1950.18 0
8752.95 2030.31 0
8770.02 2110.32 0
8787.7 2190.21 0
8805.92 2269.99 0
8824.54 2349.69 0
8843.3 2429.37 0
p
39
30
8800 0 0
8791.47 77.9192 0
8782.93 155.838 0
8774.76 233.799 0
8767.03 311.805 0
8759.89 389.872 0
8753.48 468.006 0
8747.94 546.213 0
8743.39 624.489 0
8739.93 702.831 0
8737.69 781.227 0
8736.76 859.66 0
8736.85 938.11 0
8737.99 1016.56 0
8740.1 1095.01 0
8743.1 1173.44 0
8746.92 1251.85 0
8751.5 1330.23 0
8756.79 1408.58 0
8762.71 1486.9 0
8769.23 1565.18 0
8776.29 1643.43 0
8783.83 1721.65 0
8791.83 1799.82 0
8800.23 1877.97 0
8808.99 1956.09 0
8818.07 2034.17 0
8827.44 2112.23 0
8837.05 2190.27 0
8846.88 2268.29 0
8856.85 2346.28 0
p
40
30
9000 0 0
9010.87 74.9451 0
9021.74 149.89 0
9033.44 224.703 0
9045.77 299.404 0
9058.91 373.949 0
9072.74 448.326 0
9086.98 522.589 0
9101.66 596.815 0
9116.62 670.993 0
9131.75 745.143 0
9146.93 819.286 0
9162.05 893.443 0
9177.01 967.632 0
9191.73 1041.87 0
9206.1 1116.17 0
9220.05 1190.55 0
9233.52 1265 0
9246.44 1339.55 0
9258.76 1414.2 0
9270.45 1488.94 0
9281.47 1563.78 0
9291.82 1638.71 0
9301.47 1713.73 0
9310.43 1788.83 0
9318.71 1864.02 0
9326.32 1939.27 0
9333.3 2014.6 0
9339.69 2089.97 0
9345.93 2165.41 0
9353.14 2240.81 0
p
41
30
9200 0 0
9204.5 69.7543 0
9209.01 139.509 0
9213.29 209.367 0
9219.84 279.129 0
9223.81 349.326 0
9229.53 419.757 0
9234.09 490.675 0
9239.2 561.453 0
9244.75 632.269 0
9250.61 703.058 0
9256.74 773.75 0
9263.12 844.299 0
9269.71 914.696 0
9276.51 984.97 0
9283.5 1055.18 0
9290.69 1125.39 0
9298.06 1195.65 0
9305.59 1266.01 0
9313.25 1336.47 0
9320.97 1407.01 0
9328.7 1477.6 0
9336.33 1548.21 0
9343.77 1618.81 0
9350.86 1689.37 0
9357.42 1759.9 0
9363.21 1830.41 0
9367.95 1900.89 0
9371.29 1971.37 0
9372.94 2041.86 0
9372.99 2112.19 0
p
42
30
9400 0 0
9397.11 77.8463 0
9394.22 155.693 0
9391.92 233.49 0
9391.74 311.357 0
9395.03 389.166 0
9402.41 466.708 0
9413.7 543.823 0
9427.69 620.707 0
9443.8 697.297 0
9460.94 773.729 0
9478.01 850.175 0
9493.94 926.803 0
9507.71 1003.73 0
9518.51 1080.99 0
9525.7 1158.53 0
9529.06 1236.23 0
9528.96 1313.93 -4.54488
9525.43 1391.55 -4.54488
9518.62 1468.97 -4.54488
9508.88 1546.12 0
9496.47 1622.96 0
9481.13 1699.35 0
9463.78 1775.35 0
9445.77 1851.23 0
9428.5 1927.24 0
9413.4 2003.64 0
9401.54 2080.53 0
9392.44 2157.87 0
9383.93 2235.43 0
9375.49 2312.94 0
p
43
30
9600 0 0
9594.51 65.2194 0
9589.03 130.439 0
9585.41 195.839 0
9582.1 261.253 0
9579.5 326.727 0
9577.48 392.25 0
9575.97 457.815 0
9574.84 523.412 0
9574 589.035 0
9573.36 654.673 0
9572.8 720.319 0
9572.23 785.963 0
9571.55 851.598 0
9570.65 917.215 0
9569.43 982.805 0
9567.79 1048.36 0
9565.63 1113.87 0
9562.85 1179.33 0
9559.42 1244.75 0
9555.57 1310.14 3.40866
9551.4 1375.51 3.40866
9546.94 1440.85 3.40866
9542.19 1506.16 3.40866
9537.17 1571.43 0
9531.95 1636.67 0
9526.7 1701.91 0
9521.44 1767.15 0
9516.19 1832.39 0
9510.94 1897.63 0
9505.68 1962.87 0
p
44
30
9800 0 0
9801.96 75.8545 0
9803.92 151.709 0
9805.88 227.563 0
9807.84 303.418 0
9809.8 379.272 0
9811.76 455.127 0
9813.71 530.981 0
9815.67 606.836 0
9817.63 682.69 0
9819.59 758.545 0
9821.55 834.399 0
9823.51 910.254 0
9825.47 986.108 0
9827.43 1061.96 0
9829.39 1137.82 0
9831.35 1213.67 0
9833.31 1289.53 0
9835.27 1365.38 0
9837.23 1441.23 0
9839.19 1517.09 0
9841.14 1592.94 0
9843.1 1668.8 0
9845.06 1744.65 0
9847.02 1820.51 0
9848.98 1896.36 0
9850.94 1972.22 0
9852.9 2048.07 0
9854.86 2123.92 0
9856.82 2199.78 0
9858.78 2275.63 0
p
45
30
10000 0 0
9996.92 86.2934 0
9993.85 172.587 0
9990.77 258.88 0
9987.7 345.174 0
9984.62 431.467 0
9981.55 517.76 0
9978.47 604.054 0
9975.39 690.347 0
9972.32 776.641 0
9969.24 862.934 0
9966.17 949.227 0
9963.09 1035.52 0
9960.02 1121.81 0
9956.94 1208.11 0
9953.86 1294.4 0
9950.79 1380.69 0
9947.71 1466.99 0
9944.64 1553.28 0
9941.56 1639.57 0
9938.49 1725.87 0
9935.41 1812.16 0
9932.33 1898.45 0
9929.26 1984.75 0
9926.18 2071.04 0
9923.11 2157.34 0
9920.03 2243.63 0
9916.96 2329.92 0
9913.88 2416.22 0
9910.8 2502.51 0
9907.73 2588.8 0
p
46
30
10200 0 0
10201.9 82.729 0
10203.8 165.458 0
10205.3 248.195 0
10206 330.942 0
10205.4 413.695 0
10203 496.425 0
10197.9 579.059 0
10189.3 661.445 0
10176.5 743.364 0
10159.8 824.632 0
10139.8 905.248 0
10118.7 985.607 0
10098.7 1066.25 0
10081.8 1147.55 0
10070.1 1229.69 0
10065.5 1312.45 0
10068.3 1395.26 0
10079.2 1477.39 0
10098.4 1558.08 0
10125.3 1636.66 0
10159.2 1712.68 0
10199 1786.04 0
10243.2 1857.03 0
10290.3 1926.3 0
10338.7 1994.79 0
10386.7 2063.63 0
10432.4 2133.96 0
10475.1 2206.14 9.25425
10517.6 2278.52 9.25425
10560.3 2350.79 9.25425
p
47
30
10400 0 0
10391 72.5175 0
10382.1 145.035 0
10373.7 217.631 0
10365.9 290.314 0
10359.2 363.107 0
10353.6 436.027 0
10349.4 509.079 0
10347.1 582.264 0
10347 655.57 0
10349.5 728.942 0
10354.7 802.296 0
10360.5 875.628 0
10366.7 948.97 0
10372.8 1022.33 0
10378.7 1095.7 0
10384.7 1169.07 0
10389.8 1242.5 0
10394.4 1315.99 0
10398.5 1389.55 0
10402.2 1463.18 0
10405.7 1536.89 0
10409.2 1610.67 0
10413.1 1684.51 0
10417.6 1758.39 0
10423.2 1832.24 0
10430.7 1905.98 0
10440.9 1979.41 0
10455.1 2052.18 0
10475.2 2123.6 9.25425
10501.5 2192.94 9.25425
p
48
30
10600 0 0
10595.3 75.7704 0
10590.5 151.541 0
10585 227.258 0
10578.5 302.89 0
10570.3 378.364 0
10559.9 453.568 0
10546.6 528.355 0
10530.4 602.582 0
10511.6 676.228 0
10491.5 749.532 0
10471.8 822.919 0
10455.5 897.11 0
10442 971.841 0
10432.5 1047.15 0
10427.3 1122.85 0
10426.4 1198.72 0
10429.4 1274.56 0
10435.6 1350.23 0
10444.3 1425.69 0
10454.5 1500.98 0
10465.4 1576.19 0
10476.1 1651.42 0
10485.9 1726.75 0
10494.3 1802.22 0
10501 1877.83 0
10506.1 1953.54 0
10509.7 2029.31 0
10512.5 2105.13 -15.4238
10514.7 2181 -15.4238
10516.3 2257.02 -15.4238
p
49
30
10800 0 0
10804.1 69.0799 0
10808.2 138.16 0
10812.3 207.24 0
10816.4 276.32 0
10820.5 345.4 0
10824.6 414.48 0
10828.7 483.559 0
10832.8 552.639 0
10836.9 621.719 0
10841 690.799 0
10845.1 759.879 0
10849.2 828.959 0
10853.3 898.039 0
10857.3 967.119 0
10861.4 1036.2 0
10865.5 1105.28 0
10869.6 1174.36 0
10873.7 1243.44 0
10877.8 1312.52 0
10881.9 1381.6 0
10886 1450.68 0
10890.1 1519.76 0
10894.2 1588.84 0
10898.3 1657.92 0
10902.4 1727 0
10906.5 1796.08 0
10910.6 1865.16 0
10914.7 1934.24 0
10918.8 2003.32 0
10922.9 2072.4 0
p
50
30
11000 0 0
11004 73.7677 0
11008.1 147.535 0
11012.1 221.303 0
11016.1 295.071 0
11020.2 368.839 0
11024.2 442.606 0
11028.2 516.374 0
11032.3 590.142 0
11036.3 663.909 0
11040.4 737.677 0
11044.4 811.445 0
11048.4 885.212 0
11052.5 958.98 0
11056.5 1032.75 0
11060.5 1106.52 0
11064.6 1180.28 0
11068.6 1254.05 0
11072.6 1327.82 0
11076.7 1401.59 0
11080.7 1475.35 0
11084.7 1549.12 0
11088.8 1622.89 0
11092.8 1696.66 0
11096.8 1770.42 0
11100.9 1844.19 0
11104.9 1917.96 0
11109 1991.73 0
11113 2065.5 0
11117 2139.26 0
11121.1 2213.03 0
p
51
30
11200 0 0
11199.8 76.0984 0
11199.6 152.197 0
11199.4 228.295 0
11199.1 304.394 0
11198.9 380.492 0
11198.7 456.59 0
11198.5 532.689 0
11198.3 608.787 0
11198.1 684.886 0
11197.9 760.984 0
11197.7 837.083 0
11197.4 913.181 0
11197.2 989.279 0
11197 1065.38 0
11196.8 1141.48 0
11196.6 1217.57 0
11196.4 1293.67 0
11196.2 1369.77 0
11195.9 1445.87 0
11195.7 1521.97 0
11195.5 1598.07 0
11195.3 1674.17 0
11195.1 1750.26 0
11194.9 1826.36 0
11194.7 1902.46 0
11194.4 1978.56 0
11194.2 2054.66 0
11194 2130.76 0
11193.8 2206.85 0
11193.6 2282.95 0
p
52
30
11400 0 0
11403 79.4143 0
11406.1 158.829 0
11410.4 238.17 0
11416.7 317.381 0
11425.6 396.321 0
11436.2 475.116 0
11447.2 553.804 0
11459 632.459 0
11471.1 711.106 0
11483.2 789.785 0
11494.8 868.529 0
11505.7 947.363 0
11515.6 1026.3 0
11524.4 1105.35 0
11531.9 1184.5 0
11538 1263.74 0
11542.6 1343.06 0
11545.8 1422.42 0
11547.5 1501.82 0
11547.8 1581.22 0
11546.7 1660.61 0
11544.6 1739.99 0
11541.4 1819.34 0
11537.3 1898.66 0
11532.7 1977.95 0
11527.6 2057.24 0
11522.3 2136.53 0
11516.9 2215.82 0
11510.9 2295.16 -9.09939
11504.9 2374.55 -9.09939
p
53
30
11600 0 0
11601.3 73.2782 0
11602.6 146.556 0
11604 219.881 0
11605.3 293.263 0
11603.9 366.853 0
11605.9 440.405 0
11601.2 514.721 0
11598 589.093 0
11595.5 663.828 0
11593.6 738.812 0
11592.3 813.885 0
11591.7 888.892 0
11591.4 963.713 0
11591.5 1038.28 0
11591.6 1112.6 0
11591.7 1186.71 0
11591.8 1260.71 0
11591.8 1334.68 0
11591.6 1408.75 0
11591.3 1482.98 0
11590.8 1557.43 0
11590.1 1632.1 0
11589.1 1706.95 0
11587.7 1781.89 0
11585.7 1856.82 0
11582.7 1931.61 0
11578.2 2006.14 0
11571.2 2080.26 0
11560.4 2153.75 0
11545.3 2226.3 0
p
54
30
11800 0 0
11792.8 88.9871 0
11785.7 177.974 0
11781.3 267.173 0
11781.5 356.575 0
11790 445.839 0
11803.6 534.716 0
11824.5 622.448 0
11846.2 710.265 0
11868.9 797.967 0
11890.1 886.01 0
11907.9 974.623 0
11920.6 1063.83 0
11927 1153.42 0
11926.3 1243.02 0
11918 1332.1 0
11902.1 1420.15 0
11879.2 1506.74 0
11850 1591.64 0
11815.7 1674.87 0
11777.7 1756.74 0
11737.7 1837.78 0
11697.4 1918.7 0
11658.6 2000.25 0
11623.1 2083.11 0
11592.1 2167.54 0
11564.3 2253.08 0
11537.5 2338.98 9.09939
11510.8 2424.93 9.09939
11484 2510.86 0
11457.2 2596.8 0
p
55
30
12000 0 0
12000.7 82.0727 0
12001.3 164.145 0
12001.1 246.208 0
12000.1 328.254 0
11998.4 410.27 0
11996.4 492.252 0
11994.7 574.198 0
11994 656.095 0
11994.4 737.947 0
11996.4 819.823 0
12000.1 901.641 0
12005.9 983.358 0
12013.8 1064.92 0
12023.9 1146.29 0
12036 1227.42 0
12050.1 1308.28 0
12065.9 1388.9 0
12083 1469.28 0
12101 1549.49 0
12119.5 1629.6 0
12138 1709.71 0
12156 1789.91 0
12172.9 1870.31 0
12188.3 1950.96 0
12201.6 2031.92 0
12212.4 2113.18 0
12220.5 2194.72 -17.2881
12225.7 2276.42 -17.2881
12229.1 2358.36 -17.2881
12232.3 2440.39 -17.2881
p
56
30
12200 0 0
12202.7 76.1784 0
12205.4 152.357 0
12208.3 228.539 0
12211.4 304.722 0
12214.8 380.906 0
12218.6 457.095 0
12222.4 533.311 0
12225.5 609.628 0
12226.8 686.099 0
12228 762.557 0
12228.9 839.058 0
12229.6 915.591 0
12230.1 992.152 0
12231.1 1068.72 0
12232.5 1145.31 0
12234.4 1221.92 0
12236.7 1298.55 0
12239.4 1375.22 0
12242.5 1451.92 0
12245.9 1528.67 0
12249.3 1605.47 0
12252.6 1682.33 0
12255.7 1759.25 0
12258.2 1836.22 0
12259.8 1913.23 0
12260 1990.24 0
12258.3 2067.21 0
12254 2144.04 13.9119
12246.2 2220.56 13.9119
12235 2296.6 13.9119
p
57
30
12400 0 0
12393.1 83.5139 0
12386.3 167.028 0
12380.3 250.609 0
12375.9 334.29 0
12374 418.093 0
12376 501.949 0
12383.7 585.595 0
12398.6 668.448 0
12420.5 749.957 0
12445.7 830.771 0
12472.8 911.122 0
12499.6 991.634 0
12523.9 1072.87 0
12544.2 1155.02 0
12559.1 1238.12 0
12567.4 1321.92 0
12568.3 1405.95 0
12561.6 1489.59 0
12547.4 1572.25 0
12526.2 1653.46 0
12499.1 1732.99 0
12467.3 1810.88 0
12432.3 1887.52 0
12395.9 1963.54 0
12359.8 2039.73 0
12325.8 2116.9 0
12296.1 2195.73 0
12271.3 2276.2 9.13884
12247.9 2357.25 9.13884
12224.6 2438.33 9.13884
p
58
30
12600 0 0
12609 90.3406 0
12618.1 180.681 0
12627.1 271.022 0
12636.1 361.362 0
12645.1 451.703 0
12654.2 542.044 0
12663.2 632.384 0
12672.2 722.725 0
12681.3 813.065 0
12690.3 903.406 0
12699.3 993.747 0
12708.4 1084.09 0
12717.4 1174.43 0
12726.4 1264.77 0
12735.4 1355.11 0
12744.5 1445.45 0
12753.5 1535.79 0
12762.5 1626.13 0
12771.6 1716.47 0
12780.6 1806.81 0
12789.6 1897.15 0
12798.6 1987.49 0
12807.7 2077.83 0
12816.7 2168.17 0
12825.7 2258.51 0
12834.8 2348.86 0
12843.8 2439.2 0
12852.8 2529.54 0
12861.9 2619.88 0
12870.9 2710.22 0
p
59
30
12800 0 0
12803.2 84.6602 0
12806.4 169.32 0
12809.6 253.981 0
12812.8 338.641 0
12816 423.301 0
12819.2 507.961 0
12822.4 592.622 0
12825.6 677.282 0
12828.8 761.942 0
12832.1 846.602 0
12835.3 931.263 0
12838.5 1015.92 0
12841.7 1100.58 0
12844.9 1185.24 0
12848.1 1269.9 0
12851.3 1354.56 0
12854.5 1439.22 0
12857.7 1523.88 0
12860.9 1608.54 0
12864.1 1693.2 0
12867.3 1777.86 0
12870.5 1862.53 0
12873.7 1947.19 0
12876.9 2031.85 0
12880.1 2116.51 0
12883.3 2201.17 0
12886.5 2285.83 0
12889.7 2370.49 0
12893 2455.15 0
12896.2 2539.81 0
p
60
30
13000 0 0
12998.2 77.4363 0
12996.3 154.873 0
12994 232.283 0
12991 309.661 0
12986.8 386.977 0
12982.2 464.282 0
12976.9 541.557 0
12971.2 618.808 0
12965.1 696.042 0
12959 773.269 0
12952.9 850.5 0
12947 927.745 0
12941.4 1005.01 0
12936.5 1082.31 0
12932.2 1159.65 0
12928.8 1237.03 0
12926.4 1314.44 0
12925.2 1391.88 0
12925.2 1469.34 0
12926.7 1546.81 0
12929.6 1624.26 0
12934.1 1701.67 0
12940.2 1779.02 0
12947.9 1856.29 0
12957.3 1933.44 0
12968.4 2010.45 0
12981 2087.31 0
12995.1 2164.01 0
13010.6 2240.53 -12.2717
13027.2 2316.93 -12.2717
p
61
30
13200 0 0
13202.1 63.7762 0
13204.2 127.552 0
13206.5 191.319 0
13208.8 255.082 0
13210.6 318.863 0
13212.4 382.648 0
13214 446.441 0
13215.6 510.239 0
13217 574.042 0
13218.3 637.85 0
13219.7 701.66 0
13221 765.472 0
13222.4 829.284 0
13223.9 893.095 0
13225.4 956.903 0
13227.2 1020.71 0
13229.1 1084.5 0
13231.2 1148.29 0
13233.5 1212.07 0
13236.1 1275.84 0
13239 1339.59 0
13242.2 1403.32 0
13245.8 1467.04 -16.5064
13249.2 1530.76 -16.5064
13251.9 1594.52 -16.5064
13253.3 1658.34 -16.5064
13254.7 1722.15 -16.5064
13256.4 1785.94 -16.5064
13258.1 1849.74 0
13259.8 1913.53 0
p
62
30
13400 0 0
13408.6 59.908 0
13417.2 119.816 0
13424.5 179.942 0
13429.4 240.372 0
13430.4 301.16 0
13429.2 361.974 0
13425.5 422.774 0
13419.4 483.456 0
13412.3 544.076 0
13404.5 604.642 0
13396.2 665.203 0
13387.8 725.803 0
13379.6 786.485 0
13371.6 847.281 0
13363.8 908.214 0
13356.3 969.299 0
13349 1030.54 0
13341.7 1091.92 0
13334.2 1153.42 0
13326.3 1215 0
13317.6 1276.6 0
13307.8 1338.12 0
13296.4 1399.45 0
13282.8 1460.39 11.0043
13266.6 1520.79 11.0043
13248.5 1580.75 11.0043
13229 1640.34 11.0043
13208.5 1699.76 11.0043
13187.6 1759.1 0
13166.4 1818.44 0
p
63
30
13600 0 0
13602.1 83.6156 0
13604.2 167.231 0
13610.8 250.705 0
13623.6 333.649 0
13643.4 415.455 0
13663.6 497.305 0
13682 579.635 0
13694.9 662.958 0
13701.7 746.858 0
13700.5 830.942 0
13690.3 914.446 0
13670.9 996.501 0
13642.5 1076.33 0
13606.2 1153.41 0
13563.1 1227.66 0
13515.2 1299.48 0
13464.4 1369.78 0
13413.1 1439.85 0
13363.5 1511.21 0
13318.5 1585.35 11.0043
13278.9 1662.5 11.0043
13240.1 1740.16 11.0043
13201 1817.81 11.0043
13164 1896.49 0
13132.2 1977.68 0
13105.5 2060.9 0
13082.5 2145.46 0
13061.8 2230.83 8.18115
13042.3 2316.55 8.18115
13023.2 2402.35 8.18115
p
64
30
13800 0 0
13802.7 75.2989 0
13805.4 150.598 0
13808.2 225.897 0
13810.9 301.196 0
13813.6 376.494 0
13816.3 451.793 0
13819 527.092 0
13821.7 602.391 0
13824.5 677.69 0
13827.2 752.989 0
13829.9 828.288 0
13832.6 903.587 0
13835.3 978.885 0
13838.1 1054.18 0
13840.8 1129.48 0
13843.5 1204.78 0
13846.2 1280.08 0
13848.9 1355.38 0
13851.6 1430.68 0
13854.4 1505.98 0
13857.1 1581.28 0
13859.8 1656.58 0
13862.5 1731.87 0
13865.2 1807.17 0
13868 1882.47 0
13870.7 1957.77 0
13873.4 2033.07 0
13876.1 2108.37 0
13878.8 2183.67 0
13881.5 2258.97 0
p
65
30
14000 0 0
13999.4 82.1814 0
13998.9 164.363 0
13998.3 246.544 0
13997.7 328.726 0
13997.2 410.907 0
13996.6 493.089 0
13996 575.27 0
13995.5 657.451 0
13994.9 739.633 0
13994.3 821.814 0
13993.7 903.996 0
13993.2 986.177 0
13992.6 1068.36 0
13992 1150.54 0
13991.5 1232.72 0
13990.9 1314.9 0
13990.3 1397.08 0
13989.8 1479.27 0
13989.2 1561.45 0
13988.6 1643.63 0
13988.1 1725.81 0
13987.5 1807.99 0
13986.9 1890.17 0
13986.4 1972.35 0
13985.8 2054.54 0
13985.2 2136.72 0
13984.7 2218.9 0
13984.1 2301.08 0
13983.5 2383.26 0
13982.9 2465.44 0
p
66
30
14200 0 0
14201.3 72.56 0
14202.6 145.12 0
14203.8 217.681 0
14204.9 290.245 0
14205.8 362.81 0
14206.6 435.378 0
14207.1 507.948 0
14207.4 580.519 0
14207.3 653.092 0
14206.9 725.664 0
14206 798.234 0
14204.8 870.798 0
14203 943.353 0
14200.7 1015.9 0
14197.9 1088.42 0
14194.5 1160.92 0
14190.4 1233.39 0
14186 1305.84 0
14181.4 1378.28 0
14176.8 1450.72 0
14172.2 1523.16 0
14167.8 1595.62 0
14163.9 1668.09 0
14160.4 1740.59 0
14157.7 1813.12 0
14155.8 1885.67 0
14154.9 1958.24 0
14155.2 2030.81 0
14156.8 2103.36 0
14159.5 2175.88 0
p
67
30
14400 0 0
14390.2 71.7365 0
14380.3 143.473 0
14370.6 215.219 0
14360.9 286.979 0
14351.4 358.755 0
14342 430.554 0
14332.8 502.379 0
14323.9 574.235 0
14315.2 646.125 0
14306.9 718.054 0
14298.9 790.023 0
14291.3 862.035 0
14284.2 934.093 0
14277.5 1006.2 0
14271.3 1078.35 0
14265.7 1150.55 0
14260.6 1222.79 0
14256 1295.06 0
14251.6 1367.35 0
14247.4 1439.65 0
14243.3 1511.96 0
14239.1 1584.27 0
14234.8 1656.56 0
14230.3 1728.84 0
14225.4 1801.1 0
14220.1 1873.32 0
14214.2 1945.5 0
14207.6 2017.61 0
14200.2 2089.64 0
14192.1 2161.6 0
p
68
30
14600 0 0
14605.7 81.4713 0
14611.3 162.943 0
14616.9 244.418 0
14622.5 325.897 0
14627.9 407.383 0
14633.3 488.878 0
14638.4 570.382 0
14643.4 651.898 0
14648.2 733.426 0
14652.8 814.967 0
14657.1 896.523 0
14661.1 978.094 0
14664.8 1059.68 0
14668.2 1141.28 0
14671.2 1222.9 0
14674 1304.52 0
14676.6 1386.15 0
14679.1 1467.78 0
14681.6 1549.42 0
14684.2 1631.05 0
14686.8 1712.68 0
14689.6 1794.3 0
14692.7 1875.92 0
14696.1 1957.52 0
14699.9 2039.1 0
14704.1 2120.66 0
14708.9 2202.19 0
14714.3 2283.68 0
14720.4 2365.12 0
14727 2446.51 0
p
69
30
14800 0 0
14795.9 80.9945 0
14791.7 161.989 0
14787.7 242.988 0
14783.8 323.993 0
14780 405.006 0
14776.4 486.027 0
14773.1 567.06 0
14770.1 648.104 0
14767.4 729.161 0
14765 810.23 0
14763.1 891.311 0
14761.6 972.403 0
14760.7 1053.5 0
14760.3 1134.61 0
14760.4 1215.72 0
14760.9 1296.83 0
14761.8 1377.93 0
14762.8 1459.04 0
14764 1540.15 0
14765.2 1621.25 0
14766.4 1702.36 0
14767.4 1783.46 0
14768.1 1864.57 0
14768.5 1945.68 0
14768.5 2026.79 0
14767.9 2107.89 0
14766.7 2188.99 0
14764.7 2270.07 0
14762 2351.12 0
14758.4 2432.15 0
p
70
30
15000 0 0
14995.9 73.3866 0
14991.7 146.773 0
14987.6 220.16 0
14983.4 293.546 0
14979.3 366.933 0
14975.2 440.319 0
14971 513.706 0
14966.9 587.092 0
14962.7 660.479 0
14958.6 733.866 0
14954.5 807.252 0
14950.3 880.639 0
14946.2 954.025 0
14942 1027.41 0
14937.9 1100.8 0
14933.8 1174.18 0
14929.6 1247.57 0
14925.5 1320.96 0
14921.3 1394.34 0
14917.2 1467.73 0
14913.1 1541.12 0
14908.9 1614.5 0
14904.8 1687.89 0
14900.6 1761.28 0
14896.5 1834.66 0
14892.4 1908.05 0
14888.2 1981.44 0
14884.1 2054.82 0
14879.9 2128.21 0
14875.8 2201.6 0
p
71
30
15200 0 0
15201.5 66.1058 0
15202.9 132.212 0
15204.4 198.315 0
15205.9 264.417 0
15207.4 330.517 0
15208.9 396.615 0
15210.3 462.712 0
15211.6 528.808 0
15212.6 594.905 0
15213.1 661.001 0
15213.2 727.106 0
15212.9 793.211 0
15212.1 859.313 0
15210.7 925.409 0
15208.7 991.494 0
15206.1 1057.56 0
15203 1123.61 0
15199.2 1189.63 0
15194.7 1255.62 0
15189.7 1321.57 0
15184 1387.47 0
15177.6 1453.33 0
15170.7 1519.13 0
15163.1 1584.88 0
15155 1650.57 0
15146.3 1716.2 0
15137.1 1781.76 0
15127.4 1847.27 0
15117.3 1912.72 -15.4368
15107 1978.14 -15.4368
p
72
30
15400 0 0
15411.3 68.8086 0
15422.6 137.617 0
15433.4 206.52 0
15443.5 275.533 0
15452.6 344.69 0
15460.5 414.011 0
15466.9 483.506 0
15471.5 553.168 0
15474.1 622.971 0
15474.1 692.865 0
15472.2 762.759 0
15468 832.596 0
15461.6 902.31 0
15453.2 971.837 0
15442.5 1041.11 0
15429.7 1110.07 0
15414.5 1178.61 0
15398 1246.91 0
15380.2 1314.94 0
15361.2 1382.73 0
15341.1 1450.28 0
15319.9 1517.58 0
15297.4 1584.57 0
15273.6 1651.18 0
15248.3 1717.3 0
15221.1 1782.78 0
15191.8 1847.41 0
15159.9 1910.94 10.2912
15125 1973.03 10.2912
15087.5 2033.57 10.2912
p
73
30
15600 0 0
15600.5 79.3575 0
15601 158.715 0
15601.8 238.066 0
15603.2 317.409 0
15605.4 396.737 0
15608.4 476.036 0
15612.5 555.288 0
15617.8 634.471 0
15624.4 713.561 0
15632.1 792.542 0
15639.6 871.552 0
15646 950.647 0
15650.1 1029.88 0
15650.7 1109.21 0
15646.5 1188.43 0
15636.4 1267.15 0
15619.4 1344.76 0
15595.9 1420.78 0
15565.7 1494.59 0
15529.3 1565.75 0
15487.3 1633.99 0
15440.4 1699.28 0
15389.5 1761.86 0
15335.8 1822.22 0
15280.3 1881.13 0
15224 1939.51 0
15168.3 1998.41 0
15113.8 2058.37 0
15059 2118.26 0
15004.2 2178.08 0
p
74
30
15800 0 0
15803.8 72.9745 0
15807.7 145.949 0
15811.5 218.923 0
15815.4 291.898 0
15819.2 364.872 0
15823 437.847 0
15826.9 510.821 0
15830.7 583.796 0
15834.6 656.77 0
15838.4 729.745 0
15842.3 802.719 0
15846.1 875.694 0
15849.9 948.668 0
15853.8 1021.64 0
15857.6 1094.62 0
15861.5 1167.59 0
15865.3 1240.57 0
15869.1 1313.54 0
15873 1386.52 0
15876.8 1459.49 0
15880.7 1532.46 0
15884.5 1605.44 0
15888.3 1678.41 0
15892.2 1751.39 0
15896 1824.36 0
15899.9 1897.34 0
15903.7 1970.31 0
15907.6 2043.29 0
15911.4 2116.26 0
15915.2 2189.23 0
p
75
30
16000 0 0
15998.2 81.4996 0
15996.5 162.999 0
15994.7 244.499 0
15992.9 325.998 0
15991.2 407.498 0
15989.4 488.998 0
15987.6 570.497 0
15985.9 651.997 0
15984.1 733.496 0
15982.4 814.996 0
15980.6 896.496 0
15978.8 977.995 0
15977.1 1059.49 0
15975.3 1140.99 0
15973.5 1222.49 0
15971.8 1303.99 0
15970 1385.49 0
15968.2 1466.99 0
15966.5 1548.49 0
15964.7 1629.99 0
15962.9 1711.49 0
15961.2 1792.99 0
15959.4 1874.49 0
15957.7 1955.99 0
15955.9 2037.49 0
15954.1 2118.99 0
15952.4 2200.49 0
15950.6 2281.99 0
15948.8 2363.49 0
15947.1 2444.99 0
p
76
30
16200 0 0
16198.9 76.939 0
16197.7 153.878 0
16196.6 230.817 0
16195.4 307.756 0
16194.3 384.695 0
16193.2 461.634 0
16192 538.573 0
16190.9 615.512 0
16189.8 692.451 0
16188.6 769.39 0
16187.5 846.33 0
16186.3 923.269 0
16185.2 1000.21 0
16184.1 1077.15 0
16182.9 1154.09 0
16181.8 1231.02 0
16180.7 1307.96 0
16179.5 1384.9 0
16178.4 1461.84 0
16177.2 1538.78 0
16176.1 1615.72 0
16175 1692.66 0
16173.8 1769.6 0
16172.7 1846.54 0
16171.6 1923.48 0
16170.4 2000.42 0
16169.3 2077.35 0
16168.1 2154.29 0
16167 2231.23 0
16165.9 2308.17 0
p
77
30
16400 0 0
16399 74.961 0
16398 149.922 0
16395.6 224.846 0
16391.3 299.689 0
16385.5 374.43 0
16380.7 449.254 0
16378 524.187 0
16379.1 599.172 0
16383.5 674.067 0
16392.3 748.658 0
16405.5 822.697 0
16423.3 895.926 0
16445.7 968.112 0
16472.4 1039.07 0
16503.1 1108.71 0
16537.3 1177.03 0
16574.3 1244.14 0
16613.4 1310.27 0
16653.9 1375.76 0
16694.9 1441.02 0
16735.6 1506.54 0
16774.9 1572.8 0
16811.9 1640.27 0
16846 1709.16 0
16877.4 1779.26 0
16905.2 1851 0
16929.3 1924.11 0
16950.4 1998.25 0
16969.2 2073.13 -14.7633
16986.7 2148.5 -14.7633
p
78
30
16600 0 0
16592.3 56.5941 0
16584.6 113.188 0
16578.8 170.061 0
16576 227.287 0
16577 284.707 0
16580.4 342.101 0
16586.5 399.376 0
16595.2 456.416 0
16605.3 513.277 0
16616.6 569.955 0
16628.7 626.495 0
16641.3 682.942 0
16654.2 739.343 0
16667.1 795.736 0
16680 852.154 0
16692.7 908.624 0
16705.3 965.164 0
16717.7 1021.79 0
16729.8 1078.5 0
16741.8 1135.29 0
16753.7 1192.16 0
16765.6 1249.1 0
16777.6 1306.08 0
16789.8 1363.07 0
16802.4 1420.03 0
16815.6 1476.91 0
16829.7 1533.64 0
16844.9 1590.14 0
16861.6 1646.28 0
16879.8 1702.02 0
p
79
30
16800 0 0
16804.5 81.9233 0
16809 163.847 0
16815.9 245.605 0
16826 327.047 0
16842.1 407.686 0
16861.4 487.833 0
16884.3 567.275 0
16910.2 646.057 0
16938.3 724.298 0
16967.8 802.188 0
16997.7 879.96 0
17027.1 957.871 0
17055 1036.16 0
17080.5 1115.04 0
17102.7 1194.64 0
17120.9 1275.01 0
17134.4 1356.1 0
17142.5 1437.78 0
17145.1 1519.82 0
17141.8 1601.95 0
17132.7 1683.88 0
17118.2 1765.36 0
17098.8 1846.22 0
17075.2 1926.41 0
17048.7 2006.1 0
17020.4 2085.65 9.84221
16990.9 2165.33 9.84221
16957.5 2244.33 9.84221
16923.1 2323.31 0
16888.7 2402.29 0
s	0
61 64 94 97 128 130 161 163 
61 62 63 64 94 95 96 97 128 129 130 161 162 163 
b
4 0
0.783099 0.394383 0.840188
62 0 0 1
63 0 0 1
95 0 0 1
96 0 0 4
129 0 0 3
162 0 0 2
g
0
2 2 0 0 1 2 0 2 5
t
2
0
1895.8 2092.03 100
1893.54 2092.94 -100
a
8
0
64 60 97 93 130 127 163 160 
1 95 1 128 0 162 0 129 0 62 0 161 0 61 0 2640 0.408715 2641 0.591285 
1 96 1 162 0 129 0 62 0 63 0 2640 0.408715 2641 0.591285 
1 94 1 128 0 2640 0.408715 2641 0.591285 
2 128 1 95 0 162 0 161 0 94 0 2640 0.523739 2641 0.476261 
2 129 1 95 0 96 0 162 0 2640 0.523739 2641 0.476261 
3 162 1 95 0 96 0 128 0 129 0 2640 0.577579 2641 0.422421 
3 161 1 95 0 128 0 2640 0.577579 2641 0.422421 
2 62 1 95 0 96 0 2640 0.523739 2641 0.476261 
2 61 1 95 0 2640 0.523739 2641 0.476261 
2 63 1 96 0 2640 0.523739 2641 0.476261 
0 2640 5 95 0.408715 96 0.408715 94 0.408715 128 0.523739 129 0.523739 162 0.577579 161 0.577579 62 0.523739 61 0.523739 63 0.523739 
0 2641 5 95 0.591285 96 0.591285 94 0.591285 128 0.476261 129 0.476261 162 0.422421 161 0.422421 62 0.476261 61 0.476261 63 0.476261 
NanList HYP 0
d
36
0 0 -18.257 0 0 -18.257 0 0 -18.257 0 0 4.74788 0 0 4.74788 0 0 15.5157 0 0 15.5157 0 0 4.74788 0 0 4.74788 0 0 4.74788 1.13068 -0.456425 0 -1.13071 0.456557 0 
s	1
116 124 149 157 
116 117 118 119 120 121 122 123 124 149 150 151 152 153 154 155 156 157 
b
2 0
0.197551 0.911647 0.79844
117 0 0 2
118 0 0 3
119 0 0 3
120 0 0 3
121 0 0 3
122 0 0 3
123 0 0 2
150 0 0 2
151 0 0 3
152 0 0 3
153 0 0 3
154 0 0 3
155 0 0 3
156 0 0 2
g
0
2 2 0 0 1 2 0 2 5
t
2
2
1663.67 1448.22 100
1662.23 1449.44 -100
a
4
8
124 115 157 148 
1 117 1 150 0 151 0 149 0 2640 0.449 2641 0.551 
1 118 1 150 0 151 0 152 0 2640 0.449 2641 0.551 
1 119 1 151 0 152 0 153 0 2640 0.449 2641 0.551 
1 120 1 152 0 153 0 154 0 2640 0.449 2641 0.551 
1 121 1 153 0 154 0 155 0 2640 0.449 2641 0.551 
1 122 1 154 0 155 0 156 0 2640 0.449 2641 0.551 
1 116 1 150 0 149 0 2640 0.449 2641 0.551 
1 123 1 155 0 156 0 2640 0.449 2641 0.551 
2 150 1 117 0 118 0 116 0 2640 0.551 2641 0.449 
2 151 1 117 0 118 0 119 0 2640 0.551 2641 0.449 
2 152 1 118 0 119 0 120 0 2640 0.551 2641 0.449 
2 153 1 119 0 120 0 121 0 2640 0.551 2641 0.449 
2 154 1 120 0 121 0 122 0 2640 0.551 2641 0.449 
2 155 1 121 0 122 0 123 0 2640 0.551 2641 0.449 
2 149 1 117 0 116 0 2640 0.551 2641 0.449 
2 156 1 122 0 123 0 2640 0.551 2641 0.449 
0 2640 8 117 0.449 118 0.449 119 0.449 120 0.449 121 0.449 122 0.449 116 0.449 123 0.449 150 0.551 151 0.551 152 0.551 153 0.551 154 0.551 155 0.551 149 0.551 156 0.551 
0 2641 8 117 0.551 118 0.551 119 0.551 120 0.551 121 0.551 122 0.551 116 0.551 123 0.551 150 0.449 151 0.449 152 0.449 153 0.449 154 0.449 155 0.449 149 0.449 156 0.449 
NanList HYP 0
d
54
0 0 -10.2 0 0 -10.2 0 0 -10.2 0 0 -10.2 0 0 -10.2 0 0 -10.2 0 0 -10.2 0 0 -10.2 0 0 10.2 0 0 10.2 0 0 10.2 0 0 10.2 0 0 10.2 0 0 10.2 0 0 10.2 0 0 10.2 0.721569 -0.611198 0 -0.721471 0.61114 0 
s	2
189 193 222 228 254 262 
189 190 191 192 193 222 223 224 225 226 227 228 254 255 256 257 258 259 260 261 262 
b
3 0
0.277775 0.76823 0.335223
190 0 0 2
191 0 0 3
192 0 0 2
223 0 0 2
224 0 0 2
225 0 0 2
226 0 0 2
227 0 0 1
255 0 0 1
256 0 0 2
257 0 0 2
258 0 0 2
259 0 0 4
260 0 0 3
261 0 0 2
g
0
2 2 0 0 1 2 0 2 5
t
2
4
2296.83 1663.07 100
2296.91 1659.32 -100
a
6
12
193 188 228 221 262 253 
1 259 1 190 0 191 0 189 0 226 0 227 0 2640 0.423801 2641 0.576199 
1 258 1 190 0 225 0 189 0 226 0 2640 0.423801 2641 0.576199 
1 256 1 225 0 223 0 224 0 2640 0.423801 2641 0.576199 
1 260 1 190 0 191 0 192 0 2640 0.423801 2641 0.576199 
1 255 1 222 0 223 0 2640 0.423801 2641 0.576199 
1 257 1 225 0 224 0 2640 0.423801 2641 0.576199 
1 261 1 191 0 192 0 2640 0.423801 2641 0.576199 
1 254 1 222 0 2640 0.423801 2641 0.576199 
2 225 1 258 0 256 0 257 0 2640 0.56096 2641 0.43904 
2 222 1 255 0 254 0 2640 0.56096 2641 0.43904 
2 223 1 256 0 255 0 2640 0.56096 2641 0.43904 
2 224 1 256 0 257 0 2640 0.56096 2641 0.43904 
2 226 1 259 0 258 0 2640 0.56096 2641 0.43904 
2 227 1 259 0 2640 0.56096 2641 0.43904 
2 190 1 259 0 258 0 260 0 2640 0.56096 2641 0.43904 
2 191 1 259 0 260 0 261 0 2640 0.56096 2641 0.43904 
2 189 1 259 0 258 0 2640 0.56096 2641 0.43904 
2 192 1 260 0 261 0 2640 0.56096 2641 0.43904 
0 2640 9 259 0.423801 258 0.423801 256 0.423801 260 0.423801 255 0.423801 257 0.423801 261 0.423801 254 0.423801 225 0.56096 222 0.56096 223 0.56096 224 0.56096 226 0.56096 227 0.56096 190 0.56096 191 0.56096 189 0.56096 192 0.56096 
0 2641 9 259 0.576199 258 0.576199 256 0.576199 260 0.576199 255 0.576199 257 0.576199 261 0.576199 254 0.576199 225 0.43904 222 0.43904 223 0.43904 224 0.43904 226 0.43904 227 0.43904 190 0.43904 191 0.43904 189 0.43904 192 0.43904 
NanList HYP 0
d
60
0 0 -15.2399 0 0 -15.2399 0 0 -15.2399 0 0 -15.2399 0 0 -15.2399 0 0 -15.2399 0 0 -15.2399 0 0 -15.2399 0 0 12.1919 0 0 12.1919 0 0 12.1919 0 0 12.1919 0 0 12.1919 0 0 12.1919 0 0 12.1919 0 0 12.1919 0 0 12.1919 0 0 12.1919 -0.0367188 1.87595 0 0.0367036 -1.87604 0 
s	3
352 355 391 394 
352 353 354 355 391 392 393 394 
b
2 0
0.628871 0.477397 0.55397
353 0 0 2
354 0 0 1
392 0 0 1
393 0 0 2
g
0
2 2 0 0 1 2 0 2 5
t
2
6
3305.88 2042.27 100
3304.01 2044.02 -100
a
4
18
355 351 394 390 
1 352 1 392 0 391 0 2640 0.456056 2641 0.543944 
1 353 1 392 0 393 0 2640 0.456056 2641 0.543944 
1 354 1 393 0 2640 0.456056 2641 0.543944 
2 392 1 352 0 353 0 2640 0.543944 2641 0.456056 
2 393 1 353 0 354 0 2640 0.543944 2641 0.456056 
2 391 1 352 0 2640 0.543944 2641 0.456056 
0 2640 3 352 0.456056 353 0.456056 354 0.456056 392 0.543944 393 0.543944 391 0.543944 
0 2641 3 352 0.543944 353 0.543944 354 0.543944 392 0.456056 393 0.456056 391 0.456056 
NanList HYP 0
d
24
0 0 -8.7889 0 0 -8.7889 0 0 -8.7889 0 0 8.7889 0 0 8.7889 0 0 8.7889 0.931805 -0.875058 0 -0.932027 0.875104 0 
s	4
377 385 409 417 
377 378 379 380 381 382 383 384 385 409 410 411 412 413 414 415 416 417 
b
2 0
0.95223 0.513401 0.364784
378 0 0 2
379 0 0 3
380 0 0 3
381 0 0 3
382 0 0 3
383 0 0 2
384 0 0 2
410 0 0 2
411 0 0 3
412 0 0 3
413 0 0 3
414 0 0 3
415 0 0 3
416 0 0 1
g
0
2 2 0 0 1 2 0 2 5
t
2
8
3199.22 1230.46 100
3195.8 1229.72 -100
a
4
22
385 376 417 408 
1 378 1 410 0 411 0 409 0 2640 0.43057 2641 0.56943 
1 379 1 410 0 411 0 412 0 2640 0.43057 2641 0.56943 
1 380 1 411 0 412 0 413 0 2640 0.43057 2641 0.56943 
1 381 1 412 0 413 0 414 0 2640 0.43057 2641 0.56943 
1 382 1 413 0 414 0 415 0 2640 0.43057 2641 0.56943 
1 377 1 410 0 409 0 2640 0.43057 2641 0.56943 
1 383 1 414 0 415 0 2640 0.43057 2641 0.56943 
1 384 1 415 0 416 0 2640 0.43057 2641 0.56943 
2 410 1 378 0 379 0 377 0 2640 0.56943 2641 0.43057 
2 411 1 378 0 379 0 380 0 2640 0.56943 2641 0.43057 
2 412 1 379 0 380 0 381 0 2640 0.56943 2641 0.43057 
2 413 1 380 0 381 0 382 0 2640 0.56943 2641 0.43057 
2 414 1 381 0 382 0 383 0 2640 0.56943 2641 0.43057 
2 415 1 382 0 383 0 384 0 2640 0.56943 2641 0.43057 
2 409 1 378 0 377 0 2640 0.56943 2641 0.43057 
2 416 1 384 0 2640 0.56943 2641 0.43057 
0 2640 8 378 0.43057 379 0.43057 380 0.43057 381 0.43057 382 0.43057 377 0.43057 383 0.43057 384 0.43057 410 0.56943 411 0.56943 412 0.56943 413 0.56943 414 0.56943 415 0.56943 409 0.56943 416 0.56943 
0 2641 8 378 0.56943 379 0.56943 380 0.56943 381 0.56943 382 0.56943 377 0.56943 383 0.56943 384 0.56943 410 0.43057 411 0.43057 412 0.43057 413 0.43057 414 0.43057 415 0.43057 409 0.43057 416 0.43057 
NanList HYP 0
d
54
0 0 -13.8859 0 0 -13.8859 0 0 -13.8859 0 0 -13.8859 0 0 -13.8859 0 0 -13.8859 0 0 -13.8859 0 0 -13.8859 0 0 13.8859 0 0 13.8859 0 0 13.8859 0 0 13.8859 0 0 13.8859 0 0 13.8859 0 0 13.8859 0 0 13.8859 1.70885 0.369262 0 -1.70865 -0.369313 0 
s	5
423 424 425 426 427 458 459 460 490 491 492 493 523 524 525 
423 424 425 426 427 458 459 460 490 491 492 493 523 524 525 
b
2 0
0.717297 0.635712 0.916195
424 0 0 1
425 0 0 1
492 0 0 2
b
2 0
0.0163006 0.606969 0.141603
426 0 0 1
524 0 0 1
b
2 0
0.804177 0.137232 0.242887
459 0 0 1
491 0 0 1
g
0
2 2 0 0 1 2 0 2 5
t
2
10
3535.88 2027.58 100
3532.65 2022.33 -100
a
8
26
427 422 460 457 493 489 525 522 
1 423 1 491 0 492 0 2640 0.434919 2641 0.565081 
1 424 1 491 0 492 0 2640 0.434919 2641 0.565081 
1 425 1 492 0 523 0 2640 0.434919 2641 0.565081 
1 426 1 523 0 524 0 2640 0.434919 2641 0.565081 
2 491 1 423 0 424 0 459 0 2640 0.578097 2641 0.421903 
2 492 1 423 0 424 0 425 0 2640 0.578097 2641 0.421903 
2 490 1 459 0 458 0 2640 0.578097 2641 0.421903 
1 459 1 491 0 490 0 2640 0.434919 2641 0.565081 
1 458 1 490 0 2640 0.434919 2641 0.565081 
2 523 1 425 0 426 0 2640 0.578097 2641 0.421903 
2 524 1 426 0 2640 0.578097 2641 0.421903 
0 2640 5.5 423 0.434919 424 0.434919 425 0.434919 426 0.434919 491 0.578097 492 0.578097 490 0.578097 459 0.434919 458 0.434919 523 0.578097 524 0.578097 
0 2641 5.5 423 0.565081 424 0.565081 425 0.565081 426 0.565081 491 0.421903 492 0.421903 490 0.421903 459 0.565081 458 0.565081 523 0.421903 524 0.421903 
NanList HYP 0
d
39
0 0 -13.0162 0 0 -13.0162 0 0 -13.0162 0 0 -13.0162 0 0 15.6195 0 0 15.6195 0 0 15.6195 0 0 -13.0162 0 0 -13.0162 0 0 15.6195 0 0 15.6195 1.61514 2.6283 0 -1.61491 -2.62826 0 
s	6
479 486 510 517 
479 480 481 482 483 484 485 486 510 511 512 513 514 515 516 517 
b
2 0
0.12979 0.400944 0.156679
480 0 0 2
481 0 0 2
482 0 0 3
483 0 0 3
484 0 0 3
485 0 0 2
511 0 0 1
512 0 0 3
513 0 0 3
514 0 0 3
515 0 0 3
516 0 0 2
g
0
2 2 0 0 1 2 0 2 5
t
2
12
3859.41 1401.88 100
3856.82 1403.06 -100
a
4
34
486 478 517 509 
1 481 1 511 0 512 0 513 0 2640 0.432602 2641 0.567398 
1 482 1 512 0 513 0 514 0 2640 0.432602 2641 0.567398 
1 483 1 513 0 514 0 515 0 2640 0.432602 2641 0.567398 
1 484 1 514 0 515 0 516 0 2640 0.432602 2641 0.567398 
1 479 1 511 0 510 0 2640 0.432602 2641 0.567398 
1 480 1 511 0 512 0 2640 0.432602 2641 0.567398 
1 485 1 515 0 2640 0.432602 2641 0.567398 
2 511 1 481 0 479 0 480 0 2640 0.567398 2641 0.432602 
2 512 1 481 0 482 0 480 0 2640 0.567398 2641 0.432602 
2 513 1 481 0 482 0 483 0 2640 0.567398 2641 0.432602 
2 514 1 482 0 483 0 484 0 2640 0.567398 2641 0.432602 
2 515 1 483 0 484 0 485 0 2640 0.567398 2641 0.432602 
2 510 1 479 0 2640 0.567398 2641 0.432602 
2 516 1 484 0 2640 0.567398 2641 0.432602 
0 2640 7 481 0.432602 482 0.432602 483 0.432602 484 0.432602 479 0.432602 480 0.432602 485 0.432602 511 0.567398 512 0.567398 513 0.567398 514 0.567398 515 0.567398 510 0.567398 516 0.567398 
0 2641 7 481 0.567398 482 0.567398 483 0.567398 484 0.567398 479 0.567398 480 0.567398 485 0.567398 511 0.432602 512 0.432602 513 0.432602 514 0.432602 515 0.432602 510 0.432602 516 0.432602 
NanList HYP 0
d
48
0 0 -13.4797 0 0 -13.4797 0 0 -13.4797 0 0 -13.4797 0 0 -13.4797 0 0 -13.4797 0 0 -13.4797 0 0 13.4797 0 0 13.4797 0 0 13.4797 0 0 13.4797 0 0 13.4797 0 0 13.4797 0 0 13.4797 1.29732 -0.591995 0 -1.29733 0.591908 0 
s	7
689 691 721 724 
689 690 691 721 722 723 724 
b
2 0
0.218257 0.998924 0.108809
690 0 0 2
722 0 0 1
723 0 0 1
g
0
2 2 0 0 1 2 0 2 5
t
2
14
4817.84 1988.14 100
4815.44 1988.8 -100
a
4
38
691 688 724 720 
1 689 1 722 0 721 0 2640 0.438944 2641 0.561056 
1 690 1 722 0 723 0 2640 0.438944 2641 0.561056 
2 722 1 689 0 690 0 2640 0.540704 2641 0.459296 
2 721 1 689 0 2640 0.540704 2641 0.459296 
2 723 1 690 0 2640 0.540704 2641 0.459296 
0 2640 2.5 689 0.438944 690 0.438944 722 0.540704 721 0.540704 723 0.540704 
0 2641 2.5 689 0.561056 690 0.561056 722 0.459296 721 0.459296 723 0.459296 
NanList HYP 0
d
21
0 0 -12.2113 0 0 -12.2113 0 0 8.14086 0 0 8.14086 0 0 8.14086 1.20247 -0.328257 0 -1.20283 0.328222 0 
s	8
786 790 817 821 
786 787 788 789 790 817 818 819 820 821 
b
2 0
0.61264 0.839112 0.512932
787 0 0 2
788 0 0 3
789 0 0 2
818 0 0 2
819 0 0 3
820 0 0 2
g
0
2 2 0 0 1 2 0 2 5
t
2
16
5524.96 1840.06 100
5524.11 1836.13 -100
a
4
42
790 785 821 816 
1 787 1 818 0 819 0 817 0 2640 0.425614 2641 0.574386 
1 788 1 818 0 819 0 820 0 2640 0.425614 2641 0.574386 
1 789 1 818 0 819 0 820 0 2640 0.425614 2641 0.574386 
1 786 1 818 0 817 0 2640 0.425614 2641 0.574386 
2 818 1 787 0 788 0 789 0 786 0 2640 0.574386 2641 0.425614 
2 819 1 787 0 788 0 789 0 2640 0.574386 2641 0.425614 
2 817 1 787 0 786 0 2640 0.574386 2641 0.425614 
2 820 1 788 0 789 0 2640 0.574386 2641 0.425614 
0 2640 4 787 0.425614 788 0.425614 789 0.425614 786 0.425614 818 0.574386 819 0.574386 817 0.574386 820 0.574386 
0 2641 4 787 0.574386 788 0.574386 789 0.574386 786 0.574386 818 0.425614 819 0.425614 817 0.425614 820 0.425614 
NanList HYP 0
d
30
0 0 -14.8773 0 0 -14.8773 0 0 -14.8773 0 0 -14.8773 0 0 14.8773 0 0 14.8773 0 0 14.8773 0 0 14.8773 0.427193 1.96197 0 -0.427506 -1.96191 0 
s	9
821 823 854 856 
821 822 823 854 855 856 
b
2 0
0.524287 0.637552 0.296032
822 0 0 1
855 0 0 1
g
0
2 2 0 0 1 2 0 2 5
t
2
18
5464.27 2094.12 100
5464.18 2091.7 -100
a
3
46
823 856 853 
1 822 1 854 0 855 0 2640 0.483452 2641 0.516548 
1 821 1 854 0 2640 0.483452 2641 0.516548 
2 854 1 822 0 821 0 2640 0.516548 2641 0.483452 
2 855 1 822 0 2640 0.516548 2641 0.483452 
0 2640 2 822 0.483452 821 0.483452 854 0.516548 855 0.516548 
0 2641 2 822 0.516548 821 0.516548 854 0.483452 855 0.483452 
NanList HYP 0
d
18
0 0 -3.30956 0 0 -3.30956 0 0 3.30956 0 0 3.30956 0.0409409 1.21029 0 -0.0411362 -1.21049 0 
s	10
842 845 874 877 
842 843 844 845 874 875 876 877 
b
2 0
0.292517 0.972775 0.493583
843 0 0 2
844 0 0 1
875 0 0 1
876 0 0 2
g
0
2 2 0 0 1 2 0 2 5
t
2
20
5781.86 1311.91 100
5779.42 1314.44 -100
a
4
49
845 841 877 873 
1 842 1 876 0 875 0 874 0 2640 0.437919 2641 0.562081 
1 843 1 876 0 875 0 2640 0.437919 2641 0.562081 
1 844 1 876 0 2640 0.437919 2641 0.562081 
2 876 1 842 0 843 0 844 0 2640 0.562081 2641 0.437919 
2 875 1 842 0 843 0 2640 0.562081 2641 0.437919 
2 874 1 842 0 2640 0.562081 2641 0.437919 
0 2640 3 842 0.437919 843 0.437919 844 0.437919 876 0.562081 875 0.562081 874 0.562081 
0 2641 3 842 0.562081 843 0.562081 844 0.562081 876 0.437919 875 0.437919 874 0.437919 
NanList HYP 0
d
24
0 0 -12.4163 0 0 -12.4163 0 0 -12.4163 0 0 12.4163 0 0 12.4163 0 0 12.4163 1.21756 -1.26394 0 -1.21726 1.26401 0 
s	11
845 849 878 881 
845 846 847 848 849 878 879 880 881 
b
2 0
0.769914 0.526745 0.771358
846 0 0 1
847 0 0 2
848 0 0 2
879 0 0 3
880 0 0 2
g
0
2 2 0 0 1 2 0 2 5
t
2
22
5692.82 1582.15 100
5692 1579.83 -100
a
3
53
849 881 877 
1 847 1 878 0 879 0 880 0 2640 0.446788 2641 0.553213 
1 846 1 878 0 879 0 2640 0.446788 2641 0.553213 
1 848 1 879 0 880 0 2640 0.446788 2641 0.553213 
1 845 1 878 0 2640 0.446788 2641 0.553213 
2 878 1 847 0 846 0 845 0 2640 0.57095 2641 0.42905 
2 879 1 847 0 846 0 848 0 2640 0.57095 2641 0.42905 
2 880 1 847 0 848 0 2640 0.57095 2641 0.42905 
0 2640 3.5 847 0.446788 846 0.446788 848 0.446788 845 0.446788 878 0.57095 879 0.57095 880 0.57095 
0 2641 3.5 847 0.553213 846 0.553213 848 0.553213 845 0.553213 878 0.42905 879 0.42905 880 0.42905 
NanList HYP 0
d
27
0 0 -10.6425 0 0 -10.6425 0 0 -10.6425 0 0 -10.6425 0 0 14.19 0 0 14.19 0 0 14.19 0.411687 1.15898 0 -0.412144 -1.15896 0 
s	12
884 888 919 922 952 955 
884 885 886 887 888 919 920 921 922 952 953 954 955 
b
3 0
0.283315 0.891529 0.400229
885 0 0 2
886 0 0 4
887 0 0 2
920 0 0 2
921 0 0 2
953 0 0 2
954 0 0 2
g
0
2 2 0 0 1 2 0 2 5
t
2
24
5954.23 2026.11 100
5951.7 2027.06 -100
a
6
56
888 883 922 918 955 951 
1 885 1 920 0 953 0 919 0 921 0 952 0 2640 0.421445 2641 0.578555 
1 886 1 920 0 953 0 921 0 952 0 954 0 2640 0.421445 2641 0.578555 
1 884 1 920 0 919 0 2640 0.421445 2641 0.578555 
1 887 1 953 0 954 0 2640 0.421445 2641 0.578555 
2 920 1 885 0 886 0 884 0 2640 0.55237 2641 0.44763 
2 919 1 885 0 884 0 2640 0.55237 2641 0.44763 
2 921 1 885 0 886 0 2640 0.55237 2641 0.44763 
2 953 1 885 0 886 0 887 0 2640 0.55237 2641 0.44763 
2 952 1 885 0 886 0 2640 0.55237 2641 0.44763 
2 954 1 886 0 887 0 2640 0.55237 2641 0.44763 
0 2640 5 885 0.421445 886 0.421445 884 0.421445 887 0.421445 920 0.55237 919 0.55237 921 0.55237 953 0.55237 952 0.55237 954 0.55237 
0 2641 5 885 0.578555 886 0.578555 884 0.578555 887 0.578555 920 0.44763 919 0.44763 921 0.44763 953 0.44763 952 0.44763 954 0.44763 
NanList HYP 0
d
36
0 0 -15.711 0 0 -15.711 0 0 -15.711 0 0 -15.711 0 0 10.474 0 0 10.474 0 0 10.474 0 0 10.474 0 0 10.474 0 0 10.474 1.26306 -0.474823 0 -1.26275 0.474854 0 
s	13
1017 1021 1051 1054 1083 1087 
1017 1018 1019 1020 1021 1051 1052 1053 1054 1083 1084 1085 1086 1087 
b
3 0
0.919026 0.807725 0.352458
1018 0 0 2
1019 0 0 3
1020 0 0 2
1052 0 0 1
1053 0 0 3
1084 0 0 1
1085 0 0 3
1086 0 0 1
g
0
2 2 0 0 1 2 0 2 5
t
2
26
7125.81 1906.6 100
7124.1 1908.07 -100
a
6
62
1021 1016 1054 1050 1087 1082 
1 1018 1 1084 0 1052 0 1053 0 1083 0 2640 0.40995 2641 0.59005 
1 1019 1 1084 0 1052 0 1053 0 1085 0 2640 0.40995 2641 0.59005 
1 1020 1 1084 0 1085 0 1086 0 2640 0.40995 2641 0.59005 
1 1017 1 1052 0 1051 0 2640 0.40995 2641 0.59005 
2 1084 1 1018 0 1019 0 1052 0 1053 0 1020 0 2640 0.540253 2641 0.459747 
2 1085 1 1019 0 1053 0 1020 0 2640 0.540253 2641 0.459747 
2 1083 1 1018 0 2640 0.540253 2641 0.459747 
2 1086 1 1020 0 2640 0.540253 2641 0.459747 
3 1052 1 1084 0 1018 0 1019 0 1017 0 2640 0.566395 2641 0.433605 
3 1053 1 1084 0 1018 0 1019 0 1085 0 2640 0.566395 2641 0.433605 
3 1051 1 1017 0 2640 0.566395 2641 0.433605 
0 2640 5.5 1018 0.40995 1019 0.40995 1020 0.40995 1017 0.40995 1084 0.540253 1085 0.540253 1083 0.540253 1086 0.540253 1052 0.566395 1053 0.566395 1051 0.566395 
0 2641 5.5 1018 0.59005 1019 0.59005 1020 0.59005 1017 0.59005 1084 0.459747 1085 0.459747 1083 0.459747 1086 0.459747 1052 0.433605 1053 0.433605 1051 0.433605 
NanList HYP 0
d
39
0 0 -18.0099 0 0 -18.0099 0 0 -18.0099 0 0 -18.0099 0 0 8.0507 0 0 8.0507 0 0 8.0507 0 0 8.0507 0 0 13.2789 0 0 13.2789 0 0 13.2789 0.853974 -0.73896 0 -0.853626 0.73886 0 
s	14
1403 1406 1439 1443 
1403 1404 1405 1406 1439 1440 1441 1442 1443 
b
2 0
0.525995 0.949327 0.0697553
1404 0 0 2
1405 0 0 2
1440 0 0 1
1441 0 0 2
1442 0 0 1
g
0
2 2 0 0 1 2 0 2 5
t
2
28
9538.92 1401.34 100
9537.96 1400.69 -100
a
4
68
1406 1402 1443 1438 
1 1403 1 1440 0 1439 0 2640 0.477276 2641 0.522724 
1 1404 1 1440 0 1441 0 2640 0.477276 2641 0.522724 
1 1405 1 1441 0 1442 0 2640 0.477276 2641 0.522724 
2 1440 1 1403 0 1404 0 2640 0.517043 2641 0.482957 
2 1441 1 1404 0 1405 0 2640 0.517043 2641 0.482957 
2 1439 1 1403 0 2640 0.517043 2641 0.482957 
2 1442 1 1405 0 2640 0.517043 2641 0.482957 
0 2640 3.5 1403 0.477276 1404 0.477276 1405 0.477276 1440 0.517043 1441 0.517043 1439 0.517043 1442 0.517043 
0 2641 3.5 1403 0.522724 1404 0.522724 1405 0.522724 1440 0.482957 1441 0.482957 1439 0.482957 1442 0.482957 
NanList HYP 0
d
27
0 0 -4.54488 0 0 -4.54488 0 0 -4.54488 0 0 3.40866 0 0 3.40866 0 0 3.40866 0 0 3.40866 0.48083 0.324894 0 -0.480931 -0.324959 0 
s	15
1546 1549 1580 1582 1612 1615 
1546 1547 1548 1549 1580 1581 1582 1612 1613 1614 1615 
b
3 0
0.663227 0.192214 0.0860558
1547 0 0 1
1548 0 0 1
1581 0 0 2
1613 0 0 1
1614 0 0 3
g
0
2 2 0 0 1 2 0 2 5
t
2
30
10508.7 2214.75 100
10509.6 2209.04 -100
a
6
72
1549 1545 1582 1579 1615 1611 
1 1613 1 1546 0 1547 0 1580 0 1581 0 2640 0.422881 2641 0.577119 
1 1614 1 1546 0 1547 0 1581 0 1548 0 2640 0.422881 2641 0.577119 
1 1612 1 1580 0 2640 0.422881 2641 0.577119 
2 1546 1 1613 0 1614 0 2640 0.546271 2641 0.453729 
2 1547 1 1613 0 1614 0 2640 0.546271 2641 0.453729 
2 1548 1 1614 0 2640 0.546271 2641 0.453729 
2 1580 1 1613 0 1612 0 2640 0.546271 2641 0.453729 
2 1581 1 1613 0 1614 0 2640 0.546271 2641 0.453729 
0 2640 4 1613 0.422881 1614 0.422881 1612 0.422881 1546 0.546271 1547 0.546271 1548 0.546271 1580 0.546271 1581 0.546271 
0 2641 4 1613 0.577119 1614 0.577119 1612 0.577119 1546 0.453729 1547 0.453729 1548 0.453729 1580 0.453729 1581 0.453729 
NanList HYP 0
d
30
0 0 -15.4238 0 0 -15.4238 0 0 -15.4238 0 0 9.25425 0 0 9.25425 0 0 9.25425 0 0 9.25425 0 0 9.25425 -0.495493 2.85416 0 0.494712 -2.85432 0 
s	16
1745 1747 1809 1811 
1745 1746 1747 1809 1810 1811 
b
2 0
0.0641713 0.348893 0.890233
1746 0 0 1
1810 0 0 1
g
0
2 2 0 0 1 2 0 2 5
t
2
32
11516.8 2360.55 100
11515.3 2356.26 -100
a
4
78
1747 1744 1811 1808 
1 1746 1 1809 0 1810 0 2640 0.454503 2641 0.545497 
1 1745 1 1809 0 2640 0.454503 2641 0.545497 
2 1809 1 1746 0 1745 0 2640 0.545497 2641 0.454503 
2 1810 1 1746 0 2640 0.545497 2641 0.454503 
0 2640 2 1746 0.454503 1745 0.454503 1809 0.545497 1810 0.545497 
0 2641 2 1746 0.545497 1745 0.545497 1809 0.454503 1810 0.454503 
NanList HYP 0
d
18
0 0 -9.09939 0 0 -9.09939 0 0 9.09939 0 0 9.09939 0.738935 2.14288 0 -0.739716 -2.14294 0 
s	17
1842 1846 1876 1879 1909 1912 
1842 1843 1844 1845 1846 1876 1877 1878 1879 1909 1910 1911 1912 
b
3 0
0.0630958 0.457702 0.020023
1843 0 0 2
1844 0 0 3
1845 0 0 2
1877 0 0 1
1878 0 0 3
1910 0 0 3
1911 0 0 2
g
0
2 2 0 0 1 2 0 2 5
t
2
34
12240 2297.33 100
12237.3 2303.25 -100
a
6
82
1846 1841 1879 1875 1912 1908 
1 1843 1 1878 0 1909 0 1910 0 1877 0 2640 0.41356 2641 0.58644 
1 1844 1 1878 0 1909 0 1910 0 1911 0 2640 0.41356 2641 0.58644 
1 1842 1 1877 0 1876 0 2640 0.41356 2641 0.58644 
1 1845 1 1910 0 1911 0 2640 0.41356 2641 0.58644 
2 1909 1 1843 0 1844 0 1878 0 1877 0 2640 0.545694 2641 0.454306 
2 1910 1 1843 0 1844 0 1878 0 1845 0 2640 0.545694 2641 0.454306 
2 1911 1 1844 0 1845 0 2640 0.545694 2641 0.454306 
3 1878 1 1843 0 1844 0 1909 0 1910 0 2640 0.56956 2641 0.43044 
3 1877 1 1843 0 1909 0 1842 0 2640 0.56956 2641 0.43044 
3 1876 1 1842 0 2640 0.56956 2641 0.43044 
0 2640 5 1843 0.41356 1844 0.41356 1842 0.41356 1845 0.41356 1909 0.545694 1910 0.545694 1911 0.545694 1878 0.56956 1877 0.56956 1876 0.56956 
0 2641 5 1843 0.58644 1844 0.58644 1842 0.58644 1845 0.58644 1909 0.454306 1910 0.454306 1911 0.454306 1878 0.43044 1877 0.43044 1876 0.43044 
NanList HYP 0
d
36
0 0 -17.2881 0 0 -17.2881 0 0 -17.2881 0 0 -17.2881 0 0 9.13884 0 0 9.13884 0 0 9.13884 0 0 13.9119 0 0 13.9119 0 0 13.9119 1.3347 -2.96066 0 -1.33502 2.96045 0 
s	18
2009 2011 2107 2110 
2009 2010 2011 2107 2108 2109 2110 
b
2 0
0.902208 0.970634 0.23828
2010 0 0 2
2108 0 0 1
2109 0 0 1
g
0
2 2 0 0 1 2 0 2 5
t
2
36
13034.2 2303.3 100
13031.9 2299.58 -100
a
4
88
2011 2008 2110 2106 
1 2010 1 2108 0 2107 0 2109 0 2640 0.438641 2641 0.561359 
1 2009 1 2108 0 2640 0.438641 2641 0.561359 
2 2108 1 2010 0 2009 0 2640 0.540906 2641 0.459094 
2 2107 1 2010 0 2640 0.540906 2641 0.459094 
2 2109 1 2010 0 2640 0.540906 2641 0.459094 
0 2640 2.5 2010 0.438641 2009 0.438641 2108 0.540906 2107 0.540906 2109 0.540906 
0 2641 2.5 2010 0.561359 2009 0.561359 2108 0.459094 2107 0.459094 2109 0.459094 
NanList HYP 0
d
21
0 0 -12.2717 0 0 -12.2717 0 0 8.18115 0 0 8.18115 0 0 8.18115 1.15565 1.85779 0 -1.15471 -1.85776 0 
s	19
2036 2042 2070 2075 2099 2103 
2036 2037 2038 2039 2040 2041 2042 2070 2071 2072 2073 2074 2075 2099 2100 2101 2102 2103 
b
3 0
0.53976 0.266666 0.85092
2037 0 0 2
2038 0 0 3
2039 0 0 5
2040 0 0 3
2041 0 0 2
2071 0 0 2
2072 0 0 3
2073 0 0 2
2074 0 0 1
2100 0 0 2
2101 0 0 3
2102 0 0 2
g
0
2 2 0 0 1 2 0 2 5
t
2
38
13252.4 1631.62 100
13252.3 1630.6 -100
a
6
92
2042 2035 2075 2069 2103 2098 
1 2039 1 2072 0 2100 0 2101 0 2073 0 2074 0 2099 0 2640 0.417468 2641 0.582532 
1 2038 1 2071 0 2072 0 2100 0 2073 0 2640 0.417468 2641 0.582532 
1 2037 1 2071 0 2072 0 2070 0 2640 0.417468 2641 0.582532 
1 2040 1 2100 0 2101 0 2102 0 2640 0.417468 2641 0.582532 
1 2036 1 2071 0 2070 0 2640 0.417468 2641 0.582532 
1 2041 1 2101 0 2102 0 2640 0.417468 2641 0.582532 
2 2071 1 2038 0 2037 0 2036 0 2640 0.555021 2641 0.444979 
2 2072 1 2039 0 2038 0 2037 0 2640 0.555021 2641 0.444979 
2 2070 1 2037 0 2036 0 2640 0.555021 2641 0.444979 
2 2073 1 2039 0 2038 0 2640 0.555021 2641 0.444979 
2 2074 1 2039 0 2640 0.555021 2641 0.444979 
2 2100 1 2039 0 2038 0 2040 0 2640 0.555021 2641 0.444979 
2 2101 1 2039 0 2040 0 2041 0 2640 0.555021 2641 0.444979 
2 2102 1 2040 0 2041 0 2640 0.555021 2641 0.444979 
2 2099 1 2039 0 2640 0.555021 2641 0.444979 
0 2640 7.5 2039 0.417468 2038 0.417468 2037 0.417468 2040 0.417468 2036 0.417468 2041 0.417468 2071 0.555021 2072 0.555021 2070 0.555021 2073 0.555021 2074 0.555021 2100 0.555021 2101 0.555021 2102 0.555021 2099 0.555021 
0 2641 7.5 2039 0.582532 2038 0.582532 2037 0.582532 2040 0.582532 2036 0.582532 2041 0.582532 2071 0.444979 2072 0.444979 2070 0.444979 2073 0.444979 2074 0.444979 2100 0.444979 2101 0.444979 2102 0.444979 2099 0.444979 
NanList HYP 0
d
51
0 0 -16.5064 0 0 -16.5064 0 0 -16.5064 0 0 -16.5064 0 0 -16.5064 0 0 -16.5064 0 0 11.0043 0 0 11.0043 0 0 11.0043 0 0 11.0043 0 0 11.0043 0 0 11.0043 0 0 11.0043 0 0 11.0043 0 0 11.0043 0.0509734 0.511492 0 -0.0509994 -0.511537 0 
s	20
2372 2374 2404 2407 
2372 2373 2374 2404 2405 2406 2407 
b
2 0
0.512535 0.760249 0.375207
2373 0 0 2
2405 0 0 1
2406 0 0 1
g
0
2 2 0 0 1 2 0 2 5
t
2
40
15120.1 1963.35 100
15118.6 1960.01 -100
a
4
98
2374 2371 2407 2403 
1 2372 1 2405 0 2404 0 2640 0.422816 2641 0.577184 
1 2373 1 2405 0 2406 0 2640 0.422816 2641 0.577184 
2 2405 1 2372 0 2373 0 2640 0.551456 2641 0.448544 
2 2404 1 2372 0 2640 0.551456 2641 0.448544 
2 2406 1 2373 0 2640 0.551456 2641 0.448544 
0 2640 2.5 2372 0.422816 2373 0.422816 2405 0.551456 2404 0.551456 2406 0.551456 
0 2641 2.5 2372 0.577184 2373 0.577184 2405 0.448544 2404 0.448544 2406 0.448544 
NanList HYP 0
d
21
0 0 -15.4368 0 0 -15.4368 0 0 10.2912 0 0 10.2912 0 0 10.2912 0.740096 1.67227 0 -0.739783 -1.67238 0 
s	21
2570 2572 2633 2636 
2570 2571 2572 2633 2634 2635 2636 
b
2 0
0.0392803 0.531606 0.667724
2571 0 0 2
2634 0 0 1
2635 0 0 1
g
0
2 2 0 0 1 2 0 2 5
t
2
42
16985.6 2146.59 100
16984.3 2140.18 -100
a
4
102
2572 2569 2636 2632 
1 2571 1 2633 0 2634 0 2635 0 2640 0.426183 2641 0.573817 
1 2570 1 2633 0 2634 0 2640 0.426183 2641 0.573817 
2 2633 1 2571 0 2570 0 2640 0.549211 2641 0.450789 
2 2634 1 2571 0 2570 0 2640 0.549211 2641 0.450789 
2 2635 1 2571 0 2640 0.549211 2641 0.450789 
0 2640 2.5 2571 0.426183 2570 0.426183 2633 0.549211 2634 0.549211 2635 0.549211 
0 2641 2.5 2571 0.573817 2570 0.573817 2633 0.450789 2634 0.450789 2635 0.450789 
NanList HYP 0
d
21
0 0 -14.7633 0 0 -14.7633 0 0 9.84221 0 0 9.84221 0 0 9.84221 0.688517 3.20596 0 -0.687424 -3.20584 0 
