33 0.3 0.1 0.3 1 0 15 1
p
0
30
1000 0 0
997.615 72.0583 0
995.229 144.117 0
992.881 216.176 0
990.539 288.236 0
988.213 360.296 0
985.9 432.357 0
983.599 504.418 0
981.31 576.479 0
979.03 648.541 0
976.758 720.603 0
974.494 792.665 0
972.234 864.727 0
969.979 936.79 0
967.727 1008.85 0
965.475 1080.92 0
963.224 1152.98 0
960.972 1225.04 0
958.716 1297.1 0
956.457 1369.17 0
954.192 1441.23 0
951.92 1513.29 0
949.64 1585.35 0
947.35 1657.41 0
945.049 1729.47 0
942.736 1801.53 0
940.409 1873.59 0
938.066 1945.65 0
935.708 2017.71 0
933.331 2089.77 0
930.939 2161.83 0
p
1
30
1200 0 0
1199.69 80.7779 0
1199.38 161.556 0
1199.07 242.334 0
1198.76 323.111 0
1198.45 403.889 0
1198.14 484.667 0
1197.83 565.445 0
1197.52 646.223 0
1197.21 727.001 0
1196.9 807.779 0
1196.59 888.556 0
1196.28 969.334 0
1195.97 1050.11 0
1195.66 1130.89 0
1195.35 1211.67 0
1195.04 1292.45 0
1194.73 1373.22 0
1194.42 1454 0
1194.11 1534.78 0
1193.8 1615.56 0
1193.49 1696.34 0
1193.18 1777.11 0
1192.87 1857.89 0
1192.56 1938.67 0
1192.24 2019.45 0
1191.93 2100.22 0
1191.62 2181 0
1191.31 2261.78 0
1191 2342.56 0
1190.69 2423.34 0
p
2
30
1400 0 0
1402.79 80.6894 0
1405.58 161.379 0
1408.37 242.068 0
1411.16 322.758 0
1413.95 403.447 0
1416.74 484.136 0
1419.53 564.826 0
1422.32 645.515 0
1425.11 726.205 0
1427.89 806.894 0
1430.68 887.584 0
1433.47 968.273 0
1436.26 1048.96 0
1439.05 1129.65 0
1441.84 1210.34 0
1444.63 1291.03 0
1447.42 1371.72 0
1450.21 1452.41 0
1453 1533.1 0
1455.79 1613.79 0
1458.58 1694.48 0
1461.37 1775.17 0
1464.16 1855.86 0
1466.95 1936.55 0
1469.74 2017.24 0
1472.53 2097.92 0
1475.32 2178.61 0
1478.11 2259.3 0
1480.89 2339.99 0
1483.68 2420.68 0
p
3
30
1600 0 0
1597.66 77.6693 0
1595.32 155.339 0
1592.99 233.008 0
1590.65 310.677 0
1588.31 388.346 0
1585.97 466.016 0
1583.63 543.685 0
1581.3 621.354 0
1578.96 699.023 0
1576.62 776.693 0
1574.28 854.362 0
1571.94 932.031 0
1569.6 1009.7 0
1567.27 1087.37 0
1564.93 1165.04 0
1562.59 1242.71 0
1560.25 1320.38 0
1557.91 1398.05 0
1555.58 1475.72 0
1553.24 1553.39 0
1550.9 1631.05 0
1548.56 1708.72 0
1546.22 1786.39 0
1543.89 1864.06 0
1541.55 1941.73 0
1539.21 2019.4 0
1536.87 2097.07 0
1534.53 2174.74 0
1532.2 2252.41 0
1529.86 2330.08 0
p
4
30
1800 0 0
1794.17 87.6246 0
1788.33 175.249 0
1782.5 262.874 0
1776.67 350.498 0
1770.84 438.123 0
1765 525.748 0
1759.17 613.372 0
1753.34 700.997 0
1747.5 788.621 0
1741.67 876.246 0
1735.84 963.871 0
1730 1051.5 0
1724.17 1139.12 0
1718.34 1226.74 0
1712.51 1314.37 0
1706.67 1401.99 0
1700.84 1489.62 0
1695.01 1577.24 0
1689.17 1664.87 0
1683.34 1752.49 0
1677.51 1840.12 0
1671.67 1927.74 0
1665.84 2015.37 0
1660.01 2102.99 0
1654.18 2190.61 0
1648.34 2278.24 0
1642.51 2365.86 0
1636.68 2453.49 0
1630.84 2541.11 0
1625.01 2628.74 0
p
5
30
2000 0 0
1993.03 69.3902 0
1986.06 138.78 0
1979.1 208.171 0
1972.13 277.561 0
1965.16 346.951 0
1958.19 416.341 0
1951.23 485.731 0
1944.26 555.122 0
1937.29 624.512 0
1930.32 693.902 0
1923.36 763.292 0
1916.39 832.682 0
1909.42 902.073 0
1902.45 971.463 0
1895.49 1040.85 0
1888.52 1110.24 0
1881.55 1179.63 0
1874.58 1249.02 0
1867.62 1318.41 0
1860.65 1387.8 0
1853.68 1457.19 0
1846.71 1526.58 0
1839.75 1595.97 0
1832.78 1665.36 0
1825.81 1734.76 0
1818.84 1804.15 0
1811.88 1873.54 0
1804.91 1942.93 0
1797.94 2012.32 0
1790.97 2081.71 0
p
6
30
2200 0 0
2200.13 70.6295 0
2200.25 141.259 0
2200.38 211.889 0
2200.5 282.518 0
2200.63 353.148 0
2200.76 423.777 0
2200.88 494.407 0
2201.01 565.036 0
2201.14 635.666 0
2201.26 706.295 0
2201.39 776.925 0
2201.51 847.554 0
2201.64 918.184 0
2201.77 988.814 0
2201.89 1059.44 0
2202.02 1130.07 0
2202.15 1200.7 0
2202.27 1271.33 0
2202.4 1341.96 0
2202.52 1412.59 0
2202.65 1483.22 0
2202.78 1553.85 0
2202.9 1624.48 0
2203.03 1695.11 0
2203.15 1765.74 0
2203.28 1836.37 0
2203.41 1907 0
2203.53 1977.63 0
2203.66 2048.26 0
2203.79 2118.89 0
p
7
30
2400 0 0
2400.42 70.5473 0
2400.85 141.095 0
2401.27 211.642 0
2401.7 282.189 0
2402.12 352.737 0
2402.54 423.284 0
2402.97 493.831 0
2403.39 564.379 0
2403.82 634.926 0
2404.24 705.473 0
2404.66 776.021 0
2405.09 846.568 0
2405.51 917.115 0
2405.94 987.662 0
2406.36 1058.21 0
2406.78 1128.76 0
2407.21 1199.3 0
2407.63 1269.85 0
2408.06 1340.4 0
2408.48 1410.95 0
2408.9 1481.49 0
2409.33 1552.04 0
2409.75 1622.59 0
2410.18 1693.14 0
2410.6 1763.68 0
2411.02 1834.23 0
2411.45 1904.78 0
2411.87 1975.32 0
2412.3 2045.87 0
2412.72 2116.42 0
p
8
30
2600 0 0
2613.22 81.1192 0
2626.44 162.238 0
2639.38 243.4 0
2651.77 324.645 0
2663.21 406.03 0
2673.16 487.617 0
2680.93 569.455 0
2685.73 651.551 0
2686.66 733.834 0
2682.83 816.115 0
2673.54 898.072 0
2658.39 979.295 0
2637.52 1059.4 0
2611.63 1138.18 0
2583.8 1216.38 0
2555.77 1294.54 0
2529.86 1373.36 0
2508.13 1453.28 0
2492.64 1534.45 0
2485.08 1616.55 0
2486.64 1698.85 0
2497.83 1780.31 0
2518.48 1859.9 0
2548.44 1936.57 0
2586.24 2009.84 0
2629.86 2079.96 0
2676.8 2148.07 0
2724.1 2216.06 0
2770.08 2285.05 9.3234
2818.13 2352.95 9.3234
p
9
30
2800 0 0
2793.87 76.197 0
2787.74 152.394 0
2781.71 228.606 0
2775.81 304.835 0
2770.13 381.086 0
2764.73 457.367 0
2759.72 533.684 0
2755.2 610.049 0
2751.34 686.47 0
2748.31 762.959 0
2746.31 839.526 0
2745.5 916.173 0
2746.02 992.899 0
2747.99 1069.7 0
2749.78 1146.52 0
2751.35 1223.38 0
2752.39 1300.29 0
2752.65 1377.22 0
2752.1 1454.2 0
2750.83 1531.25 0
2749.16 1608.4 0
2747.68 1685.72 0
2747.39 1763.24 0
2747.26 1840.9 0
2748.41 1918.66 0
2751.67 1996.41 0
2758.23 2073.89 0
2769.6 2150.69 0
2787.17 2226.19 0
2809.95 2300.16 0
p
10
30
3000 0 0
3001.79 81.0968 0
3003.58 162.194 0
3005.53 243.281 0
3007.6 324.361 0
3009.69 405.436 0
3011.62 486.507 0
3013.11 567.581 0
3013.81 648.656 0
3013.3 729.726 0
3011.2 810.765 0
3007.23 891.733 0
3001.29 972.585 0
2993.45 1053.29 0
2983.93 1133.82 0
2972.67 1214.17 0
2959.89 1294.33 0
2945.8 1374.29 0
2930.67 1454.09 0
2914.8 1533.76 0
2898.54 1613.35 0
2882.25 1692.94 0
2866.33 1772.59 0
2851.2 1852.37 0
2837.25 1932.33 0
2824.89 2012.52 0
2814.48 2092.96 0
2806.2 2173.59 -24.1707
2800.59 2254.34 -24.1707
2800.12 2335.45 -24.1707
2801.02 2416.57 -24.1707
p
11
30
3200 0 0
3197.26 79.1606 0
3194.52 158.321 0
3191.77 237.482 0
3189.03 316.642 0
3186.29 395.803 0
3183.55 474.963 0
3180.8 554.124 0
3178.06 633.285 0
3175.32 712.445 0
3172.58 791.606 0
3169.83 870.766 0
3167.09 949.927 0
3164.35 1029.09 0
3161.61 1108.25 0
3158.86 1187.41 0
3156.12 1266.57 0
3153.38 1345.73 0
3150.64 1424.89 0
3147.89 1504.05 0
3145.15 1583.21 0
3142.41 1662.37 0
3139.67 1741.53 0
3136.93 1820.69 0
3134.18 1899.85 0
3131.44 1979.01 0
3128.7 2058.17 0
3125.96 2137.34 0
3123.21 2216.5 0
3120.47 2295.66 0
3117.73 2374.82 0
p
12
30
3400 0 0
3399.6 78.8199 0
3399.19 157.64 0
3398.57 236.456 0
3397.7 315.269 0
3396.73 394.08 0
3395.7 472.889 0
3394.71 551.698 0
3393.9 630.507 0
3393.43 709.318 0
3393.49 788.13 0
3394.27 866.937 0
3395.95 945.731 0
3398.73 1024.5 0
3402.8 1103.21 0
3408.31 1181.84 0
3415.4 1260.36 0
3424.19 1338.72 0
3434.75 1416.87 0
3447.14 1494.78 0
3461.35 1572.4 0
3477.38 1649.71 0
3495.71 1726.53 0
3516.44 1802.78 0
3539.7 1878.35 0
3565.59 1953.1 0
3594.12 2026.93 0
3625.25 2099.75 0
3658.85 2171.52 0
3694.45 2242.39 6.02039
3730.59 2313.01 6.02039
p
13
30
3600 0 0
3583.52 74.6568 0
3567.04 149.314 0
3551.32 224.144 0
3536.55 299.174 0
3522.9 374.424 0
3510.6 449.922 0
3499.85 525.673 0
3490.8 601.667 0
3483.56 677.877 0
3478.21 754.268 0
3474.8 830.795 0
3473.35 907.412 0
3473.85 984.069 0
3476.28 1060.72 0
3480.63 1137.31 0
3486.9 1213.79 0
3495.09 1290.12 0
3505.24 1366.25 0
3517.44 1442.11 0
3531.84 1517.62 0
3548.65 1592.67 0
3566.71 1667.46 0
3586 1741.98 0
3606.17 1816.29 0
3626.94 1890.45 0
3648.04 1964.52 0
3669.19 2038.58 0
3690.11 2112.69 0
3710.49 2186.94 -6.02039
3730.17 2261.32 -6.02039
p
14
30
3800 0 0
3797.45 74.2879 0
3794.9 148.576 0
3792.41 222.865 0
3790 297.157 0
3787.64 371.451 0
3785.33 445.746 0
3783.08 520.044 0
3780.89 594.343 0
3778.76 668.644 0
3776.68 742.947 0
3774.66 817.252 0
3772.69 891.558 0
3770.77 965.866 0
3768.91 1040.17 0
3767.1 1114.49 0
3765.33 1188.8 0
3763.62 1263.11 0
3761.95 1337.43 0
3760.32 1411.74 0
3758.75 1486.06 0
3757.21 1560.38 0
3755.72 1634.7 0
3754.28 1709.02 0
3752.87 1783.34 0
3751.5 1857.67 0
3750.18 1931.99 0
3748.88 2006.32 0
3747.63 2080.64 0
3746.41 2154.97 6.02039
3745.22 2229.3 6.02039
p
15
30
4000 0 0
3995.07 71.1887 0
3990.15 142.377 0
3985.22 213.566 0
3980.3 284.755 0
3975.37 355.944 0
3970.44 427.132 0
3965.52 498.321 0
3960.59 569.51 0
3955.66 640.699 0
3950.74 711.887 0
3945.81 783.076 0
3940.89 854.265 0
3935.96 925.454 0
3931.03 996.642 0
3926.11 1067.83 0
3921.18 1139.02 0
3916.25 1210.21 0
3911.33 1281.4 0
3906.4 1352.59 0
3901.48 1423.77 0
3896.55 1494.96 0
3891.62 1566.15 0
3886.7 1637.34 0
3881.77 1708.53 0
3876.84 1779.72 0
3871.92 1850.91 0
3866.99 1922.1 0
3862.07 1993.28 0
3857.14 2064.47 0
3852.21 2135.66 0
p
16
30
4200 0 0
4204.32 87.5682 0
4208.63 175.136 0
4210.81 262.717 0
4212.75 350.357 0
4214.08 438.026 0
4214.99 525.715 0
4215.68 613.416 0
4216.35 701.118 0
4217.19 788.811 0
4218.39 876.486 0
4220.16 964.134 0
4222.68 1051.74 0
4226.16 1139.31 0
4230.78 1226.81 0
4236.46 1314.28 0
4242.23 1401.75 0
4247.96 1489.25 0
4253.69 1576.75 0
4259.42 1664.25 0
4265.15 1751.75 0
4270.88 1839.25 0
4276.61 1926.75 0
4282.34 2014.24 0
4288.07 2101.74 0
4293.8 2189.24 0
4299.53 2276.74 0
4305.26 2364.24 0
4310.99 2451.74 0
4316.72 2539.24 0
4322.44 2626.73 0
p
17
30
4400 0 0
4402.68 84.3468 0
4405.35 168.694 0
4401.17 253.355 0
4396.3 337.926 0
4389.64 422.442 0
4381.67 506.831 0
4372.68 591.042 0
4362.67 675.053 0
4351.37 758.852 0
4338.24 842.403 0
4322.87 925.636 0
4305.99 1008.59 0
4289.86 1091.55 0
4276.85 1174.82 0
4268.84 1258.49 0
4268.38 1342.48 0
4277.8 1425.91 0
4297.64 1507.61 0
4327.91 1586.32 0
4367.37 1661.26 0
4413.52 1732.68 0
4463.1 1802 0
4512.42 1871.49 0
4557.61 1943.44 0
4594.85 2019.38 0
4620.94 2099.45 -25.6216
4634.53 2182.32 -25.6216
4639.11 2266.2 -25.6216
4641.57 2350.53 -25.6216
4643.91 2434.93 0
p
18
30
4600 0 0
4602.54 75.0042 0
4605.08 150.008 0
4605.49 225.145 0
4605.64 300.265 0
4605.16 375.408 0
4604.25 450.567 0
4603.13 525.737 0
4602.03 600.913 0
4601.21 676.094 0
4601.02 751.279 0
4601.86 826.469 0
4603.97 901.679 0
4606.69 976.956 0
4608.43 1052.42 0
4608.43 1128.06 0
4609.72 1203.64 0
4611.81 1279.24 0
4614.85 1354.84 0
4618.96 1430.41 0
4623.98 1505.97 0
4629.61 1581.6 0
4635.31 1657.36 0
4641.68 1733.22 0
4648.1 1809.2 0
4654.07 1885.29 0
4658.89 1961.44 0
4661.52 2037.59 0
4660.53 2113.59 0
4653.93 2189.16 0
4641.05 2263.76 0
p
19
30
4800 0 0
4785.47 78.812 0
4770.94 157.624 0
4755.63 236.236 0
4740.11 314.831 0
4724.3 393.368 0
4708.36 471.878 0
4692.56 550.413 0
4677.26 629.043 0
4662.99 707.861 0
4650.56 786.985 0
4641.19 866.536 0
4636.92 946.552 0
4640.6 1026.71 0
4654.05 1106.04 0
4677.17 1183.44 0
4706.16 1259.24 0
4738.9 1333.76 0
4772.37 1408.05 0
4803.8 1483.1 0
4830.37 1559.72 0
4849.7 1638.13 -13.3226
4860.05 1717.87 -13.3226
4859.32 1798.02 -13.3226
4847.11 1877.11 -13.3226
4824.18 1953.78 -13.3226
4792.77 2027.5 -13.3226
4756.36 2099.03 0
4718.64 2169.94 0
4682.33 2241.54 10.6128
4645.47 2313.25 10.6128
p
20
30
5000 0 0
4998 70.3626 0
4995.99 140.725 0
4992.69 211.108 0
4988.99 281.447 0
4984.6 351.756 0
4979.52 422.026 0
4974.02 492.268 0
4968.14 562.483 0
4961.98 632.675 0
4955.64 702.851 0
4949.19 773.015 0
4942.69 843.174 0
4936.21 913.334 0
4929.79 983.499 0
4923.46 1053.68 0
4917.27 1123.87 0
4911.23 1194.07 0
4905.36 1264.3 0
4899.67 1334.56 0
4894.16 1404.83 0
4888.83 1475.13 0
4883.66 1545.45 0
4878.61 1615.79 13.3226
4873.44 1686.13 13.3226
4868.02 1756.44 13.3226
4862.32 1826.72 13.3226
4856.32 1896.98 13.3226
4850.03 1967.21 13.3226
4843.2 2037.39 0
4835.28 2107.41 0
p
21
30
5200 0 0
5191.09 73.3502 0
5182.18 146.7 0
5174.58 220.152 0
5166.94 293.629 0
5159.41 367.125 0
5151.79 440.616 0
5144.07 514.102 0
5136.09 587.562 0
5127.79 660.986 0
5119.08 734.361 0
5109.91 807.676 0
5100.23 880.922 0
5090 954.091 0
5079.19 1027.18 0
5067.8 1100.17 0
5055.82 1173.08 0
5043.26 1245.89 0
5030.14 1318.6 0
5016.48 1391.23 0
5002.33 1463.77 0
4987.74 1536.23 0
4972.76 1608.61 0
4957.47 1680.94 0
4941.93 1753.23 0
4926.24 1825.48 0
4910.5 1897.73 0
4894.8 1969.98 0
4879.25 2042.26 0
4863.84 2114.58 0
4848.22 2186.87 0
p
22
30
5400 0 0
5402.84 60.6262 0
5405.69 121.252 0
5408.53 181.879 0
5411.37 242.505 0
5414.21 303.131 0
5417.06 363.757 0
5419.9 424.384 0
5422.74 485.01 0
5425.58 545.636 0
5428.43 606.262 0
5431.27 666.889 0
5434.11 727.515 0
5436.95 788.141 0
5439.8 848.767 0
5442.64 909.394 0
5445.48 970.02 0
5448.33 1030.65 0
5451.17 1091.27 0
5454.01 1151.9 0
5456.85 1212.52 0
5459.7 1273.15 0
5462.54 1333.78 0
5465.38 1394.4 0
5468.22 1455.03 0
5471.07 1515.66 0
5473.91 1576.28 0
5476.75 1636.91 0
5479.6 1697.53 0
5482.44 1758.16 0
5485.28 1818.79 0
p
23
30
5600 0 0
5596.5 74.553 0
5593 149.106 0
5589.5 223.659 0
5586 298.212 0
5582.49 372.765 0
5578.99 447.318 0
5575.49 521.871 0
5571.99 596.424 0
5568.49 670.977 0
5564.99 745.53 0
5561.49 820.083 0
5557.99 894.636 0
5554.49 969.189 0
5550.99 1043.74 0
5547.48 1118.29 0
5543.98 1192.85 0
5540.48 1267.4 0
5536.98 1341.95 0
5533.48 1416.51 0
5529.98 1491.06 0
5526.48 1565.61 0
5522.98 1640.17 0
5519.48 1714.72 0
5515.97 1789.27 0
5512.47 1863.82 0
5508.97 1938.38 0
5505.47 2012.93 0
5501.97 2087.48 0
5498.47 2162.04 0
5494.97 2236.59 0
p
24
30
5800 0 0
5792.04 65.8937 0
5784.07 131.787 0
5776.11 197.681 0
5768.15 263.575 0
5760.18 329.469 0
5752.22 395.362 0
5744.26 461.256 0
5736.29 527.15 0
5728.33 593.043 0
5720.36 658.937 0
5712.4 724.831 0
5704.44 790.724 0
5696.47 856.618 0
5688.51 922.512 0
5680.55 988.406 0
5672.58 1054.3 0
5664.62 1120.19 0
5656.66 1186.09 0
5648.69 1251.98 0
5640.73 1317.87 0
5632.77 1383.77 0
5624.8 1449.66 0
5616.84 1515.56 0
5608.87 1581.45 0
5600.91 1647.34 0
5592.95 1713.24 0
5584.98 1779.13 0
5577.02 1845.02 0
5569.06 1910.92 0
5561.09 1976.81 0
p
25
30
6000 0 0
5993.89 66.1826 0
5987.79 132.365 0
5981.68 198.548 0
5975.58 264.73 0
5969.47 330.913 0
5963.37 397.096 0
5957.26 463.278 0
5951.15 529.461 0
5945.05 595.643 0
5938.94 661.826 0
5932.84 728.009 0
5926.73 794.191 0
5920.62 860.374 0
5914.52 926.556 0
5908.41 992.739 0
5902.31 1058.92 0
5896.2 1125.1 0
5890.1 1191.29 0
5883.99 1257.47 0
5877.88 1323.65 0
5871.78 1389.83 0
5865.67 1456.02 0
5859.57 1522.2 0
5853.46 1588.38 0
5847.35 1654.56 0
5841.25 1720.75 0
5835.14 1786.93 0
5829.04 1853.11 0
5822.93 1919.3 0
5816.83 1985.48 0
p
26
30
6200 0 0
6200.61 73.4741 0
6201.23 146.948 0
6201.84 220.422 0
6202.46 293.896 0
6203.07 367.371 0
6203.69 440.845 0
6204.3 514.319 0
6204.92 587.793 0
6205.53 661.267 0
6206.15 734.741 0
6206.76 808.215 0
6207.38 881.689 0
6207.99 955.163 0
6208.61 1028.64 0
6209.22 1102.11 0
6209.84 1175.59 0
6210.45 1249.06 0
6211.06 1322.53 0
6211.68 1396.01 0
6212.29 1469.48 0
6212.91 1542.96 0
6213.52 1616.43 0
6214.14 1689.9 0
6214.75 1763.38 0
6215.37 1836.85 0
6215.98 1910.33 0
6216.6 1983.8 0
6217.21 2057.28 0
6217.83 2130.75 0
6218.44 2204.22 0
p
27
30
6400 0 0
6399.64 69.014 0
6399.28 138.028 0
6398.93 207.042 0
6398.57 276.056 0
6398.21 345.07 0
6397.85 414.084 0
6397.49 483.098 0
6397.13 552.112 0
6396.78 621.126 0
6396.42 690.14 0
6396.06 759.154 0
6395.7 828.168 0
6395.34 897.182 0
6394.99 966.196 0
6394.63 1035.21 0
6394.27 1104.22 0
6393.91 1173.24 0
6393.55 1242.25 0
6393.2 1311.27 0
6392.84 1380.28 0
6392.48 1449.29 0
6392.12 1518.31 0
6391.76 1587.32 0
6391.4 1656.34 0
6391.05 1725.35 0
6390.69 1794.36 0
6390.33 1863.38 0
6389.97 1932.39 0
6389.61 2001.41 0
6389.26 2070.42 0
p
28
30
6600 0 0
6606.48 80.1137 0
6612.96 160.227 0
6617.62 240.318 0
6622.09 320.509 0
6626.04 400.742 0
6629.65 481.004 0
6633.07 561.279 0
6636.48 641.557 0
6640.04 721.821 -14.3659
6643.84 802.072 -14.3659
6647.7 882.324 -14.3659
6651.65 962.564 -14.3659
6655.73 1042.78 0
6659.97 1122.97 -14.3659
6664.86 1203.1 -14.3659
6671.44 1283.13 -14.3659
6680.77 1362.99 -14.3659
6691.8 1442.74 -14.3659
6703.12 1522.47 0
6714.43 1602.19 0
6725.75 1681.91 0
6737.07 1761.63 0
6748.39 1841.36 0
6759.71 1921.08 0
6771.02 2000.8 0
6782.34 2080.52 0
6793.66 2160.25 0
6804.98 2239.97 0
6816.3 2319.69 0
6827.61 2399.41 0
p
29
30
6800 0 0
6813.59 85.7035 0
6827.18 171.407 0
6835.41 258.009 0
6836.49 345.224 0
6826.24 432.477 0
6793.82 516.088 0
6758.68 599.786 0
6719.57 682.754 0
6681.56 766.211 14.3659
6648.96 850.975 14.3659
6625.77 937.37 14.3659
6614.89 1024.79 14.3659
6617.72 1111.89 0
6634.78 1197 14.3659
6665.71 1278.37 14.3659
6708.85 1354.7 14.3659
6760.55 1426.49 0
6816.19 1495.92 0
6869.22 1567.11 0
6913.72 1643.03 0
6951.13 1722.61 0
6987.84 1802.93 0
7025.77 1882.9 0
7063.77 1962.91 0
7101.73 2042.94 0
7139.68 2122.98 0
7177.63 2203.01 0
7215.58 2283.04 0
7253.53 2363.08 0
7291.48 2443.11 0
p
30
30
7000 0 0
7002.84 58.9257 0
7005.68 117.851 0
7003.99 177.338 0
7000.34 236.707 0
6991.11 295.813 0
6987.79 357.077 0
6983.12 418.059 0
6978.37 479.246 0
6974.14 540.433 0
6970.59 601.445 0
6967.81 662.228 0
6965.75 722.84 0
6964.29 783.418 0
6963.25 844.119 0
6962.34 905.062 0
6961.25 966.289 0
6959.63 1027.74 0
6957.19 1089.28 0
6953.77 1150.69 0
6949.46 1211.83 0
6944.81 1272.63 0
6940.84 1333.19 0
6938.74 1393.66 0
6940.34 1453.84 0
6947.36 1513.31 0
6959.53 1571.85 0
6974.62 1629.75 0
6990 1687.62 -27.7604
7004.96 1745.45 -27.7604
7019.37 1803.23 -27.7604
p
31
30
7200 0 0
7198.95 77.5084 0
7197.9 155.017 0
7208.58 232.456 0
7217.5 310.032 0
7222.48 388.149 0
7222.15 466.676 0
7216.41 544.656 0
7205.21 621.948 0
7188.85 698.338 0
7168.13 773.789 0
7144 848.415 0
7117.54 922.43 0
7089.82 996.097 0
7061.84 1069.68 0
7034.48 1143.42 0
7008.46 1217.5 0
6984.32 1292.05 -27.7604
6962.87 1367.27 -27.7604
6946.67 1443.59 -27.7604
6938.11 1521.24 -27.7604
6937.11 1599.62 -27.7604
6941.98 1678.07 -27.7604
6946.26 1756.18 -27.7604
6948.27 1834.05 -27.7604
6950.07 1911.85 0
6952.09 1989.66 0
6954.17 2067.48 0
6956.19 2145.3 0
6957.98 2223.12 0
6959.5 2300.93 0
p
32
30
7400 0 0
7391.4 84.7951 0
7382.8 169.59 0
7384.24 255.267 0
7384.92 341.049 0
7388.83 426.892 0
7395.3 512.031 0
7398.36 597.607 0
7396.73 682.96 0
7388.21 767.638 0
7371.52 850.992 0
7346.33 932.35 0
7313.2 1011.26 0
7273.56 1087.72 0
7229.51 1162.27 0
7183.68 1235.97 0
7138.98 1310.18 0
7098.42 1386.18 0
7064.84 1464.83 0
7040.62 1546.32 0
7027.3 1630.08 27.3445
7023.2 1715.07 27.3445
7019.8 1800.38 27.3445
7015.66 1885.79 27.3445
7011.1 1971.24 27.3445
7005.9 2056.64 0
7000.21 2141.99 0
6994.31 2227.34 0
6988.4 2312.69 0
6982.44 2398.05 0
6976.46 2483.4 0
p
33
30
7600 0 0
7595.35 71.662 0
7590.7 143.324 0
7586.05 214.986 0
7581.4 286.648 0
7576.75 358.31 0
7572.1 429.972 0
7567.45 501.634 0
7562.8 573.296 0
7558.15 644.958 0
7553.51 716.62 0
7548.86 788.282 0
7544.21 859.944 0
7539.56 931.606 0
7534.91 1003.27 0
7530.26 1074.93 0
7525.61 1146.59 0
7520.96 1218.25 0
7516.31 1289.92 0
7511.66 1361.58 0
7507.01 1433.24 0
7502.36 1504.9 0
7497.71 1576.56 0
7493.06 1648.23 0
7488.41 1719.89 0
7483.76 1791.55 0
7479.11 1863.21 0
7474.46 1934.87 0
7469.81 2006.54 0
7465.17 2078.2 0
7460.52 2149.86 0
p
34
30
7800 0 0
7796.91 74.3196 0
7793.82 148.639 0
7790.73 222.959 0
7787.65 297.278 0
7784.56 371.598 0
7781.47 445.918 0
7778.38 520.237 0
7775.29 594.557 0
7772.2 668.877 0
7769.12 743.196 0
7766.03 817.516 0
7762.94 891.835 0
7759.85 966.155 0
7756.76 1040.47 0
7753.67 1114.79 0
7750.59 1189.11 0
7747.5 1263.43 0
7744.41 1337.75 0
7741.32 1412.07 0
7738.23 1486.39 0
7735.14 1560.71 0
7732.06 1635.03 0
7728.97 1709.35 0
7725.88 1783.67 0
7722.79 1857.99 0
7719.7 1932.31 0
7716.61 2006.63 0
7713.53 2080.95 0
7710.44 2155.27 0
7707.35 2229.59 0
p
35
30
8000 0 0
7992.45 73.0439 0
7984.89 146.088 0
7977.34 219.132 0
7969.78 292.175 0
7962.23 365.219 0
7954.67 438.263 0
7947.12 511.307 0
7939.56 584.351 0
7932.01 657.395 0
7924.45 730.439 0
7916.9 803.483 0
7909.34 876.526 0
7901.79 949.57 0
7894.24 1022.61 0
7886.68 1095.66 0
7879.13 1168.7 0
7871.57 1241.75 0
7864.02 1314.79 0
7856.46 1387.83 0
7848.91 1460.88 0
7841.35 1533.92 0
7833.8 1606.97 0
7826.24 1680.01 0
7818.69 1753.05 0
7811.13 1826.1 0
7803.58 1899.14 0
7796.03 1972.18 0
7788.47 2045.23 0
7780.92 2118.27 0
7773.36 2191.32 0
p
36
30
8200 0 0
8205.61 88.3741 0
8211.23 176.748 0
8216.84 265.122 0
8222.45 353.496 0
8228.06 441.87 0
8233.68 530.244 0
8239.29 618.618 0
8244.9 706.992 0
8250.51 795.367 0
8256.13 883.741 0
8261.74 972.115 0
8267.35 1060.49 0
8272.96 1148.86 0
8278.58 1237.24 0
8284.19 1325.61 0
8289.8 1413.98 0
8295.41 1502.36 0
8301.03 1590.73 0
8306.64 1679.11 0
8312.25 1767.48 0
8317.86 1855.86 0
8323.48 1944.23 0
8329.09 2032.6 0
8334.7 2120.98 0
8340.31 2209.35 0
8345.93 2297.73 0
8351.54 2386.1 0
8357.15 2474.47 0
8362.76 2562.85 0
8368.38 2651.22 0
p
37
30
8400 0 0
8415.61 79.3788 0
8431.22 158.758 0
8446.1 238.272 0
8459.94 317.978 0
8472.18 397.95 0
8481.99 478.278 0
8488.79 558.952 0
8492.14 639.889 0
8491.92 720.949 0
8490.75 802.045 0
8489.66 883.158 0
8490.39 964.256 0
8494.64 1045.2 0
8503.99 1125.66 0
8518.91 1205.24 0
8540.19 1283.35 0
8568.09 1359.4 0
8602.51 1432.82 0
8643.01 1503.24 0
8688.88 1570.49 0
8739.16 1634.74 0
8792.74 1696.48 0
8848.37 1756.56 0
8904.74 1816.05 0
8960.42 1876.23 0
9013.83 1938.41 0
9063.27 2003.8 0
9107.97 2072.51 -28.3916
9151.3 2142.27 -28.3916
9194.47 2212.18 -28.3916
p
38
30
8600 0 0
8604.35 71.1705 0
8608.69 142.341 0
8614.22 213.454 0
8621.11 284.471 0
8629.77 355.325 0
8640.1 425.986 0
8652.53 496.354 0
8667.42 566.302 0
8684.99 635.693 0
8703.92 704.739 0
8724.16 773.44 0
8745.41 841.856 0
8767.42 910.034 0
8790.13 977.998 0
8813.21 1045.85 0
8836.05 1113.79 0
8858.61 1181.88 0
8880.75 1250.15 0
8902.4 1318.65 0
8923.56 1387.38 0
8944.28 1456.31 0
8964.66 1525.44 0
8984.85 1594.7 0
9005.01 1664.04 0
9025.41 1733.37 0
9046.32 1802.6 0
9068.11 1871.59 0
9091.23 1940.17 0
9116.2 2008.11 0
9143.11 2075.29 0
p
39
30
8800 0 0
8816.2 74.7793 0
8832.4 149.559 0
8848.53 224.319 0
8864.87 299.015 0
8881.75 373.571 0
8899.95 447.819 0
8920.01 521.576 0
8942.43 594.643 0
8967.33 666.907 0
8994.46 738.369 0
9023.11 809.212 0
9052.14 879.856 0
9079.98 950.9 0
9104.7 1023.1 0
9125.87 1096.37 0
9142.79 1170.71 0
9155.57 1245.85 0
9164.35 1321.59 0
9169.47 1397.71 0
9171.56 1474.04 0
9171.17 1550.47 0
9168.66 1626.92 0
9165.2 1703.36 0
9162.19 1779.8 0
9160.93 1856.26 0
9162.54 1932.65 0
9167.85 2008.82 0
9176.83 2084.61 0
9187.16 2160.27 0
9197.27 2236.17 0
p
40
30
9000 0 0
9006.6 73.3934 0
9013.2 146.787 0
9021.14 220.092 0
9030.51 293.257 0
9041.69 366.205 0
9053.66 439.052 0
9066.51 511.791 0
9080.03 584.459 0
9093.98 657.106 0
9108.1 729.8 0
9122 802.625 0
9135.5 875.623 0
9147.84 948.924 0
9159.1 1022.28 0
9168.98 1095.81 0
9177.33 1169.55 0
9184.79 1243.41 0
9191.6 1317.34 0
9197.77 1391.32 0
9203.35 1465.33 0
9208.32 1539.35 0
9212.49 1613.42 0
9215.96 1687.53 0
9218.84 1761.68 0
9221.23 1835.86 0
9223.11 1910.05 0
9224.36 1984.25 0
9224.65 2058.46 0
9223.36 2132.66 8.39292
9220.13 2206.57 8.39292
p
41
30
9200 0 0
9197.16 76.82 0
9194.32 153.64 0
9191.64 230.458 0
9189.28 307.285 0
9187.45 384.125 0
9186.1 460.97 0
9185.55 537.819 0
9186.18 614.658 0
9188.62 691.443 0
9193.65 768.082 0
9201.92 844.424 0
9213.95 920.261 0
9229.78 995.402 0
9248.36 1070.04 0
9268.73 1144.27 0
9289.68 1218.36 0
9309.84 1292.64 0
9327.84 1367.42 0
9342.41 1442.85 0
9352.47 1518.93 0
9357.27 1595.45 0
9356.43 1672.08 0
9350.07 1748.46 0
9338.76 1824.29 0
9323.51 1899.49 0
9305.72 1974.16 0
9287.08 2048.63 0
9269.43 2123.33 0
9253.63 2198.39 0
9237.08 2273.56 0
p
42
30
9400 0 0
9402.41 73.2587 0
9404.81 146.517 0
9407.22 219.776 0
9409.62 293.035 0
9412.03 366.294 0
9414.43 439.552 0
9416.84 512.811 0
9419.24 586.07 0
9421.65 659.329 0
9424.05 732.587 0
9426.46 805.846 0
9428.87 879.105 0
9431.27 952.363 0
9433.68 1025.62 0
9436.08 1098.88 0
9438.49 1172.14 0
9440.89 1245.4 0
9443.3 1318.66 0
9445.7 1391.92 0
9448.11 1465.17 0
9450.51 1538.43 0
9452.92 1611.69 0
9455.33 1684.95 0
9457.73 1758.21 0
9460.14 1831.47 0
9462.54 1904.73 0
9464.95 1977.99 0
9467.35 2051.24 0
9469.76 2124.5 0
9472.16 2197.76 0
p
43
30
9600 0 0
9597.66 77.5286 0
9595.32 155.057 0
9592.97 232.586 0
9590.63 310.115 0
9588.29 387.643 0
9585.95 465.172 0
9583.61 542.701 0
9581.27 620.229 0
9578.92 697.758 0
9576.58 775.286 0
9574.24 852.815 0
9571.9 930.344 0
9569.56 1007.87 0
9567.21 1085.4 0
9564.87 1162.93 0
9562.53 1240.46 0
9560.19 1317.99 0
9557.85 1395.52 0
9555.51 1473.04 0
9553.16 1550.57 0
9550.82 1628.1 0
9548.48 1705.63 0
9546.14 1783.16 0
9543.8 1860.69 0
9541.45 1938.22 0
9539.11 2015.74 0
9536.77 2093.27 0
9534.43 2170.8 0
9532.09 2248.33 0
9529.75 2325.86 0
p
44
30
9800 0 0
9798.31 73.7536 0
9796.62 147.507 0
9794.92 221.261 0
9793.23 295.014 0
9791.54 368.768 0
9789.85 442.521 0
9788.16 516.275 0
9786.47 590.028 0
9784.77 663.782 0
9783.08 737.536 0
9781.39 811.289 0
9779.7 885.043 0
9778.01 958.796 0
9776.32 1032.55 0
9774.62 1106.3 0
9772.93 1180.06 0
9771.24 1253.81 0
9769.55 1327.56 0
9767.86 1401.32 0
9766.16 1475.07 0
9764.47 1548.82 0
9762.78 1622.58 0
9761.09 1696.33 0
9759.4 1770.09 0
9757.71 1843.84 0
9756.01 1917.59 0
9754.32 1991.35 0
9752.63 2065.1 0
9750.94 2138.85 0
9749.25 2212.61 0
p
45
30
10000 0 0
10002.4 69.2955 0
10004.8 138.591 0
10007.2 207.886 0
10009.6 277.182 0
10012.1 346.477 0
10014.5 415.773 0
10016.9 485.068 0
10019.3 554.364 0
10021.7 623.659 0
10024.1 692.955 0
10026.5 762.25 0
10028.9 831.546 0
10031.3 900.841 0
10033.8 970.137 0
10036.2 1039.43 0
10038.6 1108.73 0
10041 1178.02 0
10043.4 1247.32 0
10045.8 1316.61 0
10048.2 1385.91 0
10050.6 1455.21 0
10053 1524.5 0
10055.5 1593.8 0
10057.9 1663.09 0
10060.3 1732.39 0
10062.7 1801.68 0
10065.1 1870.98 0
10067.5 1940.27 0
10069.9 2009.57 0
10072.3 2078.86 0
p
46
30
10200 0 0
10197.2 70.3796 0
10194.4 140.759 0
10191.5 211.139 0
10188.7 281.518 0
10185.9 351.898 0
10183.1 422.277 0
10180.3 492.657 0
10177.4 563.036 0
10174.6 633.416 0
10171.8 703.796 0
10169 774.175 0
10166.2 844.555 0
10163.3 914.934 0
10160.5 985.314 0
10157.7 1055.69 0
10154.9 1126.07 0
10152.1 1196.45 0
10149.2 1266.83 0
10146.4 1337.21 0
10143.6 1407.59 0
10140.8 1477.97 0
10138 1548.35 0
10135.1 1618.73 0
10132.3 1689.11 0
10129.5 1759.49 0
10126.7 1829.87 0
10123.9 1900.25 0
10121 1970.63 0
10118.2 2041.01 0
10115.4 2111.39 0
p
47
30
10400 0 0
10402.6 67.9544 0
10405.3 135.909 0
10407.9 203.863 0
10410.5 271.818 0
10413.2 339.772 0
10415.8 407.726 0
10418.4 475.681 0
10421.1 543.635 0
10423.7 611.589 0
10426.4 679.544 0
10429 747.498 0
10431.6 815.453 0
10434.3 883.407 0
10436.9 951.361 0
10439.5 1019.32 0
10442.2 1087.27 0
10444.8 1155.22 0
10447.4 1223.18 0
10450.1 1291.13 0
10452.7 1359.09 0
10455.3 1427.04 0
10458 1495 0
10460.6 1562.95 0
10463.2 1630.91 0
10465.9 1698.86 0
10468.5 1766.81 0
10471.1 1834.77 0
10473.8 1902.72 0
10476.4 1970.68 0
10479.1 2038.63 0
p
48
30
10600 0 0
10598.7 63.1166 0
10597.5 126.233 0
10596.2 189.35 0
10594.9 252.466 0
10593.6 315.583 0
10592.4 378.7 0
10591.1 441.816 0
10589.8 504.933 0
10588.5 568.05 0
10587.3 631.166 0
10586 694.283 0
10584.7 757.399 0
10583.4 820.516 0
10582.2 883.633 0
10580.9 946.749 0
10579.6 1009.87 0
10578.3 1072.98 0
10577.1 1136.1 0
10575.8 1199.22 0
10574.5 1262.33 0
10573.2 1325.45 0
10572 1388.57 0
10570.7 1451.68 0
10569.4 1514.8 0
10568.1 1577.92 0
10566.9 1641.03 0
10565.6 1704.15 0
10564.3 1767.27 0
10563 1830.38 0
10561.8 1893.5 0
p
49
30
10800 0 0
10812.5 76.5669 0
10825 153.134 0
10837.3 229.734 0
10849.6 306.328 0
10862 382.921 0
10874.3 459.513 0
10886.6 536.101 0
10899 612.69 0
10911.3 689.282 0
10923.4 765.905 0
10935.3 842.569 0
10946.8 919.286 0
10957.8 996.07 0
10968.4 1072.93 0
10978.3 1149.88 0
10987.6 1226.91 0
10996.1 1304.05 0
11003.6 1381.3 0
11009.8 1458.67 0
11014.9 1536.13 0
11019.8 1613.61 0
11024.9 1691.09 0
11030.6 1768.52 0
11037.6 1845.85 0
11046.3 1922.99 0
11057.3 1999.84 0
11071 2076.24 0
11087.9 2152 0
11108.2 2226.92 -6.67295
11131.3 2301.06 -6.67295
p
50
30
11000 0 0
10997.8 76.3434 0
10995.5 152.687 0
10993.8 229.045 0
10992.3 305.412 0
10991.3 381.788 0
10990.9 458.172 0
10991 534.561 0
10991.8 610.95 0
10993.2 687.333 0
10995.3 763.704 0
10998.1 840.058 0
11001.6 916.387 0
11005.8 992.686 0
11010.7 1068.95 0
11016.2 1145.16 0
11022.5 1221.33 0
11029.5 1297.44 0
11037.3 1373.47 0
11045.9 1449.42 0
11055.2 1525.28 0
11065.1 1601.09 0
11075.2 1676.86 0
11085.6 1752.6 0
11095.9 1828.34 0
11106.1 1904.11 0
11115.8 1979.93 0
11125.1 2055.81 0
11133.6 2131.77 0
11141.2 2207.82 6.67295
11147.9 2283.96 6.67295
p
51
30
11200 0 0
11201.7 84.1131 0
11203.4 168.226 0
11205 252.339 0
11206.7 336.452 0
11208.4 420.566 0
11210.1 504.679 0
11211.8 588.792 0
11213.4 672.905 0
11215.1 757.018 0
11216.8 841.131 0
11218.5 925.244 0
11220.2 1009.36 0
11221.8 1093.47 0
11223.5 1177.58 0
11225.2 1261.7 0
11226.9 1345.81 0
11228.5 1429.92 0
11230.2 1514.04 0
11231.9 1598.15 0
11233.6 1682.26 0
11235.3 1766.38 0
11236.9 1850.49 0
11238.6 1934.6 0
11240.3 2018.71 0
11242 2102.83 0
11243.7 2186.94 0
11245.3 2271.05 0
11247 2355.17 0
11248.7 2439.28 0
11250.4 2523.39 0
p
52
30
11400 0 0
11403.8 74.278 0
11407.5 148.556 0
11411.3 222.834 0
11415 297.112 0
11418.8 371.39 0
11422.6 445.668 0
11426.3 519.946 0
11430.1 594.224 0
11433.8 668.502 0
11437.6 742.78 0
11441.3 817.058 0
11445.1 891.336 0
11448.9 965.614 0
11452.6 1039.89 0
11456.4 1114.17 0
11460.1 1188.45 0
11463.9 1262.73 0
11467.7 1337 0
11471.4 1411.28 0
11475.2 1485.56 0
11478.9 1559.84 0
11482.7 1634.12 0
11486.5 1708.39 0
11490.2 1782.67 0
11494 1856.95 0
11497.7 1931.23 0
11501.5 2005.51 0
11505.2 2079.78 0
11509 2154.06 0
11512.8 2228.34 0
p
53
30
11600 0 0
11610.2 77.1897 0
11620.4 154.379 0
11630.6 231.569 0
11640.7 308.759 0
11650.9 385.948 0
11661.1 463.138 0
11671.3 540.328 0
11681.5 617.517 0
11691.7 694.707 0
11701.8 771.897 0
11712 849.086 0
11722.2 926.276 0
11732.4 1003.47 0
11742.6 1080.66 0
11752.8 1157.85 0
11763 1235.03 0
11773.1 1312.22 0
11783.3 1389.41 0
11793.5 1466.6 0
11803.7 1543.79 0
11813.9 1620.98 0
11824.1 1698.17 0
11834.2 1775.36 0
11844.4 1852.55 0
11854.6 1929.74 0
11864.8 2006.93 0
11875 2084.12 0
11885.2 2161.31 0
11895.4 2238.5 0
11905.5 2315.69 0
p
54
30
11800 0 0
11804.8 62.8425 0
11809.6 125.685 0
11814.5 188.527 0
11819.3 251.37 0
11824.1 314.212 0
11828.9 377.055 0
11833.7 439.897 0
11838.6 502.74 0
11843.4 565.582 0
11848.2 628.425 0
11853 691.267 0
11857.8 754.11 0
11862.6 816.952 0
11867.5 879.795 0
11872.3 942.637 0
11877.1 1005.48 0
11881.9 1068.32 0
11886.7 1131.16 0
11891.6 1194.01 0
11896.4 1256.85 0
11901.2 1319.69 0
11906 1382.53 0
11910.8 1445.38 0
11915.7 1508.22 0
11920.5 1571.06 0
11925.3 1633.9 0
11930.1 1696.75 0
11934.9 1759.59 0
11939.8 1822.43 0
11944.6 1885.27 0
p
55
30
12000 0 0
12007.9 75.6024 0
12015.7 151.205 0
12024.5 226.658 0
12033.8 302.015 0
12043 377.416 0
12052.5 452.787 0
12062.2 528.151 0
12071.9 603.513 0
12081.5 678.881 0
12091.2 754.258 0
12100.7 829.649 0
12110.2 905.055 0
12119.4 980.478 0
12128.6 1055.92 0
12137.5 1131.38 0
12146.3 1206.86 0
12154.8 1282.36 0
12163.2 1357.87 0
12171.3 1433.41 0
12179.3 1508.96 0
12187 1584.54 0
12194.4 1660.13 0
12201.7 1735.74 0
12208.6 1811.38 0
12215.3 1887.05 0
12221.6 1962.74 0
12227.5 2038.47 -8.64763
12232.9 2114.27 -8.64763
12238 2190.12 -8.64763
12242.9 2266 -8.64763
p
56
30
12200 0 0
12203.4 70.5206 0
12206.9 141.041 0
12211.2 211.649 0
12213.4 282.485 0
12216.1 353.262 0
12218.7 424.082 0
12221.3 494.931 0
12224.1 565.79 0
12227.1 636.643 0
12230.1 707.478 0
12233.1 778.291 0
12236.2 849.077 0
12239.3 919.844 0
12242.3 990.601 0
12245.2 1061.36 0
12247.8 1132.14 0
12250.2 1202.94 0
12252.4 1273.76 0
12254.3 1344.61 0
12255.9 1415.47 0
12257.3 1486.35 0
12258.3 1557.22 0
12259.1 1628.09 0
12259.6 1698.93 0
12259.8 1769.76 0
12259.6 1840.57 0
12259 1911.36 0
12258.1 1982.16 0
12256.9 2052.94 8.64763
12255.4 2123.69 8.64763
p
57
30
12400 0 0
12395.3 74.4834 0
12390.7 148.967 0
12387.6 223.495 0
12386 298.049 0
12385.2 372.668 0
12385.5 447.322 0
12386.6 522 0
12388.4 596.692 0
12390.7 671.394 0
12393.3 746.098 0
12396 820.802 0
12398.6 895.506 0
12400.7 970.207 0
12402.2 1044.9 0
12402.8 1119.58 0
12402.3 1194.23 0
12400.6 1268.83 0
12397.5 1343.36 0
12392.8 1417.8 0
12386.7 1492.13 0
12378.9 1566.31 0
12369.6 1640.33 0
12358.9 1714.18 0
12346.9 1787.85 0
12333.8 1861.35 0
12319.9 1934.71 0
12305.4 2007.98 0
12290.8 2081.2 0
12276.1 2154.46 8.64763
12261.5 2227.75 8.64763
p
58
30
12600 0 0
12601.8 74.5486 0
12603.6 149.097 0
12605.4 223.646 0
12607.2 298.194 0
12609 372.743 0
12610.8 447.291 0
12612.5 521.84 0
12614.3 596.388 0
12616.1 670.937 0
12617.9 745.486 0
12619.7 820.034 0
12621.5 894.583 0
12623.3 969.131 0
12625.1 1043.68 0
12626.9 1118.23 0
12628.7 1192.78 0
12630.5 1267.33 0
12632.3 1341.87 0
12634.1 1416.42 0
12635.9 1490.97 0
12637.6 1565.52 0
12639.4 1640.07 0
12641.2 1714.62 0
12643 1789.17 0
12644.8 1863.71 0
12646.6 1938.26 0
12648.4 2012.81 0
12650.2 2087.36 0
12652 2161.91 0
12653.8 2236.46 0
p
59
30
12800 0 0
12801.6 57.9331 0
12803.2 115.866 0
12804.9 173.799 0
12806.5 231.732 0
12808.1 289.665 0
12809.7 347.599 0
12811.3 405.532 0
12813 463.465 0
12814.6 521.398 0
12816.2 579.331 0
12817.8 637.264 0
12819.4 695.197 0
12821 753.13 0
12822.7 811.063 0
12824.3 868.996 0
12825.9 926.929 0
12827.5 984.862 0
12829.1 1042.8 0
12830.8 1100.73 0
12832.4 1158.66 0
12834 1216.59 0
12835.6 1274.53 0
12837.2 1332.46 0
12838.9 1390.39 0
12840.5 1448.33 0
12842.1 1506.26 0
12843.7 1564.19 0
12845.3 1622.13 0
12847 1680.06 0
12848.6 1737.99 0
p
60
30
13000 0 0
13001 76.8736 0
13002 153.747 0
13001.6 230.626 0
12999.7 307.489 0
12997.5 384.355 0
12994.9 461.223 0
12992.8 538.114 0
12991.6 615.032 0
12992 691.963 0
12994.6 768.857 0
12999.3 845.659 0
13006.4 922.291 0
13016.1 998.67 0
13028.4 1074.71 0
13043.2 1150.33 0
13060.7 1225.45 0
13080.5 1300.03 0
13102.7 1374.03 0
13126.9 1447.44 0
13153.1 1520.27 0
13180.9 1592.57 0
13209.9 1664.41 0
13240 1735.89 0
13270.7 1807.14 0
13301.7 1878.3 0
13332.6 1949.52 0
13363 2020.91 -1.76133
13393.2 2092.45 -1.76133
13423.4 2164 0
13453.6 2235.56 0
p
61
30
13200 0 0
13192.7 68.4027 0
13185.3 136.805 0
13179.7 205.41 0
13176.3 274.206 0
13174.5 343.086 0
13174.9 412.036 0
13177 480.981 0
13180.8 549.883 0
13186.1 618.706 0
13192.9 687.428 0
13200.8 756.036 0
13209.2 824.59 0
13218.1 893.106 0
13227.3 961.612 0
13236.6 1030.13 0
13245.9 1098.67 0
13255.2 1167.25 0
13264.4 1235.87 0
13273.7 1304.52 0
13282.9 1373.2 0
13292.3 1441.89 0
13301.9 1510.58 0
13311.8 1579.24 0
13322.2 1647.85 0
13333.2 1716.38 0
13345 1784.78 0
13357.8 1853.02 0
13371.7 1921.05 0
13387.1 1988.8 1.76133
13403.7 2056.26 1.76133
p
62
30
13400 0 0
13397.1 67.9015 0
13394.1 135.803 0
13391.4 203.722 0
13388.8 271.656 0
13386.7 339.6 0
13385.1 407.559 0
13383.7 475.526 0
13382.8 543.503 0
13382.1 611.489 0
13381.7 679.482 0
13381.6 747.482 0
13381.8 815.489 0
13382.2 883.503 0
13382.8 951.525 0
13383.7 1019.55 0
13384.8 1087.59 0
13386.1 1155.63 0
13387.8 1223.69 0
13389.6 1291.74 0
13391.8 1359.81 0
13394.3 1427.88 0
13397.1 1495.95 0
13400.3 1564.02 0
13403.9 1632.08 0
13408 1700.14 0
13412.6 1768.18 0
13417.7 1836.2 0
13423.5 1904.2 -13.0167
13429.7 1972.17 -13.0167
13436.3 2040.11 -13.0167
p
63
30
13600 0 0
13594.7 68.1272 0
13589.4 136.254 0
13584.1 204.374 0
13578.8 272.491 0
13573.5 340.611 0
13568.2 408.731 0
13562.9 476.851 0
13557.6 544.972 0
13552.3 613.093 0
13547.1 681.215 0
13541.8 749.337 0
13536.5 817.46 0
13531.3 885.583 0
13526 953.708 0
13520.8 1021.83 0
13515.6 1089.96 0
13510.4 1158.09 0
13505.2 1226.21 0
13500 1294.34 0
13494.8 1362.48 0
13489.7 1430.61 0
13484.6 1498.74 0
13479.5 1566.88 0
13474.4 1635.01 0
13469.3 1703.15 0
13464.3 1771.29 0
13459.3 1839.43 0
13454.3 1907.57 13.0167
13449.4 1975.73 13.0167
13444.6 2043.89 13.0167
p
64
30
13800 0 0
13792.4 88.9722 0
13784.8 177.944 0
13777.1 266.917 0
13769.5 355.889 0
13761.9 444.861 0
13754.3 533.833 0
13746.6 622.806 0
13739 711.778 0
13731.4 800.75 0
13723.8 889.722 0
13716.1 978.695 0
13708.5 1067.67 0
13700.9 1156.64 0
13693.3 1245.61 0
13685.6 1334.58 0
13678 1423.56 0
13670.4 1512.53 0
13662.8 1601.5 0
13655.2 1690.47 0
13647.5 1779.44 0
13639.9 1868.42 0
13632.3 1957.39 0
13624.7 2046.36 0
13617 2135.33 0
13609.4 2224.31 0
13601.8 2313.28 0
13594.2 2402.25 0
13586.5 2491.22 0
13578.9 2580.2 0
13571.3 2669.17 0
p
65
30
14000 0 0
14003.1 82.8263 0
14006.1 165.653 0
14008.2 248.508 0
14008.9 331.393 0
14007.6 414.286 0
14003.3 497.114 0
13995.2 579.71 0
13982.2 661.773 0
13964.1 742.971 0
13941.9 823.254 0
13918.8 903.353 0
13896.2 983.64 0
13876.4 1064.6 0
13861.4 1146.47 0
13851.9 1229.05 0
13849.2 1312.04 0
13853.7 1394.88 0
13865.8 1476.97 0
13885.2 1557.72 0
13911.1 1636.72 0
13942.6 1713.82 0
13978.5 1789.15 0
14017.2 1863.16 0
14057.3 1936.55 0
14097 2010.16 0
14134.6 2084.84 13.0675
14169.4 2160.83 13.0675
14204.9 2236.59 13.0675
14241 2312.12 13.0675
14277.1 2387.62 0
p
66
30
14200 0 0
14193.2 74.096 0
14186.3 148.192 0
14179.8 222.342 0
14173.8 296.546 0
14168.3 370.817 0
14163.5 445.164 0
14159.5 519.601 0
14156.6 594.165 0
14155.5 668.907 0
14156.6 743.784 0
14157 818.644 0
14157.3 893.543 0
14157.1 968.45 0
14156.8 1043.35 0
14155.7 1118.23 0
14154 1193.11 0
14152 1267.99 0
14149.6 1342.91 0
14147.1 1417.87 0
14144.7 1492.9 0
14142.5 1568 0
14140.8 1643.16 0
14140.2 1718.37 0
14141.3 1793.58 0
14145.4 1868.67 0
14154.3 1943.34 13.0675
14169.3 2017.08 13.0675
14188.6 2089.85 13.0675
14211 2161.69 13.0675
14234 2233.22 13.0675
p
67
30
14400 0 0
14394 76.3214 0
14388 152.643 0
14381.8 228.937 0
14375.2 305.198 0
14368.1 381.406 0
14360.3 457.537 0
14351.5 533.562 0
14341.8 609.452 0
14331.2 685.224 0
14320.3 760.951 0
14309 836.633 0
14297.5 912.293 0
14286 987.956 0
14274.6 1063.64 0
14263.6 1139.37 0
14253 1215.16 0
14243 1291.03 0
14233.7 1366.97 0
14225.1 1443 0
14217.4 1519.11 0
14210.5 1595.3 0
14204.5 1671.57 0
14199.5 1747.9 0
14195.3 1824.28 0
14191.9 1900.71 0
14189.5 1977.18 -13.0675
14189.3 2053.69 -13.0675
14193.2 2130.18 -13.0675
14198.8 2206.65 -13.0675
14204.8 2283.12 -13.0675
p
68
30
14600 0 0
14605.2 69.8786 0
14610.5 139.757 0
14615.6 209.634 0
14620.7 279.51 0
14625.9 349.38 0
14631.2 419.242 0
14636.7 489.093 0
14642.3 558.93 0
14648.1 628.751 0
14653.9 698.563 0
14659.9 768.368 0
14666 838.168 0
14672.1 907.966 0
14678.1 977.766 0
14684.2 1047.57 0
14690.2 1117.38 0
14696.1 1187.2 0
14701.9 1257.03 0
14707.7 1326.87 0
14713.4 1396.72 0
14719.1 1466.58 0
14725.6 1536.38 0
14733.2 1606.07 0
14742.2 1675.6 0
14753.1 1744.87 0
14766.2 1813.77 0
14781.8 1882.15 0
14800.2 1949.85 0
14821.5 2016.72 7.04665
14845.3 2082.78 7.04665
p
69
30
14800 0 0
14789.9 67.8017 0
14779.7 135.603 0
14770.4 203.533 0
14761.6 271.539 0
14753.6 339.648 0
14746.5 407.863 0
14740.4 476.181 0
14735.2 544.594 0
14731.2 613.089 0
14728.2 681.647 0
14726.3 750.253 0
14725.4 818.89 0
14725.7 887.542 0
14727 956.192 0
14729.4 1024.82 0
14732.9 1093.41 0
14737.7 1161.95 0
14743.6 1230.4 0
14750.8 1298.74 0
14759.5 1366.93 0
14769.6 1434.93 0
14780.5 1502.83 0
14791.9 1570.65 0
14803.6 1638.44 0
14815.3 1706.23 0
14826.5 1774.09 0
14837.1 1842.04 0
14846.6 1910.13 0
14854.7 1978.38 -7.04665
14861.3 2046.79 -7.04665
p
70
30
15000 0 0
15010 68.0917 0
15020 136.183 0
15029.4 204.361 0
15038.3 272.61 0
15046.5 340.955 0
15053.8 409.408 0
15060.1 477.971 0
15065.2 546.642 0
15069 615.41 0
15071.5 684.256 0
15072.4 753.157 0
15071.9 822.081 0
15069.9 891 0
15066.5 959.884 0
15061.7 1028.71 0
15055.4 1097.44 0
15048 1166.08 0
15039.5 1234.63 0
15030.1 1303.07 0
15019.8 1371.42 0
15008.7 1439.66 0
14996.9 1507.81 0
14984.6 1575.88 0
14971.6 1643.86 0
14958.2 1711.77 0
14944.3 1779.61 0
14930.1 1847.39 0
14915.6 1915.12 0
14900.8 1982.81 7.04665
14885.9 2050.48 7.04665
p
71
30
15200 0 0
15199.7 73.6723 0
15199.4 147.345 0
15200.2 221.008 0
15201.2 294.674 0
15202.5 368.337 0
15204 442 0
15205.4 515.665 0
15206.5 589.335 0
15206.9 663.009 0
15206.5 736.68 0
15204.9 810.333 0
15202.2 883.956 0
15198.4 957.53 0
15193.3 1031.04 0
15187 1104.46 0
15179.3 1177.78 0
15169.9 1250.93 0
15158.7 1323.84 0
15145.3 1396.43 0
15129.7 1468.62 0
15111.7 1540.32 0
15091.4 1611.44 0
15068.7 1681.9 0
15043.8 1751.66 0
15016.9 1820.7 0
14988.2 1889.06 0
14958 1956.83 0
14926.6 2024.06 -7.04665
14894 2090.8 -7.04665
14861.2 2157.44 0
p
72
30
15400 0 0
15402.2 72.2118 0
15404.3 144.424 0
15406.7 216.626 0
15409.4 288.817 0
15412.2 361.003 0
15415.4 433.18 0
15418.7 505.349 0
15422.2 577.51 0
15426 649.661 0
15430 721.803 0
15434.2 793.936 0
15438.7 866.059 0
15443.3 938.173 0
15448.1 1010.28 0
15453.2 1082.37 0
15458.4 1154.46 0
15463.8 1226.53 0
15469.4 1298.6 0
15475.1 1370.66 0
15481.1 1442.7 0
15487.1 1514.74 0
15493.4 1586.77 0
15499.8 1658.79 0
15506.3 1730.8 0
15513 1802.81 0
15519.8 1874.8 0
15526.7 1946.79 0
15533.7 2018.77 0
15540.7 2090.76 0
15547.8 2162.74 0
p
73
30
15600 0 0
15596 67.5444 0
15591.9 135.089 0
15588.2 202.654 0
15584.9 270.242 0
15581.8 337.84 0
15578.9 405.453 0
15576.4 473.079 0
15574.1 540.718 0
15572 608.368 0
15570.2 676.029 0
15568.6 743.698 0
15567.2 811.377 0
15566 879.063 0
15565 946.756 0
15564.2 1014.46 0
15563.6 1082.16 0
15563.1 1149.87 0
15562.7 1217.59 0
15562.5 1285.31 0
15562.4 1353.03 0
15562.4 1420.76 0
15562.5 1488.49 0
15562.7 1556.22 0
15562.9 1623.96 0
15563.3 1691.69 0
15563.7 1759.43 0
15564.1 1827.17 0
15564.6 1894.91 0
15565.1 1962.65 0
15565.6 2030.39 0
p
74
30
15800 0 0
15793.4 76.4631 0
15786.8 152.926 0
15780.1 229.389 0
15773.5 305.852 0
15766.9 382.315 0
15760.3 458.778 0
15753.7 535.241 0
15747 611.704 0
15740.4 688.167 0
15733.8 764.631 0
15727.2 841.094 0
15720.5 917.557 0
15713.9 994.02 0
15707.3 1070.48 0
15700.7 1146.95 0
15694.1 1223.41 0
15687.4 1299.87 0
15680.8 1376.33 0
15674.2 1452.8 0
15667.6 1529.26 0
15661 1605.72 0
15654.3 1682.19 0
15647.7 1758.65 0
15641.1 1835.11 0
15634.5 1911.58 0
15627.8 1988.04 0
15621.2 2064.5 0
15614.6 2140.97 0
15608 2217.43 0
15601.4 2293.89 0
p
75
30
16000 0 0
16004 78.567 0
16007.9 157.134 0
16011.9 235.695 0
16016 314.249 0
16020.2 392.791 0
16024.7 471.311 0
16029.7 549.8 0
16035.4 628.239 0
16041.9 706.604 0
16049.6 784.861 0
16058.6 862.962 0
16069.3 940.844 0
16081.8 1018.44 0
16095.8 1095.76 0
16110.6 1172.92 0
16126.3 1249.95 0
16142.3 1326.91 0
16158.4 1403.86 0
16174.3 1480.86 0
16189.6 1557.96 0
16204.1 1635.21 0
16217.6 1712.64 0
16229.8 1790.25 0
16240.8 1868.06 0
16250.3 1946.03 0
16258.4 2024.16 0
16265.3 2102.42 0
16270.6 2180.81 -23.206
16273.2 2259.31 -23.206
16273.4 2337.99 -23.206
p
76
30
16200 0 0
16200.7 76.138 0
16201.4 152.276 0
16202.5 228.419 0
16204 304.563 0
16206 380.704 0
16208.5 456.841 0
16211.6 532.969 0
16215.3 609.089 0
16219.4 685.202 0
16224.1 761.314 0
16229.1 837.436 0
16234.5 913.589 0
16239.9 989.828 0
16244.6 1066.27 0
16247.8 1142.93 0
16252.2 1219.48 0
16257.1 1296.01 0
16262.5 1372.51 0
16268.3 1448.96 0
16274.1 1525.43 0
16280.4 1601.89 0
16286.7 1678.39 0
16293 1754.94 0
16298.8 1831.57 0
16303.8 1908.26 0
16307.4 1985.02 0
16308.5 2061.79 0
16305.5 2138.45 0
16296.7 2214.62 0
16283.7 2290.11 0
p
77
30
16400 0 0
16385.9 79.0366 0
16371.8 158.073 0
16357.8 237.115 0
16343.9 316.187 0
16330.4 395.325 0
16317.7 474.581 0
16306.2 554.019 0
16296.4 633.699 0
16289.2 713.663 0
16285.4 793.893 0
16286.1 874.263 0
16292.5 954.462 0
16305.9 1033.92 0
16326.7 1111.95 0
16353.7 1188.21 0
16383.9 1263.5 0
16415.1 1338.42 0
16444.8 1413.88 0
16470.8 1490.55 0
16490.7 1568.77 0
16502.5 1648.39 0
16504.9 1728.64 0
16497.3 1808.47 0
16480.4 1886.81 0
16455.3 1963.01 0
16424.3 2037.1 0
16390.1 2109.84 0
16355.8 2182.55 0
16324 2256.29 1.39161
16293.7 2330.83 1.39161
p
78
30
16600 0 0
16609 72.1885 0
16618 144.377 0
16627 216.566 0
16636 288.754 0
16645 360.943 0
16654 433.131 0
16663 505.32 0
16671.9 577.508 0
16680.9 649.697 0
16689.9 721.885 0
16698.9 794.074 0
16707.9 866.262 0
16716.9 938.451 0
16725.9 1010.64 0
16734.9 1082.83 0
16743.9 1155.02 0
16752.9 1227.2 0
16761.9 1299.39 0
16770.9 1371.58 0
16779.9 1443.77 0
16788.9 1515.96 0
16797.9 1588.15 0
16806.8 1660.34 0
16815.8 1732.52 0
16824.8 1804.71 0
16833.8 1876.9 0
16842.8 1949.09 0
16851.8 2021.28 0
16860.8 2093.47 0
16869.8 2165.66 0
p
79
30
16800 0 0
16803.5 74.1522 0
16806.9 148.304 0
16810.4 222.459 0
16813.8 296.614 0
16817.2 370.77 0
16820.6 444.927 0
16823.9 519.084 0
16827.3 593.242 0
16830.6 667.401 0
16833.9 741.561 0
16837.2 815.72 0
16840.5 889.881 0
16843.8 964.041 0
16847.1 1038.2 0
16850.4 1112.36 0
16853.7 1186.52 0
16857 1260.68 0
16860.3 1334.84 0
16863.6 1409 0
16866.9 1483.16 0
16870.2 1557.32 0
16873.6 1631.48 0
16876.9 1705.64 0
16880.3 1779.8 0
16883.6 1853.95 0
16887 1928.11 0
16890.4 2002.26 0
16893.9 2076.42 0
16897.4 2150.57 0
16900.8 2224.72 0
s	0
293 295 325 328 357 361 
293 294 295 325 326 327 328 357 358 359 360 361 
b
3 0
0.783099 0.394383 0.840188
294 0 0 3
326 0 0 1
327 0 0 3
358 0 0 2
359 0 0 2
360 0 0 1
g
0
0.3 2 0 0 1 2 0 2 4
t
2
0
2795.87 2277.22 100
2795.87 2277.22 -100
a
6
0
295 292 328 324 361 356 
1 358 1 293 0 294 0 326 0 327 0 2640 0.5 2641 0.5 
1 359 1 293 0 294 0 326 0 327 0 2640 0.5 2641 0.5 
1 357 1 326 0 325 0 2640 0.5 2641 0.5 
1 360 1 294 0 2640 0.5 2641 0.5 
2 326 1 293 0 358 0 359 0 357 0 2640 0.5 2641 0.5 
2 327 1 293 0 294 0 358 0 359 0 2640 0.5 2641 0.5 
2 325 1 357 0 2640 0.5 2641 0.5 
3 293 1 326 0 327 0 358 0 359 0 2640 0.5 2641 0.5 
3 294 1 327 0 358 0 359 0 360 0 2640 0.5 2641 0.5 
0 2640 4.5 358 0.5 359 0.5 357 0.5 360 0.5 326 0.5 327 0.5 325 0.5 293 0.5 294 0.5 
0 2641 4.5 358 0.5 359 0.5 357 0.5 360 0.5 326 0.5 327 0.5 325 0.5 293 0.5 294 0.5 
NanList DIR 0
d
33
0 0 -24.1707 0 0 -24.1707 0 0 -24.1707 0 0 -24.1707 0 0 0 0 0 0 0 0 0 0 0 9.3234 0 0 9.3234 0 0 0 0 0 0 
s	1
425 427 458 460 491 493 
425 426 427 458 459 460 491 492 493 
b
3 0
0.197551 0.911647 0.79844
426 0 0 1
459 0 0 2
492 0 0 1
g
0
0.3 2 0 0 1 2 0 2 4
t
2
2
3726.22 2231.32 100
3726.22 2231.32 -100
a
6
6
427 424 460 457 493 490 
1 458 1 425 0 492 0 491 0 2640 0.5 2641 0.5 
1 459 1 425 0 492 0 426 0 2640 0.5 2641 0.5 
2 425 1 458 0 459 0 2640 0.5 2641 0.5 
2 426 1 459 0 2640 0.5 2641 0.5 
2 492 1 458 0 459 0 2640 0.5 2641 0.5 
2 491 1 458 0 2640 0.5 2641 0.5 
0 2640 3 458 0.5 459 0.5 425 0.5 426 0.5 492 0.5 491 0.5 
0 2641 3 458 0.5 459 0.5 425 0.5 426 0.5 492 0.5 491 0.5 
NanList DIR 0
d
24
0 0 -6.02039 0 0 -6.02039 0 0 6.02039 0 0 6.02039 0 0 6.02039 0 0 6.02039 0 0 0 0 0 0 
s	2
587 591 622 625 656 658 
587 588 589 590 591 622 623 624 625 656 657 658 
b
3 0
0.277775 0.76823 0.335223
588 0 0 2
589 0 0 2
590 0 0 2
623 0 0 2
624 0 0 4
657 0 0 2
g
0
0.3 2 0 0 1 2 0 2 4
t
2
4
4646.61 2224.42 100
4646.61 2224.42 -100
a
6
12
591 586 625 621 658 655 
1 589 1 624 0 623 0 656 0 657 0 2640 0.5 2641 0.5 
1 588 1 624 0 623 0 622 0 2640 0.5 2641 0.5 
1 587 1 623 0 622 0 2640 0.5 2641 0.5 
1 590 1 624 0 657 0 2640 0.5 2641 0.5 
2 624 1 589 0 588 0 656 0 657 0 590 0 2640 0.5 2641 0.5 
2 623 1 589 0 588 0 656 0 587 0 2640 0.5 2641 0.5 
2 622 1 588 0 587 0 2640 0.5 2641 0.5 
3 656 1 624 0 589 0 623 0 2640 0.5 2641 0.5 
3 657 1 624 0 589 0 590 0 2640 0.5 2641 0.5 
0 2640 4.5 589 0.5 588 0.5 587 0.5 590 0.5 624 0.5 623 0.5 622 0.5 656 0.5 657 0.5 
0 2641 4.5 589 0.5 588 0.5 587 0.5 590 0.5 624 0.5 623 0.5 622 0.5 656 0.5 657 0.5 
NanList DIR 0
d
33
0 0 -25.6216 0 0 -25.6216 0 0 -25.6216 0 0 -25.6216 0 0 0 0 0 0 0 0 0 0 0 10.6128 0 0 10.6128 0 0 0 0 0 0 
s	3
648 654 683 689 
648 649 650 651 652 653 654 683 684 685 686 687 688 689 
b
2 0
0.628871 0.477397 0.55397
649 0 0 2
650 0 0 2
651 0 0 3
652 0 0 2
653 0 0 1
684 0 0 1
685 0 0 2
686 0 0 2
687 0 0 2
688 0 0 3
g
0
0.3 2 0 0 1 2 0 2 4
t
2
6
4851.82 1813.47 100
4851.82 1813.47 -100
a
4
18
654 647 689 682 
1 650 1 687 0 685 0 686 0 2640 0.5 2641 0.5 
1 651 1 687 0 688 0 686 0 2640 0.5 2641 0.5 
1 648 1 684 0 683 0 2640 0.5 2641 0.5 
1 649 1 684 0 685 0 2640 0.5 2641 0.5 
1 652 1 687 0 688 0 2640 0.5 2641 0.5 
1 653 1 688 0 2640 0.5 2641 0.5 
2 687 1 650 0 651 0 652 0 2640 0.5 2641 0.5 
2 688 1 651 0 652 0 653 0 2640 0.5 2641 0.5 
2 684 1 648 0 649 0 2640 0.5 2641 0.5 
2 685 1 650 0 649 0 2640 0.5 2641 0.5 
2 686 1 650 0 651 0 2640 0.5 2641 0.5 
2 683 1 648 0 2640 0.5 2641 0.5 
0 2640 6 650 0.5 651 0.5 648 0.5 649 0.5 652 0.5 653 0.5 687 0.5 688 0.5 684 0.5 685 0.5 686 0.5 683 0.5 
0 2641 6 650 0.5 651 0.5 648 0.5 649 0.5 652 0.5 653 0.5 687 0.5 688 0.5 684 0.5 685 0.5 686 0.5 683 0.5 
NanList DIR 0
d
42
0 0 -13.3226 0 0 -13.3226 0 0 -13.3226 0 0 -13.3226 0 0 -13.3226 0 0 -13.3226 0 0 13.3226 0 0 13.3226 0 0 13.3226 0 0 13.3226 0 0 13.3226 0 0 13.3226 0 0 0 0 0 0 
s	4
933 937 966 970 
933 934 935 936 937 966 967 968 969 970 
b
2 0
0.95223 0.513401 0.364784
934 0 0 1
935 0 0 2
936 0 0 2
967 0 0 2
968 0 0 2
969 0 0 1
g
0
0.3 2 0 0 1 2 0 2 4
t
2
8
6644.3 868.516 100
6644.3 868.516 -100
a
4
22
937 932 970 965 
1 934 1 968 0 966 0 967 0 2640 0.5 2641 0.5 
1 935 1 968 0 967 0 2640 0.5 2641 0.5 
1 936 1 968 0 969 0 2640 0.5 2641 0.5 
1 933 1 966 0 2640 0.5 2641 0.5 
2 968 1 934 0 935 0 936 0 2640 0.5 2641 0.5 
2 966 1 934 0 933 0 2640 0.5 2641 0.5 
2 967 1 934 0 935 0 2640 0.5 2641 0.5 
2 969 1 936 0 2640 0.5 2641 0.5 
0 2640 4 934 0.5 935 0.5 936 0.5 933 0.5 968 0.5 966 0.5 967 0.5 969 0.5 
0 2641 4 934 0.5 935 0.5 936 0.5 933 0.5 968 0.5 966 0.5 967 0.5 969 0.5 
NanList DIR 0
d
30
0 0 -14.3659 0 0 -14.3659 0 0 -14.3659 0 0 -14.3659 0 0 14.3659 0 0 14.3659 0 0 14.3659 0 0 14.3659 0 0 0 0 0 0 
s	5
938 943 971 974 
938 939 940 941 942 943 971 972 973 974 
b
2 0
0.717297 0.635712 0.916195
939 0 0 1
940 0 0 2
941 0 0 2
942 0 0 1
972 0 0 3
973 0 0 3
g
0
0.3 2 0 0 1 2 0 2 4
t
2
10
6672.27 1280.62 100
6672.27 1280.62 -100
a
4
26
943 937 974 970 
1 940 1 971 0 972 0 973 0 2640 0.5 2641 0.5 
1 939 1 971 0 972 0 2640 0.5 2641 0.5 
1 941 1 972 0 973 0 2640 0.5 2641 0.5 
1 938 1 971 0 2640 0.5 2641 0.5 
1 942 1 973 0 2640 0.5 2641 0.5 
2 971 1 940 0 939 0 938 0 2640 0.5 2641 0.5 
2 972 1 940 0 939 0 941 0 2640 0.5 2641 0.5 
2 973 1 940 0 941 0 942 0 2640 0.5 2641 0.5 
0 2640 4 940 0.5 939 0.5 941 0.5 938 0.5 942 0.5 971 0.5 972 0.5 973 0.5 
0 2641 4 940 0.5 939 0.5 941 0.5 938 0.5 942 0.5 971 0.5 972 0.5 973 0.5 
NanList DIR 0
d
30
0 0 -14.3659 0 0 -14.3659 0 0 -14.3659 0 0 -14.3659 0 0 -14.3659 0 0 14.3659 0 0 14.3659 0 0 14.3659 0 0 0 0 0 0 
s	6
976 977 978 979 980 981 982 1012 1013 1014 1015 1016 1017 1018 1019 1020 1021 1040 1041 1042 1043 1044 1045 1046 1047 1048 1076 1077 1078 1079 1080 1081 
976 977 978 979 980 981 982 1012 1013 1014 1015 1016 1017 1018 1019 1020 1021 1040 1041 1042 1043 1044 1045 1046 1047 1048 1076 1077 1078 1079 1080 1081 
b
2 0
0.0163006 0.606969 0.141603
977 0 0 1
978 0 0 2
979 0 0 2
1045 0 0 2
1046 0 0 2
1047 0 0 1
b
3 0
0.804177 0.137232 0.242887
980 0 0 2
981 0 0 2
1019 0 0 2
1020 0 0 2
1077 0 0 1
1078 0 0 2
1079 0 0 3
1080 0 0 2
b
2 0
0.12979 0.400944 0.156679
1013 0 0 2
1014 0 0 2
1015 0 0 3
1016 0 0 2
1017 0 0 1
1041 0 0 1
1042 0 0 3
1043 0 0 3
1044 0 0 3
g
0
0.3 2 0 0 1 2 0 2 4
t
2
12
6972.5 1650.29 100
6972.5 1650.29 -100
a
8
30
982 975 1021 1011 1048 1039 1081 1075 
1 1044 1 977 0 1015 0 1016 0 976 0 1017 0 2640 0.5 2641 0.5 
1 1041 1 1014 0 1012 0 1013 0 2640 0.5 2641 0.5 
1 1042 1 1014 0 1015 0 1013 0 2640 0.5 2641 0.5 
1 1043 1 1014 0 1015 0 1016 0 2640 0.5 2641 0.5 
1 1046 1 979 0 977 0 978 0 2640 0.5 2641 0.5 
1 1045 1 977 0 978 0 2640 0.5 2641 0.5 
1 1040 1 1012 0 2640 0.5 2641 0.5 
1 1047 1 979 0 2640 0.5 2641 0.5 
2 1014 1 1041 0 1042 0 1043 0 2640 0.5 2641 0.5 
2 1015 1 1044 0 1042 0 1043 0 2640 0.5 2641 0.5 
2 1012 1 1041 0 1040 0 2640 0.5 2641 0.5 
2 1013 1 1041 0 1042 0 2640 0.5 2641 0.5 
2 1016 1 1044 0 1043 0 2640 0.5 2641 0.5 
1 1018 1 1077 0 1076 0 2640 0.5 2641 0.5 
1 1019 1 1078 0 1077 0 2640 0.5 2641 0.5 
1 1020 1 1078 0 1079 0 2640 0.5 2641 0.5 
2 1017 1 1044 0 2640 0.5 2641 0.5 
2 979 1 1078 0 1079 0 1046 0 1047 0 2640 0.5 2641 0.5 
2 977 1 1044 0 1046 0 1045 0 2640 0.5 2641 0.5 
2 980 1 1078 0 1079 0 1080 0 2640 0.5 2641 0.5 
2 978 1 1046 0 1045 0 2640 0.5 2641 0.5 
2 976 1 1044 0 2640 0.5 2641 0.5 
2 981 1 1079 0 2640 0.5 2641 0.5 
3 1078 1 979 0 980 0 1019 0 1020 0 2640 0.5 2641 0.5 
3 1079 1 979 0 980 0 1020 0 981 0 2640 0.5 2641 0.5 
3 1077 1 1018 0 1019 0 2640 0.5 2641 0.5 
3 1076 1 1018 0 2640 0.5 2641 0.5 
3 1080 1 980 0 2640 0.5 2641 0.5 
0 2640 14 1044 0.5 1041 0.5 1042 0.5 1043 0.5 1046 0.5 1045 0.5 1040 0.5 1047 0.5 1014 0.5 1015 0.5 1012 0.5 1013 0.5 1016 0.5 1018 0.5 1019 0.5 1020 0.5 1017 0.5 979 0.5 977 0.5 980 0.5 978 0.5 976 0.5 981 0.5 1078 0.5 1079 0.5 1077 0.5 1076 0.5 1080 0.5 
0 2641 14 1044 0.5 1041 0.5 1042 0.5 1043 0.5 1046 0.5 1045 0.5 1040 0.5 1047 0.5 1014 0.5 1015 0.5 1012 0.5 1013 0.5 1016 0.5 1018 0.5 1019 0.5 1020 0.5 1017 0.5 979 0.5 977 0.5 980 0.5 978 0.5 976 0.5 981 0.5 1078 0.5 1079 0.5 1077 0.5 1076 0.5 1080 0.5 
NanList DIR 0
d
90
0 0 -27.7604 0 0 -27.7604 0 0 -27.7604 0 0 -27.7604 0 0 -27.7604 0 0 -27.7604 0 0 -27.7604 0 0 -27.7604 0 0 0 0 0 0 0 0 0 0 0 0 0 0 0 0 0 -27.7604 0 0 -27.7604 0 0 -27.7604 0 0 0 0 0 0 0 0 0 0 0 0 0 0 0 0 0 0 0 0 0 0 0 27.3445 0 0 27.3445 0 0 27.3445 0 0 27.3445 0 0 27.3445 0 0 0 0 0 0 
s	7
1249 1250 1251 1252 1283 1284 1285 1315 1316 1317 1318 1349 1350 1351 
1249 1250 1251 1252 1283 1284 1285 1315 1316 1317 1318 1349 1350 1351 
b
2 0
0.218257 0.998924 0.108809
1250 0 0 1
1284 0 0 1
b
3 0
0.61264 0.839112 0.512932
1251 0 0 3
1316 0 0 1
1317 0 0 2
1350 0 0 2
g
0
0.3 2 0 0 1 2 0 2 4
t
2
14
9171.78 2133.06 100
9171.78 2133.06 -100
a
8
38
1252 1248 1285 1282 1318 1314 1351 1348 
1 1250 1 1316 0 1350 0 1317 0 1284 0 1315 0 2640 0.5 2641 0.5 
1 1251 1 1316 0 1350 0 1317 0 1349 0 2640 0.5 2641 0.5 
1 1249 1 1284 0 1283 0 2640 0.5 2641 0.5 
2 1316 1 1250 0 1251 0 1350 0 1349 0 2640 0.5 2641 0.5 
2 1317 1 1250 0 1251 0 1350 0 2640 0.5 2641 0.5 
2 1315 1 1250 0 2640 0.5 2641 0.5 
3 1350 1 1250 0 1251 0 1316 0 1317 0 2640 0.5 2641 0.5 
3 1349 1 1251 0 1316 0 2640 0.5 2641 0.5 
2 1284 1 1250 0 1249 0 2640 0.5 2641 0.5 
2 1283 1 1249 0 2640 0.5 2641 0.5 
0 2640 5 1250 0.5 1251 0.5 1249 0.5 1316 0.5 1317 0.5 1315 0.5 1350 0.5 1349 0.5 1284 0.5 1283 0.5 
0 2641 5 1250 0.5 1251 0.5 1249 0.5 1316 0.5 1317 0.5 1315 0.5 1350 0.5 1349 0.5 1284 0.5 1283 0.5 
NanList DIR 0
d
36
0 0 -28.3916 0 0 -28.3916 0 0 -28.3916 0 0 0 0 0 0 0 0 0 0 0 8.39292 0 0 8.39292 0 0 0 0 0 0 0 0 0 0 0 0 
s	8
1646 1648 1679 1681 
1646 1647 1648 1679 1680 1681 
b
2 0
0.524287 0.637552 0.296032
1647 0 0 1
1680 0 0 1
g
0
0.3 2 0 0 1 2 0 2 4
t
2
16
11132.2 2254.94 100
11132.2 2254.94 -100
a
4
46
1648 1645 1681 1678 
1 1646 1 1680 0 1679 0 2640 0.5 2641 0.5 
1 1647 1 1680 0 2640 0.5 2641 0.5 
2 1680 1 1646 0 1647 0 2640 0.5 2641 0.5 
2 1679 1 1646 0 2640 0.5 2641 0.5 
0 2640 2 1646 0.5 1647 0.5 1680 0.5 1679 0.5 
0 2641 2 1646 0.5 1647 0.5 1680 0.5 1679 0.5 
NanList DIR 0
d
18
0 0 -6.67295 0 0 -6.67295 0 0 6.67295 0 0 6.67295 0 0 0 0 0 0 
s	9
1842 1843 1844 1845 1846 1877 1878 1879 1910 1911 1912 
1842 1843 1844 1845 1846 1877 1878 1879 1910 1911 1912 
b
2 0
0.292517 0.972775 0.493583
1843 0 0 1
1844 0 0 1
1878 0 0 2
b
2 0
0.769914 0.526745 0.771358
1845 0 0 1
1911 0 0 1
g
0
0.3 2 0 0 1 2 0 2 4
t
2
18
12248.9 2145.96 100
12248.9 2145.96 -100
a
6
50
1846 1841 1879 1876 1912 1909 
1 1844 1 1878 0 1911 0 1910 0 2640 0.5 2641 0.5 
1 1843 1 1877 0 1878 0 2640 0.5 2641 0.5 
1 1842 1 1877 0 2640 0.5 2641 0.5 
1 1845 1 1911 0 2640 0.5 2641 0.5 
2 1877 1 1843 0 1842 0 2640 0.5 2641 0.5 
2 1878 1 1844 0 1843 0 2640 0.5 2641 0.5 
2 1911 1 1844 0 1845 0 2640 0.5 2641 0.5 
2 1910 1 1844 0 2640 0.5 2641 0.5 
0 2640 4 1844 0.5 1843 0.5 1842 0.5 1845 0.5 1877 0.5 1878 0.5 1911 0.5 1910 0.5 
0 2641 4 1844 0.5 1843 0.5 1842 0.5 1845 0.5 1877 0.5 1878 0.5 1911 0.5 1910 0.5 
NanList DIR 0
d
30
0 0 -8.64763 0 0 -8.64763 0 0 -8.64763 0 0 -8.64763 0 0 8.64763 0 0 8.64763 0 0 8.64763 0 0 8.64763 0 0 0 0 0 0 
s	10
2007 2009 2042 2044 
2007 2008 2009 2042 2043 2044 
b
2 0
0.283315 0.891529 0.400229
2008 0 0 1
2043 0 0 1
g
0
0.3 2 0 0 1 2 0 2 4
t
2
20
13386.8 2039.6 100
13386.8 2039.6 -100
a
4
56
2009 2006 2044 2041 
1 2007 1 2043 0 2042 0 2640 0.5 2641 0.5 
1 2008 1 2043 0 2640 0.5 2641 0.5 
2 2043 1 2007 0 2008 0 2640 0.5 2641 0.5 
2 2042 1 2007 0 2640 0.5 2641 0.5 
0 2640 2 2007 0.5 2008 0.5 2043 0.5 2042 0.5 
0 2641 2 2007 0.5 2008 0.5 2043 0.5 2042 0.5 
NanList DIR 0
d
18
0 0 -1.76133 0 0 -1.76133 0 0 1.76133 0 0 1.76133 0 0 0 0 0 0 
s	11
2074 2077 2107 2110 
2074 2075 2076 2077 2107 2108 2109 2110 
b
2 0
0.919026 0.807725 0.352458
2075 0 0 2
2076 0 0 2
2108 0 0 2
2109 0 0 2
g
0
0.3 2 0 0 1 2 0 2 4
t
2
22
13439.6 1973.94 100
13439.6 1973.94 -100
a
4
60
2077 2073 2110 2106 
1 2075 1 2108 0 2107 0 2109 0 2640 0.5 2641 0.5 
1 2074 1 2108 0 2107 0 2640 0.5 2641 0.5 
1 2076 1 2108 0 2109 0 2640 0.5 2641 0.5 
2 2108 1 2075 0 2074 0 2076 0 2640 0.5 2641 0.5 
2 2107 1 2075 0 2074 0 2640 0.5 2641 0.5 
2 2109 1 2075 0 2076 0 2640 0.5 2641 0.5 
0 2640 3 2075 0.5 2074 0.5 2076 0.5 2108 0.5 2107 0.5 2109 0.5 
0 2641 3 2075 0.5 2074 0.5 2076 0.5 2108 0.5 2107 0.5 2109 0.5 
NanList DIR 0
d
24
0 0 -13.0167 0 0 -13.0167 0 0 -13.0167 0 0 13.0167 0 0 13.0167 0 0 13.0167 0 0 0 0 0 0 
s	12
2171 2175 2204 2209 2237 2242 
2171 2172 2173 2174 2175 2204 2205 2206 2207 2208 2209 2237 2238 2239 2240 2241 2242 
b
3 0
0.525995 0.949327 0.0697553
2172 0 0 1
2173 0 0 2
2174 0 0 1
2205 0 0 1
2206 0 0 2
2207 0 0 2
2208 0 0 1
2238 0 0 2
2239 0 0 2
2240 0 0 4
2241 0 0 2
g
0
0.3 2 0 0 1 2 0 2 4
t
2
24
14191.6 2135.03 100
14191.6 2135.03 -100
a
6
64
2175 2170 2209 2203 2242 2236 
1 2239 1 2172 0 2207 0 2206 0 2171 0 2640 0.5 2641 0.5 
1 2240 1 2172 0 2207 0 2173 0 2208 0 2640 0.5 2641 0.5 
1 2238 1 2207 0 2205 0 2206 0 2640 0.5 2641 0.5 
1 2241 1 2172 0 2173 0 2174 0 2640 0.5 2641 0.5 
1 2237 1 2205 0 2204 0 2640 0.5 2641 0.5 
2 2207 1 2239 0 2240 0 2238 0 2640 0.5 2641 0.5 
2 2205 1 2238 0 2237 0 2640 0.5 2641 0.5 
2 2206 1 2239 0 2238 0 2640 0.5 2641 0.5 
2 2204 1 2237 0 2640 0.5 2641 0.5 
2 2208 1 2240 0 2640 0.5 2641 0.5 
2 2172 1 2239 0 2240 0 2241 0 2640 0.5 2641 0.5 
2 2173 1 2240 0 2241 0 2640 0.5 2641 0.5 
2 2171 1 2239 0 2640 0.5 2641 0.5 
2 2174 1 2241 0 2640 0.5 2641 0.5 
0 2640 7 2239 0.5 2240 0.5 2238 0.5 2241 0.5 2237 0.5 2207 0.5 2205 0.5 2206 0.5 2204 0.5 2208 0.5 2172 0.5 2173 0.5 2171 0.5 2174 0.5 
0 2641 7 2239 0.5 2240 0.5 2238 0.5 2241 0.5 2237 0.5 2207 0.5 2205 0.5 2206 0.5 2204 0.5 2208 0.5 2172 0.5 2173 0.5 2171 0.5 2174 0.5 
NanList DIR 0
d
48
0 0 -13.0675 0 0 -13.0675 0 0 -13.0675 0 0 -13.0675 0 0 -13.0675 0 0 13.0675 0 0 13.0675 0 0 13.0675 0 0 13.0675 0 0 13.0675 0 0 13.0675 0 0 13.0675 0 0 13.0675 0 0 13.0675 0 0 0 0 0 0 
s	13
2273 2275 2306 2308 2339 2341 2371 2373 
2273 2274 2275 2306 2307 2308 2339 2340 2341 2371 2372 2373 
b
4 0
0.663227 0.192214 0.0860558
2274 0 0 1
2307 0 0 2
2340 0 0 2
2372 0 0 1
g
0
0.3 2 0 0 1 2 0 2 4
t
2
26
14873.8 2034.1 100
14873.8 2034.1 -100
a
8
70
2275 2272 2308 2305 2341 2338 2373 2370 
1 2307 1 2340 0 2273 0 2339 0 2274 0 2640 0.5 2641 0.5 
1 2306 1 2340 0 2273 0 2640 0.5 2641 0.5 
2 2340 1 2307 0 2306 0 2371 0 2372 0 2640 0.5 2641 0.5 
2 2339 1 2307 0 2371 0 2640 0.5 2641 0.5 
2 2273 1 2307 0 2306 0 2640 0.5 2641 0.5 
2 2274 1 2307 0 2640 0.5 2641 0.5 
1 2371 1 2340 0 2339 0 2640 0.5 2641 0.5 
1 2372 1 2340 0 2640 0.5 2641 0.5 
0 2640 4 2307 0.5 2306 0.5 2340 0.5 2339 0.5 2273 0.5 2274 0.5 2371 0.5 2372 0.5 
0 2641 4 2307 0.5 2306 0.5 2340 0.5 2339 0.5 2273 0.5 2274 0.5 2371 0.5 2372 0.5 
NanList DIR 0
d
30
0 0 -7.04665 0 0 -7.04665 0 0 7.04665 0 0 7.04665 0 0 7.04665 0 0 7.04665 0 0 -7.04665 0 0 -7.04665 0 0 0 0 0 0 
s	14
2503 2506 2536 2539 2570 2572 
2503 2504 2505 2506 2536 2537 2538 2539 2570 2571 2572 
b
3 0
0.0641713 0.348893 0.890233
2504 0 0 2
2505 0 0 2
2537 0 0 1
2538 0 0 3
2571 0 0 2
g
0
0.3 2 0 0 1 2 0 2 4
t
2
28
16290.1 2251.05 100
16290.1 2251.05 -100
a
6
78
2506 2502 2539 2535 2572 2569 
1 2504 1 2538 0 2537 0 2570 0 2571 0 2640 0.5 2641 0.5 
1 2503 1 2537 0 2536 0 2640 0.5 2641 0.5 
1 2505 1 2538 0 2571 0 2640 0.5 2641 0.5 
2 2538 1 2504 0 2570 0 2571 0 2505 0 2640 0.5 2641 0.5 
2 2537 1 2504 0 2570 0 2503 0 2640 0.5 2641 0.5 
2 2536 1 2503 0 2640 0.5 2641 0.5 
3 2570 1 2504 0 2538 0 2537 0 2640 0.5 2641 0.5 
3 2571 1 2504 0 2538 0 2505 0 2640 0.5 2641 0.5 
0 2640 4 2504 0.5 2503 0.5 2505 0.5 2538 0.5 2537 0.5 2536 0.5 2570 0.5 2571 0.5 
0 2641 4 2504 0.5 2503 0.5 2505 0.5 2538 0.5 2537 0.5 2536 0.5 2570 0.5 2571 0.5 
NanList DIR 0
d
30
0 0 -23.206 0 0 -23.206 0 0 -23.206 0 0 0 0 0 0 0 0 0 0 0 1.39161 0 0 1.39161 0 0 0 0 0 0 
