33 0.5 0.1 0.3 1 0 13 1
p
0
30
1000 0 0
1004.89 70.351 0
1009.78 140.702 0
1014.67 211.053 0
1019.57 281.404 0
1024.46 351.755 0
1029.35 422.106 0
1034.24 492.457 0
1039.13 562.808 0
1044.02 633.159 0
1048.92 703.51 0
1053.81 773.861 0
1058.7 844.212 0
1063.59 914.563 0
1068.48 984.914 0
1073.37 1055.26 0
1078.27 1125.62 0
1083.16 1195.97 0
1088.05 1266.32 0
1092.94 1336.67 0
1097.83 1407.02 0
1102.72 1477.37 0
1107.61 1547.72 0
1112.51 1618.07 0
1117.4 1688.42 0
1122.29 1758.77 0
1127.18 1829.13 0
1132.07 1899.48 0
1136.96 1969.83 0
1141.86 2040.18 0
1146.75 2110.53 0
p
1
30
1200 0 0
1200.26 82.8519 0
1200.52 165.704 0
1198.98 248.536 0
1196.6 331.347 0
1193.44 414.124 0
1189.91 496.875 0
1186.98 579.621 0
1185.38 662.383 0
1185.57 745.154 0
1188.03 827.887 0
1193.09 910.516 0
1200.96 992.95 0
1211.74 1075.1 0
1225.36 1156.88 0
1241.65 1238.25 0
1260.31 1319.19 0
1280.94 1399.71 0
1303.05 1479.91 0
1326.06 1559.89 0
1349.35 1639.79 0
1372.27 1719.77 0
1394.17 1799.99 0
1414.38 1880.57 0
1432.31 1961.61 0
1447.42 2043.14 0
1459.04 2125.18 -14.5317
1466.47 2207.56 -14.5317
1471.81 2290.21 -14.5317
1476.85 2372.91 -14.5317
1481.9 2455.63 0
p
2
30
1400 0 0
1409.61 72.2404 0
1419.23 144.481 0
1427.52 217.009 0
1433.52 289.865 0
1439.35 362.805 0
1442.28 436.199 0
1445.05 509.788 0
1445.44 583.943 0
1446.26 658.251 0
1447.61 732.729 0
1450.66 807.21 0
1454.31 881.686 0
1458.18 956.078 0
1461.98 1030.35 0
1465.5 1104.5 0
1468.7 1178.57 0
1471.58 1252.63 0
1474.13 1326.74 0
1476.06 1401 0
1478.23 1475.4 0
1480.37 1549.98 0
1482.63 1624.7 0
1485.16 1699.5 0
1488.08 1774.32 0
1491.39 1849.08 0
1494.79 1923.73 0
1497.25 1998.28 0
1496.29 2072.66 0
1488.5 2146.52 14.5317
1474.95 2219.04 14.5317
p
3
30
1600 0 0
1596.46 78.8219 0
1592.92 157.644 0
1590.08 236.493 0
1588.53 315.379 0
1588.96 394.294 0
1592.17 473.174 0
1599.04 551.877 0
1609.87 630.21 0
1624.12 708.09 0
1641.41 785.45 0
1660.35 862.503 0
1680.1 939.408 0
1699.53 1016.41 0
1717.48 1093.76 0
1732.84 1171.62 0
1744.54 1250.05 0
1751.63 1328.96 0
1753.39 1408.1 0
1749.44 1487.13 0
1740.19 1565.69 0
1725.65 1643.47 0
1706.25 1720.2 0
1682.62 1795.8 0
1655.56 1870.3 0
1625.97 1943.9 0
1594.85 2016.93 0
1563.25 2089.8 0
1532.32 2163.01 0
1502.67 2236.78 14.5317
1473.18 2310.7 14.5317
p
4
30
1800 0 0
1798.69 75.1714 0
1797.39 150.343 0
1797.02 225.467 0
1797.28 300.548 0
1797.51 375.629 0
1797.98 450.736 0
1798.5 525.848 0
1798.97 600.963 0
1799.3 676.081 0
1799.44 751.199 0
1799.33 826.315 0
1798.93 901.429 0
1798.22 976.539 0
1797.2 1051.64 0
1795.87 1126.74 0
1794.23 1201.83 0
1792.33 1276.91 0
1790.18 1351.98 0
1787.81 1427.07 0
1785.14 1502.14 0
1782.04 1577.18 0
1778.51 1652.21 0
1774.63 1727.22 0
1770.48 1802.21 0
1766.14 1877.2 0
1761.65 1952.19 0
1757.09 2027.17 0
1752.51 2102.15 0
1748.11 2177.14 0
1744.42 2252.22 0
p
5
30
2000 0 0
2001.05 72.5043 0
2002.1 145.009 0
2002.02 217.591 0
1999.25 290.248 0
1993.37 362.814 0
1986.62 435.296 0
1978.74 507.713 0
1970.03 580.067 0
1961.3 652.427 0
1952.62 724.798 0
1944.16 797.191 0
1936 869.61 0
1928.16 942.057 0
1920.61 1014.53 0
1913.31 1087.02 0
1906.21 1159.54 0
1899.24 1232.09 0
1892.36 1304.66 0
1885.49 1377.26 0
1878.59 1449.89 0
1871.6 1522.54 0
1864.43 1595.2 0
1856.99 1667.86 0
1849.15 1740.5 0
1840.75 1813.08 0
1831.54 1885.57 0
1821.2 1957.9 0
1809.31 2030 0
1795.31 2101.72 0
1779.12 2172.94 0
p
6
30
2200 0 0
2193.3 80.9697 0
2186.6 161.939 0
2182.33 243.087 0
2181.01 324.363 0
2181.83 405.682 0
2183.35 487.057 0
2184.98 568.472 0
2185.72 649.92 0
2185.43 731.374 0
2183.44 812.789 0
2179.37 894.101 0
2172.89 975.229 0
2163.78 1056.08 0
2151.9 1136.57 0
2137.19 1216.59 0
2119.69 1296.08 0
2099.52 1374.98 0
2076.87 1453.27 0
2052.01 1530.96 0
2025.26 1608.1 0
1997 1684.77 0
1967.67 1761.09 0
1937.71 1837.2 0
1907.64 1913.28 0
1877.95 1989.51 0
1849.17 2066.06 0
1821.6 2143.01 0
1794.63 2220.24 0
1767.75 2297.5 0
1740.87 2374.75 0
p
7
30
2400 0 0
2406.52 74.0803 0
2413.04 148.161 0
2419.57 222.241 0
2426.09 296.321 0
2432.61 370.401 0
2439.13 444.482 0
2445.65 518.562 0
2452.17 592.642 0
2458.7 666.722 0
2465.22 740.803 0
2471.74 814.883 0
2478.26 888.963 0
2484.78 963.043 0
2491.31 1037.12 0
2497.83 1111.2 0
2504.35 1185.28 0
2510.87 1259.36 0
2517.39 1333.44 0
2523.91 1407.53 0
2530.44 1481.61 0
2536.96 1555.69 0
2543.48 1629.77 0
2550 1703.85 0
2556.52 1777.93 0
2563.04 1852.01 0
2569.57 1926.09 0
2576.09 2000.17 0
2582.61 2074.25 0
2589.13 2148.33 0
2595.65 2222.41 0
p
8
30
2600 0 0
2604.59 67.3192 0
2609.18 134.638 0
2613.77 201.958 0
2618.36 269.277 0
2622.95 336.596 0
2627.54 403.915 0
2632.13 471.234 0
2636.72 538.554 0
2641.31 605.873 0
2645.9 673.192 0
2650.49 740.511 0
2655.07 807.83 0
2659.66 875.15 0
2664.25 942.469 0
2668.84 1009.79 0
2673.43 1077.11 0
2678.02 1144.43 0
2682.61 1211.75 0
2687.2 1279.06 0
2691.79 1346.38 0
2696.38 1413.7 0
2700.97 1481.02 0
2705.56 1548.34 0
2710.15 1615.66 0
2714.74 1682.98 0
2719.33 1750.3 0
2723.92 1817.62 0
2728.51 1884.94 0
2733.1 1952.26 0
2737.69 2019.58 0
p
9
30
2800 0 0
2799.44 67.3201 0
2798.88 134.64 0
2798.32 201.96 0
2797.77 269.281 0
2797.21 336.601 0
2796.65 403.921 0
2796.09 471.241 0
2795.53 538.561 0
2794.97 605.881 0
2794.42 673.201 0
2793.86 740.522 0
2793.3 807.842 0
2792.74 875.162 0
2792.18 942.482 0
2791.62 1009.8 0
2791.06 1077.12 0
2790.51 1144.44 0
2789.95 1211.76 0
2789.39 1279.08 0
2788.83 1346.4 0
2788.27 1413.72 0
2787.71 1481.04 0
2787.16 1548.36 0
2786.6 1615.68 0
2786.04 1683 0
2785.48 1750.32 0
2784.92 1817.64 0
2784.36 1884.96 0
2783.8 1952.28 0
2783.25 2019.6 0
p
10
30
3000 0 0
2997.12 60.8158 0
2994.25 121.632 0
2991.37 182.447 0
2988.49 243.263 0
2985.62 304.079 0
2982.74 364.895 0
2979.86 425.71 0
2976.99 486.526 0
2974.11 547.342 0
2971.23 608.158 0
2968.36 668.974 0
2965.48 729.789 0
2962.6 790.605 0
2959.73 851.421 0
2956.85 912.237 0
2953.97 973.053 0
2951.1 1033.87 0
2948.22 1094.68 0
2945.35 1155.5 0
2942.47 1216.32 0
2939.59 1277.13 0
2936.72 1337.95 0
2933.84 1398.76 0
2930.96 1459.58 0
2928.09 1520.39 0
2925.21 1581.21 0
2922.33 1642.03 0
2919.46 1702.84 0
2916.58 1763.66 0
2913.7 1824.47 0
p
11
30
3200 0 0
3190.8 80.2759 0
3181.61 160.552 0
3172.41 240.828 0
3163.22 321.104 0
3154.02 401.38 0
3144.82 481.656 0
3135.63 561.932 0
3126.43 642.208 0
3117.24 722.483 0
3108.04 802.759 0
3098.84 883.035 0
3089.65 963.311 0
3080.45 1043.59 0
3071.26 1123.86 0
3062.06 1204.14 0
3052.86 1284.42 0
3043.67 1364.69 0
3034.47 1444.97 0
3025.28 1525.24 0
3016.08 1605.52 0
3006.88 1685.79 0
2997.69 1766.07 0
2988.49 1846.35 0
2979.29 1926.62 0
2970.1 2006.9 0
2960.9 2087.17 0
2951.71 2167.45 0
2942.51 2247.73 0
2933.31 2328 0
2924.12 2408.28 0
p
12
30
3400 0 0
3403.74 72.8595 0
3407.49 145.719 0
3410.59 218.584 0
3412.85 291.466 0
3414.26 364.35 0
3415.55 437.261 0
3416.54 510.184 0
3417.42 583.114 0
3418.36 656.047 0
3419.51 728.978 0
3421 801.902 0
3422.94 874.813 0
3425.46 947.703 0
3428.64 1020.56 0
3432.56 1093.39 0
3437.28 1166.16 0
3442.85 1238.87 0
3449.29 1311.52 0
3456.61 1384.08 0
3464.8 1456.57 0
3473.83 1528.96 0
3483.64 1601.26 0
3494.18 1673.47 0
3505.37 1745.6 0
3517.09 1817.65 0
3529.25 1889.65 0
3541.71 1961.6 0
3554.4 2033.51 0
3567.43 2105.41 0
3580.54 2177.31 0
p
13
30
3600 0 0
3596.91 67.5946 0
3593.81 135.189 0
3592.36 203.009 0
3590.85 270.95 0
3591.26 339.072 0
3591.82 407.104 0
3592.73 475.156 0
3593.62 543.226 0
3594.43 611.305 0
3595.07 679.38 0
3595.49 747.443 0
3595.67 815.486 0
3595.6 883.505 0
3595.25 951.503 0
3594.65 1019.49 0
3593.78 1087.46 0
3592.66 1155.45 0
3591.32 1223.44 0
3589.78 1291.46 0
3588.1 1359.49 0
3586.34 1427.54 0
3584.58 1495.61 0
3582.91 1563.68 0
3581.45 1631.75 0
3580.32 1699.81 0
3579.68 1767.85 0
3579.68 1835.88 0
3580.48 1903.9 0
3582.33 1971.86 0
3585.34 2039.65 0
p
14
30
3800 0 0
3792.19 70.5408 0
3784.37 141.082 0
3776.02 211.484 0
3767.24 281.768 0
3758.43 351.99 0
3749.47 422.252 0
3740.49 492.513 0
3731.58 562.782 0
3722.82 633.069 0
3714.28 703.382 0
3706.03 773.727 0
3698.1 844.109 0
3690.54 914.53 0
3683.38 984.993 0
3676.62 1055.5 0
3670.28 1126.04 0
3664.35 1196.63 0
3658.8 1267.25 0
3653.6 1337.9 0
3648.72 1408.58 0
3644.09 1479.28 0
3639.66 1549.99 0
3635.36 1620.72 0
3631.11 1691.45 0
3626.82 1762.17 0
3622.42 1832.89 0
3617.79 1903.59 0
3613.13 1974.29 0
3609.15 2045.14 0
3605.11 2116.02 0
p
15
30
4000 0 0
4002.88 80.0601 0
4005.76 160.12 0
4007.53 240.221 0
4008.79 320.333 0
4009.26 400.46 0
4008.85 480.593 0
4007.47 560.721 0
4005.05 640.829 0
4001.5 720.901 0
3996.74 800.917 0
3990.68 880.857 0
3983.12 960.685 0
3974.78 1040.45 0
3965.8 1120.15 0
3956.68 1199.83 0
3947.93 1279.54 0
3940.04 1359.32 0
3933.52 1439.2 0
3928.9 1519.2 0
3925.95 1599.27 0
3922.09 1679.32 0
3916.82 1759.3 0
3910.34 1839.19 0
3902.99 1919.02 0
3896.42 1998.9 0
3891.35 2078.89 0
3888.81 2158.97 0
3889.8 2239.07 0
3895.31 2318.99 0
3905.24 2398.49 0
p
16
30
4200 0 0
4180.58 77.7716 0
4161.16 155.543 0
4142.79 233.574 0
4124.9 311.72 0
4107.77 390.045 0
4091.51 468.558 0
4076.2 547.268 0
4061.94 626.18 0
4048.82 705.296 0
4036.95 784.616 0
4026.4 864.137 0
4017.41 943.87 0
4009.39 1023.72 0
4002.3 1103.66 0
3995.69 1183.65 0
3989.16 1263.63 0
3982.28 1343.58 0
3974.65 1423.44 0
3965.85 1503.17 0
3956.22 1582.84 0
3948.38 1662.71 0
3943.22 1742.83 0
3940.99 1823.13 0
3942.13 1903.53 0
3943.87 1983.93 0
3945.72 2064.35 0
3946.46 2144.78 0
3944.88 2225.15 0
3939.78 2305.31 0
3930.95 2385.1 0
p
17
30
4400 0 0
4403.12 81.5894 0
4406.24 163.179 0
4408.7 244.784 0
4409.8 326.416 0
4408.75 408.053 0
4404.42 489.598 0
4395.79 570.826 0
4383.3 651.549 0
4368.98 732.059 0
4353.81 812.417 0
4339.19 892.899 0
4326.53 973.655 0
4317.17 1054.77 0
4312.24 1136.17 0
4312.65 1217.65 0
4319 1298.86 0
4331.54 1379.4 0
4350.15 1458.87 0
4374.34 1537 0
4403.27 1613.71 0
4435.79 1689.15 0
4470.51 1763.73 0
4505.84 1838.06 0
4540.03 1912.87 0
4571.22 1988.86 -13.7102
4598.26 2066.37 -13.7102
4622.62 2144.76 -13.7102
4645.6 2223.63 -13.7102
4668.36 2302.62 -13.7102
4691.12 2381.6 0
p
18
30
4600 0 0
4598.5 71.5767 0
4596.99 143.153 0
4595.54 214.756 0
4594.1 286.385 0
4592.75 358.059 0
4591.74 429.817 0
4590.51 501.706 0
4590.33 573.791 0
4590.25 645.799 0
4589.99 717.867 0
4589.41 789.923 0
4589.02 862.001 0
4588.64 934.096 0
4588.28 1006.2 0
4587.98 1078.32 0
4587.73 1150.44 -2.21175
4587.57 1222.57 -2.21175
4587.5 1294.72 -2.21175
4587.58 1366.92 0
4587.84 1439.16 0
4588.37 1511.47 0
4589.27 1583.85 0
4590.74 1656.31 0
4593.03 1728.83 0
4596.55 1801.38 0
4601.9 1873.9 0
4609.91 1946.28 0
4620.82 2018.35 13.7102
4631.7 2090.45 13.7102
4640.6 2162.65 13.7102
p
19
30
4800 0 0
4790.44 73.457 0
4780.87 146.914 0
4770.48 220.247 0
4759.11 293.428 0
4746.2 366.342 0
4731.4 438.874 0
4714.85 510.969 0
4697.9 582.897 0
4681.71 655.079 0
4666.85 727.543 0
4652.73 800.139 0
4640.64 873.096 0
4630.7 946.38 0
4623.17 1019.96 0
4618.18 1093.79 2.21175
4615.74 1167.8 2.21175
4615.74 1241.9 2.21175
4617.96 1316.04 2.21175
4622.1 1390.18 0
4627.75 1464.28 0
4634.47 1538.36 0
4641.77 1612.44 0
4649.14 1686.54 0
4656.1 1760.69 0
4662.17 1834.93 0
4666.94 1909.25 0
4670.1 1983.63 0
4671.39 2058.06 13.7102
4670.85 2132.5 13.7102
4669.26 2207.07 13.7102
p
20
30
5000 0 0
5005.07 59.5795 0
5010.13 119.159 0
5015.16 178.749 0
5020.01 238.356 0
5024.55 297.996 0
5028.66 357.677 0
5032.26 417.408 0
5035.41 477.19 0
5037.33 537.093 0
5035.5 597.256 0
5030.4 657.423 0
5024.28 717.562 0
5016.94 777.697 0
5008.6 837.813 0
5000.84 898.072 0
4993.52 958.476 0
4986.77 1019.05 0
4980.59 1079.79 0
4974.86 1140.71 0
4969.37 1201.79 0
4963.88 1263.01 0
4958.09 1324.34 0
4951.64 1385.73 0
4944.07 1447.08 0
4934.85 1508.27 0
4923.27 1569.08 0
4908.42 1629.18 0
4889.17 1688.01 0
4864.13 1744.63 0
4833.19 1798.44 0
p
21
30
5200 0 0
5194.01 79.5952 0
5188.02 159.19 0
5182.4 238.795 0
5178.1 318.492 0
5175.74 398.283 0
5176.33 478.137 0
5181.21 557.914 0
5192.6 637.185 0
5213.97 714.769 0
5246.5 788.986 0
5282.4 861.956 0
5317.48 935.568 0
5346.87 1011.54 0
5365.46 1090.54 -10.6698
5371.81 1171.11 -10.6698
5363.75 1251.3 -10.6698
5341.01 1328.6 -10.6698
5304.51 1400.73 -10.6698
5256.03 1465.98 0
5198.38 1524.11 0
5134.72 1576.42 0
5068.06 1625.47 0
5001.34 1674.62 0
4937.62 1727.4 0
4879.63 1785.97 0
4827.46 1849.85 0
4783.26 1919.5 0
4746.82 1993.58 0
4716.75 2070.61 -13.7102
4690.96 2149.29 -13.7102
p
22
30
5400 0 0
5404.47 71.4161 0
5408.95 142.832 0
5413.7 214.247 0
5418.16 285.675 0
5422.32 357.125 0
5426 428.608 0
5429 500.131 0
5431.16 571.696 0
5432.3 643.298 0
5432.23 714.926 0
5430.79 786.56 0
5427.78 858.165 0
5423 929.698 0
5416.77 1001.14 0
5408.97 1072.44 0
5399.63 1143.59 10.6698
5388.8 1214.55 10.6698
5376.51 1285.31 10.6698
5362.85 1355.84 10.6698
5347.99 1426.13 0
5332.08 1496.21 0
5315.21 1566.09 0
5297.43 1635.76 0
5278.8 1705.24 0
5259.35 1774.52 0
5239.14 1843.61 0
5218.2 1912.5 0
5196.56 1981.19 0
5174.24 2049.7 0
5151.39 2118.02 0
p
23
30
5600 0 0
5595.14 75.9703 0
5590.29 151.941 0
5587.25 228.017 0
5584.7 304.119 0
5582.93 380.261 0
5581.79 456.431 0
5581.03 532.617 0
5580.34 608.812 0
5579.37 685.004 0
5577.71 761.178 0
5574.92 837.31 0
5570.57 913.356 0
5564.25 989.253 0
5555.85 1064.95 0
5545.1 1140.34 0
5531.88 1215.36 0
5516.1 1289.9 0
5497.74 1363.88 0
5476.83 1437.22 0
5453.46 1509.87 0
5427.8 1581.8 0
5400.03 1653.01 0
5370.42 1723.53 0
5339.26 1793.44 0
5306.88 1862.84 0
5273.66 1931.87 0
5239.99 2000.71 0
5206.31 2069.54 0
5172.85 2138.47 0
5139.19 2207.34 0
p
24
30
5800 0 0
5802.23 72.7403 0
5804.46 145.481 0
5806.69 218.221 0
5808.92 290.961 0
5811.15 363.702 0
5813.38 436.442 0
5815.61 509.182 0
5817.84 581.923 0
5820.07 654.663 0
5822.3 727.403 0
5824.53 800.144 0
5826.77 872.884 0
5829 945.624 0
5831.23 1018.36 0
5833.46 1091.1 0
5835.69 1163.85 0
5837.92 1236.59 0
5840.15 1309.33 0
5842.38 1382.07 0
5844.61 1454.81 0
5846.84 1527.55 0
5849.07 1600.29 0
5851.3 1673.03 0
5853.53 1745.77 0
5855.76 1818.51 0
5857.99 1891.25 0
5860.22 1963.99 0
5862.45 2036.73 0
5864.68 2109.47 0
5866.91 2182.21 0
p
25
30
6000 0 0
6000.22 76.6022 0
6000.45 153.204 0
6000.67 229.807 0
6000.9 306.409 0
6001.12 383.011 0
6001.34 459.613 0
6001.57 536.215 0
6001.79 612.818 0
6002.01 689.42 0
6002.24 766.022 0
6002.46 842.624 0
6002.69 919.226 0
6002.91 995.829 0
6003.13 1072.43 0
6003.36 1149.03 0
6003.58 1225.64 0
6003.8 1302.24 0
6004.03 1378.84 0
6004.25 1455.44 0
6004.48 1532.04 0
6004.7 1608.65 0
6004.92 1685.25 0
6005.15 1761.85 0
6005.37 1838.45 0
6005.59 1915.06 0
6005.82 1991.66 0
6006.04 2068.26 0
6006.27 2144.86 0
6006.49 2221.46 0
6006.71 2298.07 0
p
26
30
6200 0 0
6204.59 75.2322 0
6209.18 150.464 0
6213.78 225.697 0
6218.37 300.929 0
6222.96 376.161 0
6227.55 451.393 0
6232.15 526.625 0
6236.74 601.858 0
6241.33 677.09 0
6245.92 752.322 0
6250.51 827.554 0
6255.11 902.786 0
6259.7 978.019 0
6264.29 1053.25 0
6268.88 1128.48 0
6273.48 1203.72 0
6278.07 1278.95 0
6282.66 1354.18 0
6287.25 1429.41 0
6291.84 1504.64 0
6296.44 1579.88 0
6301.03 1655.11 0
6305.62 1730.34 0
6310.21 1805.57 0
6314.8 1880.81 0
6319.4 1956.04 0
6323.99 2031.27 0
6328.58 2106.5 0
6333.17 2181.73 0
6337.77 2256.97 0
p
27
30
6400 0 0
6398.65 63.0118 0
6397.31 126.024 0
6395.96 189.035 0
6394.62 252.047 0
6393.27 315.059 0
6391.93 378.071 0
6390.58 441.083 0
6389.23 504.094 0
6387.89 567.106 0
6386.54 630.118 0
6385.2 693.13 0
6383.85 756.142 0
6382.51 819.153 0
6381.16 882.165 0
6379.81 945.177 0
6378.47 1008.19 0
6377.12 1071.2 0
6375.78 1134.21 0
6374.43 1197.22 0
6373.09 1260.24 0
6371.74 1323.25 0
6370.39 1386.26 0
6369.05 1449.27 0
6367.7 1512.28 0
6366.36 1575.29 0
6365.01 1638.31 0
6363.67 1701.32 0
6362.32 1764.33 0
6360.98 1827.34 0
6359.63 1890.35 0
p
28
30
6600 0 0
6601 75.4761 0
6601.99 150.952 0
6603.6 226.435 0
6605.19 301.908 0
6606.8 377.38 0
6608.22 452.857 0
6609.19 528.339 0
6609.34 603.82 0
6608.01 679.254 0
6606.01 754.715 0
6603.2 830.162 0
6599.72 905.589 0
6595.74 980.995 0
6591.41 1056.38 0
6586.9 1131.75 0
6582.52 1207.11 -11.1006
6579.13 1282.51 -11.1006
6577.46 1357.92 -11.1006
6576.74 1433.33 0
6576.41 1508.75 0
6576.53 1584.16 0
6577.27 1659.56 -11.1006
6579.22 1734.91 -11.1006
6583.64 1810.21 -11.1006
6590.19 1885.43 -11.1006
6597.16 1960.63 0
6604.12 2035.82 0
6611.09 2111.02 0
6618.05 2186.22 0
6625.02 2261.41 0
p
29
30
6800 0 0
6806.86 80.5109 0
6813.71 161.022 0
6823.12 241.298 0
6832.82 321.544 0
6842.92 401.752 0
6852.72 481.998 0
6861.15 562.388 0
6866.65 643.028 0
6866.18 723.944 0
6857.97 804.556 0
6836.69 883.292 0
6793.51 954.331 0
6745.06 1023.22 0
6693.26 1090.93 0
6643.64 1160.52 11.1006
6601.04 1233.92 11.1006
6566.41 1310.23 11.1006
6542.6 1389.34 11.1006
6530.76 1470.03 0
6529.71 1550.91 0
6539.06 1631.07 11.1006
6558.97 1709.53 11.1006
6587.27 1785.59 11.1006
6622.43 1859.01 11.1006
6660.74 1930.88 0
6692.66 2005.46 0
6707.88 2084.79 0
6703.34 2165.52 0
6694.76 2246.7 14.0352
6686.8 2328.03 14.0352
p
30
30
7000 0 0
6996.77 73.5928 0
6993.54 147.186 0
6990.99 220.805 0
6988.42 294.434 0
6985.95 368.076 0
6983.47 441.728 0
6980.86 515.393 0
6977.89 589.071 0
6972.99 662.749 0
6966.56 736.315 0
6957.97 809.738 0
6950.48 883.578 0
6942.44 957.288 0
6934.51 1031.06 0
6926.2 1104.84 0
6917.65 1178.63 0
6908.79 1252.44 0
6899.57 1326.27 0
6889.91 1400.13 0
6879.72 1474.03 0
6868.9 1547.95 0
6857.32 1621.86 0
6844.85 1695.72 0
6831.33 1769.47 0
6816.63 1843.03 0
6800.66 1916.32 0
6783.35 1989.28 0
6764.73 2061.86 14.0352
6745.49 2134.19 14.0352
6727.73 2206.78 14.0352
p
31
30
7200 0 0
7190.71 88.4089 0
7181.42 176.818 0
7171.75 265.149 0
7163.93 353.683 0
7158.73 442.429 0
7157.54 531.368 0
7161.99 620.311 0
7174.3 708.719 0
7197.55 795.303 0
7222.67 881.532 0
7246.85 968.098 0
7266.2 1055.55 0
7278.45 1144.15 0
7281.17 1233.3 0
7273.43 1322 0
7254.66 1409.03 0
7224.36 1492.9 0
7183.67 1572.59 0
7134.58 1647.87 0
7079.41 1719.31 0
7020.63 1788.18 0
6960.83 1856.28 0
6902.64 1925.61 0
6848.79 1998 0
6802.08 2074.75 -14.0352
6763.77 2155.69 -14.0352
6729.12 2238.21 -14.0352
6694.68 2320.91 -14.0352
6660.19 2403.65 -14.0352
6625.7 2486.38 0
p
32
30
7400 0 0
7391.98 77.8551 0
7383.96 155.71 0
7377.09 233.708 0
7370.42 311.714 0
7364.21 389.767 0
7358.39 467.861 0
7352.91 545.99 0
7347.72 624.149 0
7342.76 702.331 0
7337.98 780.533 0
7333.33 858.747 0
7328.75 936.968 0
7324.19 1015.19 0
7319.6 1093.41 0
7314.92 1171.62 0
7310.11 1249.83 0
7305.08 1328.01 0
7299.84 1406.16 0
7294.57 1484.29 0
7289.29 1562.43 0
7284.02 1640.57 0
7278.74 1718.71 0
7273.47 1796.85 0
7268.19 1874.98 0
7262.92 1953.12 0
7257.64 2031.26 0
7252.37 2109.4 0
7247.09 2187.53 0
7241.82 2265.67 0
7236.54 2343.81 0
p
33
30
7600 0 0
7608.8 74.502 0
7617.6 149.004 0
7625.96 223.56 0
7633.76 298.179 0
7640.81 372.877 0
7646.93 447.664 0
7651.94 522.542 0
7655.67 597.506 0
7657.98 672.539 0
7658.72 747.619 0
7657.72 822.711 0
7654.79 897.766 0
7650.33 972.776 0
7644.33 1047.7 0
7636.87 1122.53 0
7628.06 1197.24 0
7617.99 1271.82 0
7606.76 1346.26 0
7594.44 1420.56 0
7581.12 1494.72 0
7566.87 1568.74 0
7551.77 1642.61 0
7535.88 1716.34 0
7519.28 1789.95 0
7502.02 1863.42 0
7484.17 1936.78 0
7465.79 2010.02 0
7446.93 2083.16 0
7427.66 2156.21 -9.61614
7408.09 2229.17 -9.61614
p
34
30
7800 0 0
7803.86 79.9458 0
7807.72 159.892 0
7811.38 239.847 0
7814.72 319.815 0
7817.6 399.803 0
7819.8 479.815 0
7821.11 559.85 0
7821.28 639.903 0
7820.03 719.959 0
7817.05 799.987 0
7812.01 879.942 0
7804.55 959.755 0
7794.71 1039.33 0
7782.3 1118.57 0
7767.94 1197.52 0
7751.64 1276.14 0
7733.56 1354.4 0
7713.85 1432.3 0
7692.63 1509.86 0
7669.99 1587.05 0
7646.01 1663.88 0
7620.75 1740.34 0
7594.26 1816.42 0
7566.55 1892.12 0
7537.66 1967.41 0
7507.57 2042.29 0
7476.29 2116.72 9.61614
7443.87 2190.72 9.61614
7410.46 2264.34 9.61614
7375.77 2337.39 0
p
35
30
8000 0 0
7993.6 85.4792 0
7987.2 170.958 0
7981 256.449 0
7974.97 341.952 0
7969.16 427.467 0
7963.53 512.993 0
7958.08 598.527 0
7952.75 684.066 0
7947.52 769.605 0
7942.38 855.141 0
7937.34 940.668 0
7932.19 1026.16 0
7925.29 1111.55 0
7916.02 1196.72 0
7903.96 1281.55 0
7888.45 1365.86 0
7869.1 1449.4 0
7845.64 1531.95 0
7817.97 1613.26 0
7786.14 1693.15 0
7750.38 1771.48 0
7711.05 1848.21 0
7668.65 1923.43 0
7623.79 1997.33 0
7577.18 2070.24 0
7529.6 2142.57 0
7481.89 2214.82 0
7434.8 2287.42 0
7388.19 2360.38 0
7341.48 2433.29 0
p
36
30
8200 0 0
8196.48 67.0863 0
8192.97 134.173 0
8189.45 201.259 0
8185.94 268.345 0
8182.42 335.432 0
8178.91 402.518 0
8175.39 469.604 0
8171.88 536.691 0
8168.36 603.777 0
8164.85 670.863 0
8161.33 737.95 0
8157.82 805.036 0
8154.3 872.122 0
8150.79 939.208 0
8147.27 1006.29 0
8143.76 1073.38 0
8140.24 1140.47 0
8136.73 1207.55 0
8133.21 1274.64 0
8129.7 1341.73 0
8126.18 1408.81 0
8122.67 1475.9 0
8119.15 1542.99 0
8115.63 1610.07 0
8112.12 1677.16 0
8108.6 1744.24 0
8105.09 1811.33 0
8101.57 1878.42 0
8098.06 1945.5 0
8094.54 2012.59 0
p
37
30
8400 0 0
8389.81 79.7256 0
8379.61 159.451 0
8369.42 239.177 0
8359.22 318.902 0
8349.03 398.628 0
8338.84 478.354 0
8328.64 558.079 0
8318.45 637.805 0
8308.25 717.53 0
8298.06 797.256 0
8287.87 876.982 0
8277.67 956.707 0
8267.48 1036.43 0
8257.28 1116.16 0
8247.09 1195.88 0
8236.9 1275.61 0
8226.7 1355.34 0
8216.51 1435.06 0
8206.31 1514.79 0
8196.12 1594.51 0
8185.93 1674.24 0
8175.73 1753.96 0
8165.54 1833.69 0
8155.34 1913.41 0
8145.15 1993.14 0
8134.96 2072.87 0
8124.76 2152.59 0
8114.57 2232.32 0
8104.37 2312.04 0
8094.18 2391.77 0
p
38
30
8600 0 0
8599.82 81.7247 0
8599.65 163.449 0
8599.47 245.174 0
8599.29 326.899 0
8599.12 408.624 0
8598.94 490.348 0
8598.77 572.073 0
8598.59 653.798 0
8598.41 735.523 0
8598.24 817.247 0
8598.06 898.972 0
8597.88 980.697 0
8597.71 1062.42 0
8597.53 1144.15 0
8597.36 1225.87 0
8597.18 1307.6 0
8597 1389.32 0
8596.83 1471.05 0
8596.65 1552.77 0
8596.47 1634.49 0
8596.3 1716.22 0
8596.12 1797.94 0
8595.94 1879.67 0
8595.77 1961.39 0
8595.59 2043.12 0
8595.42 2124.84 0
8595.24 2206.57 0
8595.06 2288.29 0
8594.89 2370.02 0
8594.71 2451.74 0
p
39
30
8800 0 0
8796.39 69.414 0
8792.78 138.828 0
8789.18 208.242 0
8785.57 277.656 0
8781.96 347.07 0
8778.35 416.484 0
8774.74 485.898 0
8771.14 555.312 0
8767.53 624.726 0
8763.92 694.14 0
8760.31 763.554 0
8756.7 832.967 0
8753.1 902.381 0
8749.49 971.795 0
8745.88 1041.21 0
8742.27 1110.62 0
8738.67 1180.04 0
8735.06 1249.45 0
8731.45 1318.87 0
8727.84 1388.28 0
8724.23 1457.69 0
8720.63 1527.11 0
8717.02 1596.52 0
8713.41 1665.93 0
8709.8 1735.35 0
8706.19 1804.76 0
8702.59 1874.18 0
8698.98 1943.59 0
8695.37 2013 0
8691.76 2082.42 0
p
40
30
9000 0 0
8991.37 72.6667 0
8982.73 145.333 0
8974.1 218 0
8965.46 290.667 0
8956.83 363.334 0
8948.19 436 0
8939.56 508.667 0
8930.92 581.334 0
8922.29 654.001 0
8913.66 726.667 0
8905.02 799.334 0
8896.39 872.001 0
8887.75 944.668 0
8879.12 1017.33 0
8870.48 1090 0
8861.85 1162.67 0
8853.21 1235.33 0
8844.58 1308 0
8835.95 1380.67 0
8827.31 1453.33 0
8818.68 1526 0
8810.04 1598.67 0
8801.41 1671.34 0
8792.77 1744 0
8784.14 1816.67 0
8775.5 1889.34 0
8766.87 1962 0
8758.24 2034.67 0
8749.6 2107.34 0
8740.97 2180 0
p
41
30
9200 0 0
9205.48 62.8475 0
9210.95 125.695 0
9215.09 188.67 0
9217.83 251.743 0
9219.75 314.863 0
9220.65 378.039 0
9220.56 441.26 0
9219.55 504.518 0
9217.68 567.803 0
9214.99 631.108 0
9211.53 694.428 0
9207.35 757.757 0
9202.49 821.091 0
9196.99 884.427 0
9190.88 947.761 0
9184.21 1011.09 0
9177.01 1074.42 0
9169.31 1137.73 0
9161.14 1201.04 0
9152.52 1264.34 0
9143.49 1327.63 0
9134.07 1390.9 0
9124.29 1454.17 0
9114.16 1517.42 0
9103.72 1580.66 0
9092.97 1643.89 0
9081.95 1707.11 0
9070.66 1770.31 0
9059.13 1833.51 0
9047.42 1896.69 0
p
42
30
9400 0 0
9399.06 81.9359 0
9398.12 163.872 0
9395.84 245.784 0
9391.47 327.632 0
9386 409.445 0
9379.05 491.193 0
9370.63 572.864 0
9360.79 654.448 0
9349.58 735.936 0
9337.05 817.32 0
9323.25 898.594 0
9308.24 979.756 0
9292.09 1060.8 0
9274.86 1141.73 0
9256.63 1222.55 0
9237.47 1303.25 0
9217.47 1383.85 0
9196.7 1464.35 0
9175.26 1544.76 0
9153.22 1625.09 0
9130.68 1705.34 0
9107.74 1785.54 0
9084.52 1865.69 0
9061.26 1945.85 0
9038 2026.01 0
9014.74 2106.17 0
8991.48 2186.32 0
8968.22 2266.48 0
8944.97 2346.64 0
8921.71 2426.8 0
p
43
30
9600 0 0
9596.57 78.5295 0
9593.15 157.059 0
9589.72 235.589 0
9586.3 314.118 0
9582.87 392.648 0
9579.44 471.177 0
9576.02 549.707 0
9572.59 628.236 0
9569.16 706.766 0
9565.74 785.295 0
9562.31 863.825 0
9558.89 942.354 0
9555.46 1020.88 0
9552.03 1099.41 0
9548.61 1177.94 0
9545.18 1256.47 0
9541.75 1335 0
9538.33 1413.53 0
9534.9 1492.06 0
9531.48 1570.59 0
9528.05 1649.12 0
9524.62 1727.65 0
9521.2 1806.18 0
9517.77 1884.71 0
9514.35 1963.24 0
9510.92 2041.77 0
9507.49 2120.3 0
9504.07 2198.83 0
9500.64 2277.36 0
9497.21 2355.89 0
p
44
30
9800 0 0
9808.72 80.5836 0
9817.44 161.167 0
9826.15 241.751 0
9834.87 322.335 0
9843.59 402.918 0
9852.31 483.502 0
9861.03 564.085 0
9869.75 644.669 0
9878.46 725.253 0
9887.18 805.836 0
9895.9 886.42 0
9904.62 967.004 0
9913.34 1047.59 0
9922.06 1128.17 0
9930.77 1208.75 0
9939.49 1289.34 0
9948.21 1369.92 0
9956.93 1450.51 0
9965.65 1531.09 0
9974.37 1611.67 0
9983.08 1692.26 0
9991.8 1772.84 0
10000.5 1853.42 0
10009.2 1934.01 0
10018 2014.59 0
10026.7 2095.17 0
10035.4 2175.76 0
10044.1 2256.34 0
10052.8 2336.93 0
10061.5 2417.51 0
p
45
30
10000 0 0
10009.8 75.4221 0
10019.7 150.844 0
10029.6 226.252 0
10039.7 301.642 0
10050 377.006 0
10060.5 452.334 0
10071.2 527.636 0
10082.1 602.905 0
10093.3 678.141 0
10104.7 753.342 0
10116.4 828.507 0
10128.3 903.635 0
10140.4 978.727 0
10152.8 1053.78 0
10165.5 1128.79 0
10178.3 1203.77 0
10191.5 1278.7 0
10204.9 1353.6 0
10218.5 1428.45 0
10232.3 1503.26 0
10246.5 1578.03 0
10260.8 1652.76 0
10275.4 1727.45 0
10290.2 1802.1 0
10305.2 1876.7 0
10320.4 1951.27 0
10335.9 2025.79 0
10351.6 2100.27 0
10367.4 2174.73 0
10383.3 2249.17 0
p
46
30
10200 0 0
10203.1 73.4191 0
10206.2 146.838 0
10209.5 220.249 0
10213.1 293.647 0
10217 367.027 0
10221.5 440.383 0
10226.3 513.718 0
10231.4 587.03 0
10236.9 660.319 0
10242.8 733.585 0
10249 806.828 0
10255.4 880.049 0
10262.2 953.248 0
10269.2 1026.42 0
10276.4 1099.58 0
10283.9 1172.72 0
10291.6 1245.84 0
10299.5 1318.94 0
10307.5 1392.02 0
10315.8 1465.09 0
10324.1 1538.15 0
10332.6 1611.19 0
10341.2 1684.23 0
10349.9 1757.25 0
10358.7 1830.26 0
10367.6 1903.27 0
10376.5 1976.28 0
10385.4 2049.28 0
10394.3 2122.27 0
10403.3 2195.27 0
p
47
30
10400 0 0
10404.3 76.8391 0
10408.7 153.678 0
10413 230.517 0
10417.4 307.357 0
10421.7 384.196 0
10426.1 461.035 0
10430.4 537.874 0
10434.8 614.713 0
10439.1 691.552 0
10443.5 768.391 0
10447.8 845.23 0
10452.1 922.07 0
10456.5 998.909 0
10460.8 1075.75 0
10465.2 1152.59 0
10469.5 1229.43 0
10473.9 1306.27 0
10478.2 1383.1 0
10482.6 1459.94 0
10486.9 1536.78 0
10491.3 1613.62 0
10495.6 1690.46 0
10499.9 1767.3 0
10504.3 1844.14 0
10508.6 1920.98 0
10513 1997.82 0
10517.3 2074.66 0
10521.7 2151.5 0
10526 2228.33 0
10530.4 2305.17 0
p
48
30
10600 0 0
10600.8 91.4691 0
10601.7 182.938 0
10602.5 274.407 0
10603.4 365.876 0
10604.2 457.345 0
10605.1 548.815 0
10605.9 640.284 0
10606.8 731.753 0
10607.6 823.222 0
10608.5 914.691 0
10609.3 1006.16 0
10610.2 1097.63 0
10611 1189.1 0
10611.9 1280.57 0
10612.7 1372.04 0
10613.6 1463.51 0
10614.4 1554.97 0
10615.3 1646.44 0
10616.1 1737.91 0
10617 1829.38 0
10617.8 1920.85 0
10618.7 2012.32 0
10619.5 2103.79 0
10620.4 2195.26 0
10621.2 2286.73 0
10622.1 2378.2 0
10622.9 2469.67 0
10623.8 2561.13 0
10624.6 2652.6 0
10625.5 2744.07 0
p
49
30
10800 0 0
10795.2 76.0943 0
10790.3 152.189 0
10785.5 228.283 0
10780.6 304.377 0
10775.8 380.472 0
10770.9 456.566 0
10766.1 532.66 0
10761.2 608.754 0
10756.4 684.849 0
10751.5 760.943 0
10746.7 837.037 0
10741.8 913.132 0
10737 989.226 0
10732.1 1065.32 0
10727.3 1141.41 0
10722.4 1217.51 0
10717.6 1293.6 0
10712.7 1369.7 0
10707.9 1445.79 0
10703 1521.89 0
10698.2 1597.98 0
10693.3 1674.07 0
10688.5 1750.17 0
10683.6 1826.26 0
10678.8 1902.36 0
10673.9 1978.45 0
10669.1 2054.55 0
10664.2 2130.64 0
10659.4 2206.73 0
10654.5 2282.83 0
p
50
30
11000 0 0
10997.2 78.5078 0
10994.4 157.016 0
10990.1 235.463 0
10983.7 313.784 0
10973.7 391.795 0
10959.1 469.151 0
10942.7 546.247 0
10925.1 623.155 0
10908 700.182 0
10893 777.631 0
10881.8 855.675 0
10874.7 934.14 0
10873.1 1012.86 0
10877.4 1091.48 0
10888 1169.54 0
10905.1 1246.56 0
10928.5 1322.1 0
10957.6 1395.85 0
10991.8 1467.68 0
11030.1 1537.69 0
11071.3 1606.23 0
11114.2 1673.88 0
11157.4 1741.41 0
11199.5 1809.68 0
11238.8 1879.56 0
11274.5 1951.3 -14.4454
11308.2 2024.1 -14.4454
11337.4 2099 -14.4454
11362.4 2175.66 -14.4454
11386.5 2252.64 -14.4454
p
51
30
11200 0 0
11189.5 65.1363 0
11179.1 130.273 0
11169.1 195.488 0
11159.6 260.789 0
11150.7 326.184 0
11142.9 391.728 0
11136.3 457.414 0
11131.2 523.245 0
11127.6 589.21 0
11125.9 655.279 0
11126.3 721.409 0
11128.4 787.547 0
11131.9 853.677 0
11136.6 919.784 0
11142.5 985.867 0
11149.2 1051.92 0
11156.8 1117.96 0
11165.1 1183.98 0
11174.1 1249.99 0
11183.7 1315.98 0
11193.9 1381.94 0
11204.7 1447.88 0
11216.1 1513.79 0
11228.3 1579.63 0
11241.2 1645.4 0
11254.9 1711.06 0
11269.5 1776.59 0
11285.1 1841.95 -14.4454
11301.8 1907.08 -14.4454
11319.4 1972.05 -14.4454
p
52
30
11400 0 0
11399 67.7346 0
11398.1 135.469 0
11397 203.202 0
11395.7 270.939 0
11394.2 338.695 0
11392.5 406.474 0
11390.6 474.229 0
11388.5 541.98 0
11386.3 609.727 0
11384 677.47 0
11381.5 745.209 0
11378.9 812.945 0
11376.3 880.677 0
11373.5 948.407 0
11370.7 1016.13 0
11367.8 1083.86 0
11364.9 1151.58 0
11361.9 1219.3 0
11358.9 1287.02 0
11355.8 1354.74 0
11352.7 1422.46 0
11349.7 1490.18 0
11346.6 1557.9 0
11343.5 1625.61 0
11340.4 1693.33 0
11337.2 1761.05 0
11334.1 1828.76 0
11331.1 1896.48 14.4454
11328.2 1964.21 14.4454
11325.3 2031.94 14.4454
p
53
30
11600 0 0
11593.8 76.3479 0
11587.6 152.696 0
11582.4 229.103 0
11578.9 305.587 0
11577.7 382.061 0
11578.4 458.449 0
11580.7 534.952 0
11584.4 611.445 0
11589.1 687.921 0
11594.3 764.385 0
11599.5 840.847 0
11604 917.322 0
11607.5 993.812 0
11609.4 1070.31 0
11609.2 1146.77 0
11606.5 1223.15 0
11601.1 1299.37 0
11592.7 1375.33 0
11581.3 1450.94 0
11566.9 1526.12 0
11549.7 1600.8 0
11529.9 1674.98 0
11508.1 1748.69 0
11484.8 1822.02 0
11460.7 1895.15 0
11436.7 1968.27 0
11413.6 2041.65 0
11392.6 2115.52 14.4454
11373.9 2190.08 14.4454
11355.2 2264.65 14.4454
p
54
30
11800 0 0
11794.4 72.9955 0
11788.9 145.991 0
11783.3 218.987 0
11777.7 291.982 0
11772.1 364.978 0
11766.6 437.973 0
11761 510.969 0
11755.4 583.964 0
11749.9 656.96 0
11744.3 729.955 0
11738.7 802.951 0
11733.1 875.946 0
11727.6 948.942 0
11722 1021.94 0
11716.4 1094.93 0
11710.9 1167.93 0
11705.3 1240.92 0
11699.7 1313.92 0
11694.1 1386.92 0
11688.6 1459.91 0
11683 1532.91 0
11677.4 1605.9 0
11671.8 1678.9 0
11666.3 1751.89 0
11660.7 1824.89 0
11655.1 1897.88 0
11649.6 1970.88 0
11644 2043.87 0
11638.4 2116.87 0
11632.8 2189.87 0
p
55
30
12000 0 0
11996 75.6538 0
11992 151.308 0
11988.2 226.968 0
11984.7 302.64 0
11981.6 378.328 0
11979 454.032 0
11977 529.754 0
11975.8 605.489 0
11975.3 681.229 0
11975.5 756.967 0
11976 832.698 0
11977 908.437 0
11978.3 984.175 0
11979.7 1059.91 0
11981.2 1135.65 0
11982.6 1211.39 0
11983.9 1287.13 0
11985 1362.88 0
11985.7 1438.62 0
11986 1514.37 0
11985.7 1590.11 0
11984.9 1665.85 0
11983.3 1741.57 0
11981.1 1817.27 0
11978 1892.93 0
11974 1968.56 0
11969.2 2044.14 -14.3743
11963.2 2119.63 -14.3743
11954.8 2194.91 -14.3743
11945.3 2270.11 -14.3743
p
56
30
12200 0 0
12206.1 73.7619 0
12212.1 147.524 0
12217.7 221.331 0
12222.8 295.185 0
12227 369.097 0
12230.3 443.07 0
12232.4 517.101 0
12233.2 591.181 0
12232.3 665.293 0
12229.3 739.404 0
12223.3 813.436 0
12215.8 887.363 0
12206.8 961.171 0
12196.3 1034.85 0
12184.4 1108.37 0
12172.5 1181.96 0
12160.7 1255.65 0
12149.1 1329.49 0
12137.9 1403.51 0
12126.9 1477.71 0
12116.1 1552.08 0
12105.1 1626.59 0
12093.5 1701.17 0
12081 1775.72 0
12066.8 1850.11 0
12050.3 1924.1 0
12030.3 1997.36 0
12005.9 2069.33 14.3743
11976.2 2139.43 14.3743
11942.9 2207.92 14.3743
p
57
30
12400 0 0
12395.4 90.2813 0
12390.8 180.563 0
12387.2 270.893 0
12385.1 361.276 0
12385.1 451.703 0
12387.9 542.118 0
12394.5 632.396 0
12405.6 722.308 0
12422.1 811.502 0
12444.6 899.534 0
12472.7 986.084 0
12500.8 1072.68 0
12526.1 1160.1 0
12544.6 1249.09 0
12552.5 1339.51 0
12548.9 1430.12 0
12532.3 1519.31 0
12502.7 1605.24 0
12460.8 1686.34 0
12408.5 1761.7 0
12348.1 1831.38 0
12282.1 1896.47 0
12213.2 1958.95 0
12144.1 2021.48 0
12077.8 2086.88 0
12017.5 2157.74 14.3743
11964.5 2234.14 14.3743
11912.1 2311.01 14.3743
11859.4 2387.76 0
11806.7 2464.52 0
p
58
30
12600 0 0
12604.1 70.4118 0
12608.3 140.824 0
12612.3 211.245 0
12616 281.679 0
12619.6 352.126 0
12622.8 422.588 0
12625.7 493.066 0
12628.2 563.56 0
12630.3 634.068 0
12631.9 704.591 0
12633.1 775.125 0
12633.9 845.666 0
12634.3 916.211 0
12634.4 986.76 0
12634.3 1057.31 0
12634 1127.86 0
12633.5 1198.41 0
12632.9 1268.96 0
12632.2 1339.52 0
12631.5 1410.07 0
12630.9 1480.62 0
12630.3 1551.17 0
12629.8 1621.72 0
12629.5 1692.28 0
12629.4 1762.83 0
12629.5 1833.38 0
12630 1903.92 0
12630.8 1974.47 0
12632 2045 0
12633.6 2115.53 0
p
59
30
12800 0 0
12796.1 71.6241 0
12792.3 143.248 0
12788.4 214.87 0
12784.5 286.489 0
12780.5 358.106 0
12776.5 429.722 0
12772.5 501.338 0
12768.5 572.954 0
12764.6 644.573 0
12760.7 716.194 0
12756.9 787.818 0
12753 859.443 0
12749.2 931.068 0
12745.3 1002.69 0
12741.4 1074.31 0
12737.4 1145.93 0
12733.3 1217.54 0
12729.1 1289.15 0
12724.7 1360.74 0
12720.1 1432.33 0
12715.4 1503.9 0
12710.4 1575.46 0
12705.2 1647 0
12699.7 1718.52 0
12693.9 1790.02 0
12687.8 1861.5 0
12681.4 1932.94 0
12674.6 2004.36 0
12667.5 2075.74 0
12660 2147.09 0
p
60
30
13000 0 0
12991.8 72.593 0
12983.6 145.186 0
12975.4 217.779 0
12967.2 290.372 0
12959 362.965 0
12950.8 435.558 0
12942.6 508.151 0
12934.4 580.744 0
12926.2 653.337 0
12918 725.93 0
12909.8 798.523 0
12901.6 871.116 0
12893.4 943.709 0
12885.2 1016.3 0
12877 1088.9 0
12868.8 1161.49 0
12860.6 1234.08 0
12852.4 1306.67 0
12844.2 1379.27 0
12836 1451.86 0
12827.8 1524.45 0
12819.6 1597.05 0
12811.4 1669.64 0
12803.2 1742.23 0
12795 1814.83 0
12786.8 1887.42 0
12778.6 1960.01 0
12770.4 2032.6 0
12762.2 2105.2 0
12754 2177.79 0
p
61
30
13200 0 0
13208.7 66.6885 0
13217.5 133.377 0
13225.6 200.145 0
13233 267.002 0
13239.5 333.965 0
13244.8 401.042 0
13248.8 468.226 0
13251.3 535.5 0
13252.1 602.834 0
13251.3 670.191 0
13248.8 737.529 0
13244.4 804.8 0
13238.2 871.953 0
13230.1 938.936 0
13220.2 1005.69 0
13208.3 1072.16 0
13194.5 1138.29 0
13178.7 1204.01 0
13161.6 1269.42 0
13143.3 1334.52 0
13123.9 1399.34 0
13103.6 1463.93 0
13082.7 1528.32 0
13061.2 1592.54 0
13039.3 1656.64 0
13017.2 1720.65 0
12994.8 1784.62 0
12972.5 1848.58 0
12950.3 1912.59 0
12928.3 1976.66 0
p
62
30
13400 0 0
13396.7 70.5114 0
13393.4 141.023 0
13390.1 211.531 0
13386.7 282.035 0
13383.1 352.531 0
13379.3 423.014 0
13375.2 493.478 0
13370.6 563.912 0
13365.4 634.304 0
13359.5 704.637 0
13352.6 774.888 0
13344.6 845.029 0
13335.4 915.023 0
13324.7 984.83 0
13312.6 1054.4 0
13298.8 1123.68 0
13283.3 1192.62 0
13266.1 1261.19 0
13247.2 1329.32 0
13226.5 1396.95 0
13203.9 1464.04 0
13179.6 1530.53 0
13153.5 1596.4 0
13125.7 1661.62 0
13096.3 1726.15 0
13065.4 1790.01 0
13033 1853.2 0
12999.3 1915.75 0
12964.6 1977.74 0
12929.3 2039.46 0
p
63
30
13600 0 0
13593.8 71.6143 0
13587.5 143.229 0
13581.3 214.843 0
13575.1 286.457 0
13568.8 358.072 0
13562.6 429.686 0
13556.4 501.3 0
13550.1 572.914 0
13543.9 644.529 0
13537.7 716.143 0
13531.4 787.757 0
13525.2 859.372 0
13519 930.986 0
13512.7 1002.6 0
13506.5 1074.21 0
13500.3 1145.83 0
13494 1217.44 0
13487.8 1289.06 0
13481.6 1360.67 0
13475.3 1432.29 0
13469.1 1503.9 0
13462.9 1575.51 0
13456.6 1647.13 0
13450.4 1718.74 0
13444.2 1790.36 0
13437.9 1861.97 0
13431.7 1933.59 0
13425.5 2005.2 0
13419.2 2076.82 0
13413 2148.43 0
p
64
30
13800 0 0
13793.1 70.5092 0
13786.1 141.018 0
13779.2 211.528 0
13772.2 282.037 0
13765.3 352.546 0
13758.3 423.055 0
13751.4 493.564 0
13744.4 564.073 0
13737.5 634.583 0
13730.5 705.092 0
13723.6 775.601 0
13716.6 846.11 0
13709.7 916.619 0
13702.7 987.128 0
13695.8 1057.64 0
13688.8 1128.15 0
13681.9 1198.66 0
13674.9 1269.17 0
13668 1339.67 0
13661 1410.18 0
13654.1 1480.69 0
13647.1 1551.2 0
13640.2 1621.71 0
13633.2 1692.22 0
13626.3 1762.73 0
13619.3 1833.24 0
13612.4 1903.75 0
13605.5 1974.26 0
13598.5 2044.77 0
13591.6 2115.28 0
p
65
30
14000 0 0
13999.9 70.9746 0
13999.8 141.949 0
13997.4 212.829 0
13995 283.759 0
13992.3 354.701 0
13989.8 425.661 0
13987.5 496.638 0
13985.7 567.626 0
13984.5 638.62 0
13984.1 709.609 0
13984.6 780.585 0
13986.1 851.537 0
13988.5 922.454 0
13992 993.328 0
13996.6 1064.15 0
14002.1 1134.91 0
14008.6 1205.61 0
14016 1276.25 0
14024.2 1346.83 0
14032.9 1417.35 0
14042.2 1487.82 0
14051.8 1558.26 0
14061.6 1628.69 0
14071.2 1699.13 0
14080.5 1769.59 0
14089.3 1840.12 0
14097.2 1910.74 13.3181
14104.2 1981.48 13.3181
14110.8 2052.3 13.3181
14116.9 2123.2 13.3181
p
66
30
14200 0 0
14193.5 65.6735 0
14186.9 131.347 0
14182.1 197.277 0
14177.8 263.207 0
14174.4 329.205 0
14171.8 395.254 0
14169.7 461.327 0
14168 527.417 0
14166.6 593.514 0
14165.5 659.612 0
14164.4 725.708 0
14163.4 791.802 0
14162.3 857.894 0
14161.1 923.984 0
14159.7 990.075 0
14158.3 1056.17 0
14156.6 1122.27 0
14154.9 1188.38 0
14152.9 1254.49 0
14150.9 1320.62 0
14148.8 1386.76 0
14146.7 1452.91 0
14144.6 1519.07 0
14142.6 1585.24 0
14140.7 1651.42 0
14139 1717.61 0
14137.7 1783.8 0
14136.7 1849.99 13.3181
14136.1 1916.18 13.3181
14135.9 1982.35 13.3181
p
67
30
14400 0 0
14403.6 74.8976 0
14407.2 149.795 0
14412.2 224.61 0
14416.8 299.471 0
14420.9 374.366 0
14424.2 449.313 0
14426.4 524.313 0
14427.2 599.352 0
14426.2 674.401 0
14423.4 749.414 0
14418.5 824.335 0
14411.3 899.094 0
14401.8 973.614 0
14389.9 1047.81 0
14376 1121.7 0
14360.3 1195.25 0
14342.9 1268.47 0
14324.1 1341.36 0
14304.1 1413.95 0
14282.9 1486.27 0
14260.9 1558.36 0
14238.3 1630.25 0
14215.1 1702 0
14191.6 1773.66 0
14167.9 1845.27 -13.3181
14144.2 1916.87 -13.3181
14120.7 1988.53 -13.3181
14096.4 2059.98 -13.3181
14071.4 2131.17 -13.3181
14046.1 2202.27 0
p
68
30
14600 0 0
14593.7 78.7458 0
14587.3 157.492 0
14583.1 236.387 0
14579.1 315.307 0
14575.6 394.271 0
14572.2 473.259 0
14568.7 552.251 0
14564.7 631.224 0
14559.9 710.147 0
14553.9 788.979 0
14546.4 867.669 0
14537 946.149 0
14525.5 1024.34 0
14511.6 1102.14 0
14495.4 1179.51 0
14476.8 1256.36 0
14455.9 1332.63 0
14432.6 1408.27 0
14407.1 1483.24 0
14379.5 1557.53 0
14350 1631.14 0
14318.8 1704.1 0
14286.1 1776.47 0
14252.3 1848.33 0
14217.5 1919.78 0
14182.2 1990.97 0
14146.6 2062.04 -13.3181
14111 2133.08 -13.3181
14075.1 2203.96 -13.3181
14038.9 2274.78 0
p
69
30
14800 0 0
14797 84.5643 0
14793.9 169.129 0
14790.9 253.693 0
14787.9 338.257 0
14784.8 422.822 0
14781.8 507.386 0
14778.8 591.95 0
14775.7 676.514 0
14772.7 761.079 0
14769.7 845.643 0
14766.6 930.207 0
14763.6 1014.77 0
14760.6 1099.34 0
14757.5 1183.9 0
14754.5 1268.46 0
14751.5 1353.03 0
14748.4 1437.59 0
14745.4 1522.16 0
14742.4 1606.72 0
14739.3 1691.29 0
14736.3 1775.85 0
14733.2 1860.41 0
14730.2 1944.98 0
14727.2 2029.54 0
14724.1 2114.11 0
14721.1 2198.67 0
14718.1 2283.24 0
14715 2367.8 0
14712 2452.37 0
14709 2536.93 0
p
70
30
15000 0 0
15001 86.9749 0
15002 173.95 0
15001.8 260.936 0
14999.9 347.913 0
14995.4 434.825 0
14987.3 521.524 0
14974 607.681 0
14954.1 692.725 0
14932.9 777.571 0
14911.5 862.435 0
14892 947.802 0
14875.2 1033.71 0
14862.8 1120.28 0
14855.8 1207.35 0
14855 1294.63 0
14861 1381.68 0
14873.9 1468 0
14893.8 1553.1 0
14920.1 1636.58 0
14952.4 1718.19 0
14989.7 1797.87 0
15031 1875.77 0
15075.3 1952.25 0
15121.2 2027.85 0
15167.6 2103.22 0
15213.1 2179.06 12.9592
15257.4 2255.66 12.9592
15302.7 2331.68 12.9592
15348.4 2407.56 0
15394 2483.44 0
p
71
30
15200 0 0
15192.8 74.3754 0
15185.6 148.751 0
15178.9 223.206 0
15172.9 297.737 0
15167.7 372.349 0
15163.3 447.046 0
15160.2 521.845 0
15159.1 596.787 0
15158.5 671.725 0
15158.7 746.698 0
15159.5 821.699 0
15160 896.721 0
15160.3 971.773 0
15160.2 1046.86 0
15159.7 1121.99 0
15158.9 1197.16 0
15157.9 1272.39 0
15156.8 1347.68 0
15155.7 1423.04 0
15155 1498.47 0
15155 1573.95 0
15156.1 1649.48 0
15158.9 1724.99 0
15164 1800.4 0
15172.5 1875.52 0
15185.6 1950.03 0
15203.8 2023.55 12.9592
15225.8 2096.19 12.9592
15252 2167.45 12.9592
15282.1 2237.16 12.9592
p
72
30
15400 0 0
15396.3 76.2892 0
15392.7 152.578 0
15389 228.821 0
15385 305.024 0
15380.5 381.174 0
15375.2 457.257 0
15369.1 533.264 0
15362.3 609.219 0
15354.9 685.125 0
15346.9 760.977 0
15338.2 836.775 0
15329.1 912.524 0
15319.6 988.233 0
15309.9 1063.92 0
15300.1 1139.59 0
15290.3 1215.27 0
15280.9 1290.97 0
15271.9 1366.73 0
15263.5 1442.55 0
15256 1518.45 0
15249.5 1594.43 0
15244.2 1670.51 0
15240.2 1746.66 0
15237.5 1822.89 0
15236.2 1899.17 0
15236.2 1975.49 -12.9592
15237.8 2051.78 -12.9592
15242.5 2128.04 -12.9592
15251.9 2204.1 -12.9592
15264 2279.97 -12.9592
p
73
30
15600 0 0
15601.3 68.3091 0
15602.6 136.618 0
15603.1 204.97 0
15602.5 273.343 0
15600.8 341.723 0
15597.8 410.086 0
15593.4 478.405 0
15587.7 546.661 0
15581 614.825 0
15573.7 682.934 0
15566.1 751.003 0
15558.4 819.049 0
15550.7 887.083 0
15543 955.095 0
15535 1023.02 0
15527.2 1091 0
15519.5 1158.98 0
15511.9 1226.99 0
15504.5 1295.02 0
15497.2 1363.09 0
15490.1 1431.18 0
15483 1499.3 0
15475.8 1567.44 0
15468.5 1635.58 0
15460.8 1703.69 0
15452.4 1771.74 0
15443.2 1839.69 0
15432.7 1907.45 0
15420.6 1974.92 13.4004
15407.6 2042.23 13.4004
p
74
30
15800 0 0
15802 71.7914 0
15804 143.583 0
15805.9 215.374 0
15807.7 287.167 0
15809.4 358.962 0
15810.9 430.757 0
15812.4 502.549 0
15814.6 574.319 0
15816.1 646.123 0
15816.6 717.955 0
15815.8 789.803 0
15813.1 861.63 0
15808.1 933.369 0
15799.9 1004.89 0
15787.1 1075.9 0
15771.2 1146.28 0
15751.9 1215.9 0
15729.8 1284.73 0
15706.4 1353.17 0
15681.8 1421.26 0
15656.4 1489.14 0
15630.4 1556.9 0
15604 1624.59 0
15577.1 1692.18 0
15549.7 1759.63 0
15521.3 1826.83 0
15491.9 1893.63 0
15461 1959.93 -13.4004
15428.4 2025.55 -13.4004
15392.7 2090 -13.4004
p
75
30
16000 0 0
15987.8 86.6522 0
15975.6 173.304 0
15963.7 259.995 0
15952.3 346.753 0
15941.8 433.62 0
15932.7 520.644 0
15925.7 607.872 0
15922 695.334 0
15921.4 782.909 0
15924.3 870.496 0
15931.2 957.931 0
15942.3 1045 0
15958 1131.45 0
15978.7 1216.94 0
16003.8 1301.33 0
16022.8 1387.24 0
16031.1 1474.68 0
16025.2 1562.14 0
16001.3 1646.44 0
15958.9 1723.35 0
15900 1789.22 0
15828.7 1842.67 0
15749.7 1885.48 0
15667.2 1922.6 0
15585.4 1961.19 0
15508.9 2009.15 0
15443 2069.77 13.4004
15384.2 2137.81 13.4004
15335.9 2214.31 -12.9592
15293.2 2294.37 -12.9592
p
76
30
16200 0 0
16193.7 78.7194 0
16187.4 157.439 0
16181.1 236.158 0
16174.7 314.878 0
16168.4 393.597 0
16162.1 472.316 0
16155.8 551.036 0
16149.5 629.755 0
16143.2 708.474 0
16136.9 787.194 0
16130.5 865.913 0
16124.2 944.633 0
16117.9 1023.35 0
16111.6 1102.07 0
16105.3 1180.79 0
16099 1259.51 0
16092.7 1338.23 0
16086.3 1416.95 0
16080 1495.67 0
16073.7 1574.39 0
16067.4 1653.11 0
16061.1 1731.83 0
16054.8 1810.55 0
16048.5 1889.27 0
16042.1 1967.98 0
16035.8 2046.7 0
16029.5 2125.42 0
16023.2 2204.14 0
16016.9 2282.86 0
16010.6 2361.58 0
p
77
30
16400 0 0
16399 66.4975 0
16398 132.995 0
16397 199.493 0
16395.9 265.99 0
16394.9 332.488 0
16393.9 398.985 0
16392.9 465.483 0
16391.9 531.98 0
16390.9 598.478 0
16389.9 664.975 0
16388.8 731.473 0
16387.8 797.971 0
16386.8 864.468 0
16385.8 930.966 0
16384.8 997.463 0
16383.8 1063.96 0
16382.8 1130.46 0
16381.8 1196.96 0
16380.7 1263.45 0
16379.7 1329.95 0
16378.7 1396.45 0
16377.7 1462.95 0
16376.7 1529.44 0
16375.7 1595.94 0
16374.7 1662.44 0
16373.6 1728.94 0
16372.6 1795.43 0
16371.6 1861.93 0
16370.6 1928.43 0
16369.6 1994.93 0
p
78
30
16600 0 0
16600.4 64.1875 0
16600.7 128.375 0
16601.1 192.563 0
16601.5 256.75 0
16601.9 320.938 0
16602.2 385.125 0
16602.6 449.313 0
16603 513.5 0
16603.3 577.688 0
16603.7 641.875 0
16604.1 706.063 0
16604.4 770.25 0
16604.8 834.438 0
16605.2 898.625 0
16605.6 962.813 0
16605.9 1027 0
16606.3 1091.19 0
16606.7 1155.38 0
16607 1219.56 0
16607.4 1283.75 0
16607.8 1347.94 0
16608.1 1412.13 0
16608.5 1476.31 0
16608.9 1540.5 0
16609.3 1604.69 0
16609.6 1668.88 0
16610 1733.06 0
16610.4 1797.25 0
16610.7 1861.44 0
16611.1 1925.63 0
p
79
30
16800 0 0
16802.4 88.8543 0
16804.7 177.709 0
16807.1 266.563 0
16809.4 355.417 0
16811.8 444.271 0
16814.1 533.126 0
16816.5 621.98 0
16818.8 710.834 0
16821.2 799.688 0
16823.5 888.543 0
16825.9 977.397 0
16828.2 1066.25 0
16830.6 1155.11 0
16832.9 1243.96 0
16835.3 1332.81 0
16837.6 1421.67 0
16840 1510.52 0
16842.4 1599.38 0
16844.7 1688.23 0
16847.1 1777.09 0
16849.4 1865.94 0
16851.8 1954.79 0
16854.1 2043.65 0
16856.5 2132.5 0
16858.8 2221.36 0
16861.2 2310.21 0
16863.5 2399.07 0
16865.9 2487.92 0
16868.2 2576.77 0
16870.6 2665.63 0
s	0
59 63 95 97 128 130 
59 60 61 62 63 95 96 97 128 129 130 
b
3 0
0.783099 0.394383 0.840188
60 0 0 1
61 0 0 2
62 0 0 1
96 0 0 2
129 0 0 2
g
0
0.5 2 0 0 1 2 0 2 4
t
2
0
1476.68 2238.61 100
1476.68 2238.61 -100
a
6
0
63 58 97 94 130 127 
1 60 1 95 0 96 0 128 0 2640 0.5 2641 0.5 
1 61 1 96 0 128 0 129 0 2640 0.5 2641 0.5 
1 59 1 95 0 2640 0.5 2641 0.5 
1 62 1 129 0 2640 0.5 2641 0.5 
2 95 1 60 0 59 0 2640 0.5 2641 0.5 
2 96 1 60 0 61 0 2640 0.5 2641 0.5 
2 128 1 60 0 61 0 2640 0.5 2641 0.5 
2 129 1 61 0 62 0 2640 0.5 2641 0.5 
0 2640 4 60 0.5 61 0.5 59 0.5 62 0.5 95 0.5 96 0.5 128 0.5 129 0.5 
0 2641 4 60 0.5 61 0.5 59 0.5 62 0.5 95 0.5 96 0.5 128 0.5 129 0.5 
NanList DIR 0
d
30
0 0 -14.5317 0 0 -14.5317 0 0 -14.5317 0 0 -14.5317 0 0 14.5317 0 0 14.5317 0 0 14.5317 0 0 14.5317 0 0 0 0 0 0 
s	1
586 591 622 625 655 658 722 724 
586 587 588 589 590 591 622 623 624 625 655 656 657 658 722 723 724 
b
4 0
0.197551 0.911647 0.79844
587 0 0 1
588 0 0 2
589 0 0 2
590 0 0 1
623 0 0 2
624 0 0 2
656 0 0 1
657 0 0 3
723 0 0 2
g
0
0.5 2 0 0 1 2 0 2 4
t
2
2
4647.57 2124.25 100
4647.57 2124.25 -100
a
8
6
591 585 625 621 658 654 724 721 
1 588 1 656 0 657 0 623 0 624 0 2640 0.5 2641 0.5 
1 589 1 656 0 657 0 624 0 2640 0.5 2641 0.5 
1 587 1 622 0 623 0 2640 0.5 2641 0.5 
1 586 1 622 0 2640 0.5 2641 0.5 
1 590 1 657 0 2640 0.5 2641 0.5 
2 656 1 588 0 589 0 722 0 723 0 2640 0.5 2641 0.5 
2 657 1 588 0 589 0 723 0 590 0 2640 0.5 2641 0.5 
2 655 1 722 0 2640 0.5 2641 0.5 
2 622 1 587 0 586 0 2640 0.5 2641 0.5 
2 623 1 588 0 587 0 2640 0.5 2641 0.5 
2 624 1 588 0 589 0 2640 0.5 2641 0.5 
1 722 1 656 0 655 0 2640 0.5 2641 0.5 
1 723 1 656 0 657 0 2640 0.5 2641 0.5 
0 2640 6.5 588 0.5 589 0.5 587 0.5 586 0.5 590 0.5 656 0.5 657 0.5 655 0.5 622 0.5 623 0.5 624 0.5 722 0.5 723 0.5 
0 2641 6.5 588 0.5 589 0.5 587 0.5 586 0.5 590 0.5 656 0.5 657 0.5 655 0.5 622 0.5 623 0.5 624 0.5 722 0.5 723 0.5 
NanList DIR 0
d
45
0 0 -13.7102 0 0 -13.7102 0 0 -13.7102 0 0 -13.7102 0 0 -13.7102 0 0 13.7102 0 0 13.7102 0 0 13.7102 0 0 13.7102 0 0 13.7102 0 0 13.7102 0 0 -13.7102 0 0 -13.7102 0 0 0 0 0 0 
s	2
610 613 642 646 
610 611 612 613 642 643 644 645 646 
b
2 0
0.277775 0.76823 0.335223
611 0 0 2
612 0 0 2
643 0 0 1
644 0 0 2
645 0 0 1
g
0
0.5 2 0 0 1 2 0 2 4
t
2
4
4604.35 1212.47 100
4604.35 1212.47 -100
a
4
14
613 609 646 641 
1 610 1 643 0 642 0 2640 0.5 2641 0.5 
1 611 1 643 0 644 0 2640 0.5 2641 0.5 
1 612 1 644 0 645 0 2640 0.5 2641 0.5 
2 643 1 610 0 611 0 2640 0.5 2641 0.5 
2 644 1 611 0 612 0 2640 0.5 2641 0.5 
2 642 1 610 0 2640 0.5 2641 0.5 
2 645 1 612 0 2640 0.5 2641 0.5 
0 2640 3.5 610 0.5 611 0.5 612 0.5 643 0.5 644 0.5 642 0.5 645 0.5 
0 2641 3.5 610 0.5 611 0.5 612 0.5 643 0.5 644 0.5 642 0.5 645 0.5 
NanList DIR 0
d
27
0 0 -2.21175 0 0 -2.21175 0 0 -2.21175 0 0 2.21175 0 0 2.21175 0 0 2.21175 0 0 2.21175 0 0 0 0 0 0 
s	3
707 712 742 746 
707 708 709 710 711 712 742 743 744 745 746 
b
2 0
0.628871 0.477397 0.55397
708 0 0 1
709 0 0 2
710 0 0 2
711 0 0 1
743 0 0 2
744 0 0 2
745 0 0 2
g
0
0.5 2 0 0 1 2 0 2 4
t
2
6
5363.81 1249.06 100
5363.81 1249.06 -100
a
4
18
712 706 746 741 
1 708 1 742 0 743 0 2640 0.5 2641 0.5 
1 709 1 743 0 744 0 2640 0.5 2641 0.5 
1 710 1 744 0 745 0 2640 0.5 2641 0.5 
1 707 1 742 0 2640 0.5 2641 0.5 
1 711 1 745 0 2640 0.5 2641 0.5 
2 742 1 708 0 707 0 2640 0.5 2641 0.5 
2 743 1 708 0 709 0 2640 0.5 2641 0.5 
2 744 1 709 0 710 0 2640 0.5 2641 0.5 
2 745 1 710 0 711 0 2640 0.5 2641 0.5 
0 2640 4.5 708 0.5 709 0.5 710 0.5 707 0.5 711 0.5 742 0.5 743 0.5 744 0.5 745 0.5 
0 2641 4.5 708 0.5 709 0.5 710 0.5 707 0.5 711 0.5 742 0.5 743 0.5 744 0.5 745 0.5 
NanList DIR 0
d
33
0 0 -10.6698 0 0 -10.6698 0 0 -10.6698 0 0 -10.6698 0 0 -10.6698 0 0 10.6698 0 0 10.6698 0 0 10.6698 0 0 10.6698 0 0 0 0 0 0 
s	4
940 943 972 976 
940 941 942 943 972 973 974 975 976 
b
2 0
0.95223 0.513401 0.364784
941 0 0 2
942 0 0 2
973 0 0 1
974 0 0 2
975 0 0 1
g
0
0.5 2 0 0 1 2 0 2 4
t
2
8
6584.69 1277.36 100
6584.69 1277.36 -100
a
4
22
943 939 976 971 
1 940 1 974 0 973 0 972 0 2640 0.5 2641 0.5 
1 941 1 974 0 973 0 2640 0.5 2641 0.5 
1 942 1 974 0 975 0 2640 0.5 2641 0.5 
2 974 1 940 0 941 0 942 0 2640 0.5 2641 0.5 
2 973 1 940 0 941 0 2640 0.5 2641 0.5 
2 972 1 940 0 2640 0.5 2641 0.5 
2 975 1 942 0 2640 0.5 2641 0.5 
0 2640 3.5 940 0.5 941 0.5 942 0.5 974 0.5 973 0.5 972 0.5 975 0.5 
0 2641 3.5 940 0.5 941 0.5 942 0.5 974 0.5 973 0.5 972 0.5 975 0.5 
NanList DIR 0
d
27
0 0 -11.1006 0 0 -11.1006 0 0 -11.1006 0 0 11.1006 0 0 11.1006 0 0 11.1006 0 0 11.1006 0 0 0 0 0 0 
s	5
946 950 978 982 
946 947 948 949 950 978 979 980 981 982 
b
2 0
0.717297 0.635712 0.916195
947 0 0 2
948 0 0 2
949 0 0 1
979 0 0 1
980 0 0 2
981 0 0 2
g
0
0.5 2 0 0 1 2 0 2 4
t
2
10
6579.76 1759.41 100
6579.76 1759.41 -100
a
4
26
950 945 982 977 
1 948 1 979 0 980 0 981 0 2640 0.5 2641 0.5 
1 946 1 979 0 978 0 2640 0.5 2641 0.5 
1 947 1 979 0 980 0 2640 0.5 2641 0.5 
1 949 1 981 0 2640 0.5 2641 0.5 
2 979 1 948 0 946 0 947 0 2640 0.5 2641 0.5 
2 980 1 948 0 947 0 2640 0.5 2641 0.5 
2 981 1 948 0 949 0 2640 0.5 2641 0.5 
2 978 1 946 0 2640 0.5 2641 0.5 
0 2640 4 948 0.5 946 0.5 947 0.5 949 0.5 979 0.5 980 0.5 981 0.5 978 0.5 
0 2641 4 948 0.5 946 0.5 947 0.5 949 0.5 979 0.5 980 0.5 981 0.5 978 0.5 
NanList DIR 0
d
30
0 0 -11.1006 0 0 -11.1006 0 0 -11.1006 0 0 -11.1006 0 0 11.1006 0 0 11.1006 0 0 11.1006 0 0 11.1006 0 0 0 0 0 0 
s	6
986 987 988 1018 1019 1020 1021 1048 1049 1050 1051 1052 1053 
986 987 988 1018 1019 1020 1021 1048 1049 1050 1051 1052 1053 
b
2 0
0.0163006 0.606969 0.141603
987 0 0 2
1051 0 0 1
1052 0 0 1
b
2 0
0.804177 0.137232 0.242887
1019 0 0 2
1020 0 0 2
1049 0 0 2
1050 0 0 2
g
0
0.5 2 0 0 1 2 0 2 4
t
2
12
6726.94 2217.08 100
6726.94 2217.08 -100
a
6
30
988 985 1021 1017 1053 1047 
1 1049 1 1019 0 1018 0 1020 0 2640 0.5 2641 0.5 
1 1050 1 1019 0 986 0 1020 0 2640 0.5 2641 0.5 
1 1048 1 1019 0 1018 0 2640 0.5 2641 0.5 
1 1051 1 986 0 987 0 2640 0.5 2641 0.5 
1 1052 1 987 0 2640 0.5 2641 0.5 
2 1019 1 1049 0 1050 0 1048 0 2640 0.5 2641 0.5 
2 1018 1 1049 0 1048 0 2640 0.5 2641 0.5 
2 1020 1 1049 0 1050 0 2640 0.5 2641 0.5 
2 986 1 1050 0 1051 0 2640 0.5 2641 0.5 
2 987 1 1051 0 1052 0 2640 0.5 2641 0.5 
0 2640 5 1049 0.5 1050 0.5 1048 0.5 1051 0.5 1052 0.5 1019 0.5 1018 0.5 1020 0.5 986 0.5 987 0.5 
0 2641 5 1049 0.5 1050 0.5 1048 0.5 1051 0.5 1052 0.5 1019 0.5 1018 0.5 1020 0.5 986 0.5 987 0.5 
NanList DIR 0
d
36
0 0 -14.0352 0 0 -14.0352 0 0 -14.0352 0 0 -14.0352 0 0 -14.0352 0 0 14.0352 0 0 14.0352 0 0 14.0352 0 0 14.0352 0 0 14.0352 0 0 0 0 0 0 
s	7
1118 1120 1149 1152 
1118 1119 1120 1149 1150 1151 1152 
b
2 0
0.12979 0.400944 0.156679
1119 0 0 2
1150 0 0 1
1151 0 0 1
g
0
0.5 2 0 0 1 2 0 2 4
t
2
14
7433.27 2191.43 100
7433.27 2191.43 -100
a
4
36
1120 1117 1152 1148 
1 1118 1 1150 0 1149 0 2640 0.5 2641 0.5 
1 1119 1 1150 0 1151 0 2640 0.5 2641 0.5 
2 1150 1 1118 0 1119 0 2640 0.5 2641 0.5 
2 1149 1 1118 0 2640 0.5 2641 0.5 
2 1151 1 1119 0 2640 0.5 2641 0.5 
0 2640 2.5 1118 0.5 1119 0.5 1150 0.5 1149 0.5 1151 0.5 
0 2641 2.5 1118 0.5 1119 0.5 1150 0.5 1149 0.5 1151 0.5 
NanList DIR 0
d
21
0 0 -9.61614 0 0 -9.61614 0 0 9.61614 0 0 9.61614 0 0 9.61614 0 0 0 0 0 0 
s	8
1676 1677 1678 1679 1680 1681 1711 1712 1713 1714 1744 1745 1746 1747 1777 1778 1779 1780 
1676 1677 1678 1679 1680 1681 1711 1712 1713 1714 1744 1745 1746 1747 1777 1778 1779 1780 
b
3 0
0.218257 0.998924 0.108809
1677 0 0 1
1678 0 0 1
1712 0 0 1
1713 0 0 2
1745 0 0 2
1746 0 0 3
b
2 0
0.61264 0.839112 0.512932
1679 0 0 2
1680 0 0 2
1778 0 0 2
1779 0 0 2
g
0
0.5 2 0 0 1 2 0 2 4
t
2
16
11334.4 2049.05 100
11334.4 2049.05 -100
a
8
40
1681 1675 1714 1710 1747 1743 1780 1776 
1 1678 1 1746 0 1778 0 1777 0 2640 0.5 2641 0.5 
1 1679 1 1778 0 1777 0 1779 0 2640 0.5 2641 0.5 
1 1677 1 1745 0 1746 0 2640 0.5 2641 0.5 
1 1680 1 1778 0 1779 0 2640 0.5 2641 0.5 
1 1676 1 1745 0 2640 0.5 2641 0.5 
2 1745 1 1677 0 1712 0 1713 0 1676 0 2640 0.5 2641 0.5 
2 1746 1 1678 0 1677 0 1713 0 2640 0.5 2641 0.5 
2 1744 1 1712 0 1711 0 2640 0.5 2641 0.5 
2 1778 1 1678 0 1679 0 1680 0 2640 0.5 2641 0.5 
2 1777 1 1678 0 1679 0 2640 0.5 2641 0.5 
2 1779 1 1679 0 1680 0 2640 0.5 2641 0.5 
1 1712 1 1745 0 1744 0 2640 0.5 2641 0.5 
1 1713 1 1745 0 1746 0 2640 0.5 2641 0.5 
1 1711 1 1744 0 2640 0.5 2641 0.5 
0 2640 7 1678 0.5 1679 0.5 1677 0.5 1680 0.5 1676 0.5 1745 0.5 1746 0.5 1744 0.5 1778 0.5 1777 0.5 1779 0.5 1712 0.5 1713 0.5 1711 0.5 
0 2641 7 1678 0.5 1679 0.5 1677 0.5 1680 0.5 1676 0.5 1745 0.5 1746 0.5 1744 0.5 1778 0.5 1777 0.5 1779 0.5 1712 0.5 1713 0.5 1711 0.5 
NanList DIR 0
d
48
0 0 -14.4454 0 0 -14.4454 0 0 -14.4454 0 0 -14.4454 0 0 -14.4454 0 0 14.4454 0 0 14.4454 0 0 14.4454 0 0 14.4454 0 0 14.4454 0 0 14.4454 0 0 -14.4454 0 0 -14.4454 0 0 -14.4454 0 0 0 0 0 0 
s	9
1842 1846 1876 1879 1907 1910 
1842 1843 1844 1845 1846 1876 1877 1878 1879 1907 1908 1909 1910 
b
3 0
0.524287 0.637552 0.296032
1843 0 0 2
1844 0 0 2
1845 0 0 3
1877 0 0 2
1878 0 0 3
1908 0 0 1
1909 0 0 1
g
0
0.5 2 0 0 1 2 0 2 4
t
2
18
11965.2 2174.84 100
11965.2 2174.84 -100
a
6
48
1846 1841 1879 1875 1910 1906 
1 1844 1 1877 0 1878 0 1908 0 1909 0 1907 0 2640 0.5 2641 0.5 
1 1843 1 1877 0 1878 0 1876 0 2640 0.5 2641 0.5 
1 1845 1 1878 0 1908 0 1909 0 2640 0.5 2641 0.5 
1 1842 1 1877 0 1876 0 2640 0.5 2641 0.5 
2 1877 1 1844 0 1843 0 1842 0 2640 0.5 2641 0.5 
2 1878 1 1844 0 1843 0 1845 0 2640 0.5 2641 0.5 
2 1876 1 1843 0 1842 0 2640 0.5 2641 0.5 
2 1908 1 1844 0 1845 0 2640 0.5 2641 0.5 
2 1909 1 1844 0 1845 0 2640 0.5 2641 0.5 
2 1907 1 1844 0 2640 0.5 2641 0.5 
0 2640 5 1844 0.5 1843 0.5 1845 0.5 1842 0.5 1877 0.5 1878 0.5 1876 0.5 1908 0.5 1909 0.5 1907 0.5 
0 2641 5 1844 0.5 1843 0.5 1845 0.5 1842 0.5 1877 0.5 1878 0.5 1876 0.5 1908 0.5 1909 0.5 1907 0.5 
NanList DIR 0
d
36
0 0 -14.3743 0 0 -14.3743 0 0 -14.3743 0 0 -14.3743 0 0 14.3743 0 0 14.3743 0 0 14.3743 0 0 14.3743 0 0 14.3743 0 0 14.3743 0 0 0 0 0 0 
s	10
2172 2176 2206 2209 2236 2241 2271 2274 
2172 2173 2174 2175 2176 2206 2207 2208 2209 2236 2237 2238 2239 2240 2241 2271 2272 2273 2274 
b
4 0
0.292517 0.972775 0.493583
2173 0 0 2
2174 0 0 3
2175 0 0 4
2207 0 0 2
2208 0 0 3
2237 0 0 2
2238 0 0 4
2239 0 0 4
2240 0 0 2
2272 0 0 1
2273 0 0 1
g
0
0.5 2 0 0 1 2 0 2 4
t
2
20
14118.1 2010.48 100
14118.1 2010.48 -100
a
8
54
2176 2171 2209 2205 2241 2235 2274 2270 
1 2237 1 2173 0 2207 0 2208 0 2172 0 2206 0 2640 0.5 2641 0.5 
1 2238 1 2174 0 2173 0 2207 0 2208 0 2172 0 2640 0.5 2641 0.5 
1 2239 1 2174 0 2175 0 2173 0 2208 0 2640 0.5 2641 0.5 
1 2240 1 2174 0 2175 0 2640 0.5 2641 0.5 
1 2236 1 2207 0 2640 0.5 2641 0.5 
2 2174 1 2238 0 2239 0 2240 0 2271 0 2272 0 2640 0.5 2641 0.5 
2 2175 1 2239 0 2240 0 2271 0 2272 0 2273 0 2640 0.5 2641 0.5 
2 2173 1 2237 0 2238 0 2239 0 2640 0.5 2641 0.5 
2 2172 1 2237 0 2238 0 2640 0.5 2641 0.5 
2 2207 1 2237 0 2238 0 2236 0 2640 0.5 2641 0.5 
2 2208 1 2237 0 2238 0 2239 0 2640 0.5 2641 0.5 
2 2206 1 2237 0 2640 0.5 2641 0.5 
1 2271 1 2174 0 2175 0 2640 0.5 2641 0.5 
1 2272 1 2174 0 2175 0 2640 0.5 2641 0.5 
1 2273 1 2175 0 2640 0.5 2641 0.5 
0 2640 7.5 2237 0.5 2238 0.5 2239 0.5 2240 0.5 2236 0.5 2174 0.5 2175 0.5 2173 0.5 2172 0.5 2207 0.5 2208 0.5 2206 0.5 2271 0.5 2272 0.5 2273 0.5 
0 2641 7.5 2237 0.5 2238 0.5 2239 0.5 2240 0.5 2236 0.5 2174 0.5 2175 0.5 2173 0.5 2172 0.5 2207 0.5 2208 0.5 2206 0.5 2271 0.5 2272 0.5 2273 0.5 
NanList DIR 0
d
51
0 0 -13.3181 0 0 -13.3181 0 0 -13.3181 0 0 -13.3181 0 0 -13.3181 0 0 13.3181 0 0 13.3181 0 0 13.3181 0 0 13.3181 0 0 13.3181 0 0 13.3181 0 0 13.3181 0 0 -13.3181 0 0 -13.3181 0 0 -13.3181 0 0 0 0 0 0 
s	11
2336 2339 2370 2374 2402 2407 2504 2506 
2336 2337 2338 2339 2370 2371 2372 2373 2374 2402 2403 2404 2405 2406 2407 2504 2505 2506 
b
4 0
0.769914 0.526745 0.771358
2337 0 0 2
2338 0 0 2
2371 0 0 2
2372 0 0 2
2373 0 0 2
2403 0 0 1
2404 0 0 2
2405 0 0 3
2406 0 0 3
2505 0 0 1
g
0
0.5 2 0 0 1 2 0 2 4
t
2
22
15257 2174.2 100
15257 2174.2 -100
a
7
62
2339 2335 2374 2369 2407 2401 2506 
1 2405 1 2337 0 2338 0 2371 0 2336 0 2372 0 2373 0 2640 0.5 2641 0.5 
1 2404 1 2371 0 2336 0 2372 0 2640 0.5 2641 0.5 
1 2406 1 2337 0 2338 0 2373 0 2640 0.5 2641 0.5 
1 2403 1 2371 0 2370 0 2640 0.5 2641 0.5 
1 2402 1 2370 0 2640 0.5 2641 0.5 
2 2337 1 2405 0 2406 0 2505 0 2504 0 2640 0.5 2641 0.5 
2 2338 1 2405 0 2406 0 2505 0 2640 0.5 2641 0.5 
2 2336 1 2405 0 2404 0 2640 0.5 2641 0.5 
2 2371 1 2405 0 2404 0 2403 0 2640 0.5 2641 0.5 
2 2370 1 2403 0 2402 0 2640 0.5 2641 0.5 
2 2372 1 2405 0 2404 0 2640 0.5 2641 0.5 
2 2373 1 2405 0 2406 0 2640 0.5 2641 0.5 
1 2505 1 2337 0 2338 0 2640 0.5 2641 0.5 
1 2504 1 2337 0 2640 0.5 2641 0.5 
0 2640 7 2405 0.5 2404 0.5 2406 0.5 2403 0.5 2402 0.5 2337 0.5 2338 0.5 2336 0.5 2371 0.5 2370 0.5 2372 0.5 2373 0.5 2505 0.5 2504 0.5 
0 2641 7 2405 0.5 2404 0.5 2406 0.5 2403 0.5 2402 0.5 2337 0.5 2338 0.5 2336 0.5 2371 0.5 2370 0.5 2372 0.5 2373 0.5 2505 0.5 2504 0.5 
NanList DIR 0
d
48
0 0 -12.9592 0 0 -12.9592 0 0 -12.9592 0 0 -12.9592 0 0 -12.9592 0 0 12.9592 0 0 12.9592 0 0 12.9592 0 0 12.9592 0 0 12.9592 0 0 12.9592 0 0 12.9592 0 0 -12.9592 0 0 -12.9592 0 0 0 0 0 0 
s	12
2438 2440 2470 2473 2502 2504 
2438 2439 2440 2470 2471 2472 2473 2502 2503 2504 
b
3 0
0.283315 0.891529 0.400229
2439 0 0 2
2471 0 0 1
2472 0 0 2
2503 0 0 1
g
0
0.5 2 0 0 1 2 0 2 4
t
2
24
15419.6 2042.89 100
15419.6 2042.89 -100
a
6
69
2440 2437 2473 2469 2504 2501 
1 2471 1 2438 0 2439 0 2502 0 2640 0.5 2641 0.5 
1 2472 1 2439 0 2502 0 2503 0 2640 0.5 2641 0.5 
1 2470 1 2438 0 2640 0.5 2641 0.5 
2 2438 1 2471 0 2470 0 2640 0.5 2641 0.5 
2 2439 1 2471 0 2472 0 2640 0.5 2641 0.5 
2 2502 1 2471 0 2472 0 2640 0.5 2641 0.5 
2 2503 1 2472 0 2640 0.5 2641 0.5 
0 2640 3.5 2471 0.5 2472 0.5 2470 0.5 2438 0.5 2439 0.5 2502 0.5 2503 0.5 
0 2641 3.5 2471 0.5 2472 0.5 2470 0.5 2438 0.5 2439 0.5 2502 0.5 2503 0.5 
NanList DIR 0
d
27
0 0 -13.4004 0 0 -13.4004 0 0 -13.4004 0 0 13.4004 0 0 13.4004 0 0 13.4004 0 0 13.4004 0 0 0 0 0 0 
