33 2 0.1 0.3 1 0 24 1
p
0
30
1000 0 0
1002.13 62.904 0
1004.26 125.808 0
1003.77 188.901 0
1000.6 251.998 0
996.295 314.998 0
990.745 377.918 0
984.249 440.757 0
977.608 503.589 0
970.969 566.446 0
964.515 629.37 0
958.296 692.384 0
952.229 755.493 0
946.608 818.718 0
941.269 882.033 0
936.113 945.402 0
931.007 1008.78 0
925.803 1072.13 0
920.355 1135.39 0
914.541 1198.55 0
908.277 1261.57 0
901.541 1324.46 0
894.393 1387.26 0
887.089 1450.02 0
879.99 1512.8 0
872.543 1575.54 0
865.096 1638.28 0
857.734 1701.03 0
850.532 1763.79 0
842.953 1826.5 -1.21423
833.629 1888.9 -1.21423
p
1
30
1200 0 0
1193.07 66.4365 0
1186.13 132.873 0
1181.4 199.507 0
1178.28 266.253 0
1175.49 333.06 0
1173.09 399.921 0
1170.74 466.816 0
1168.07 533.722 0
1164.73 600.61 0
1160.42 667.442 0
1154.86 734.175 0
1147.81 800.752 0
1139.34 867.147 0
1129.33 933.312 0
1117.8 999.213 0
1104.78 1064.82 0
1090.32 1130.13 0
1074.52 1195.12 0
1057.5 1259.8 0
1039.39 1324.2 0
1020.36 1388.33 0
1000.57 1452.25 0
980.218 1515.99 0
959.495 1579.63 0
938.609 1643.21 0
917.767 1706.81 0
897.179 1770.48 0
877.054 1834.3 1.21423
857.397 1898.27 1.21423
837.621 1962.22 1.21423
p
2
30
1400 0 0
1397.23 66.3498 0
1394.46 132.7 0
1391.71 199.051 0
1388.99 265.403 0
1386.3 331.756 0
1383.63 398.109 0
1380.96 464.463 0
1378.28 530.816 0
1375.53 597.166 0
1372.69 663.512 0
1369.71 729.852 0
1366.57 796.185 0
1363.22 862.508 0
1359.62 928.818 0
1355.75 995.113 0
1351.56 1061.39 0
1347.02 1127.64 0
1342.08 1193.87 0
1336.72 1260.07 0
1330.89 1326.23 0
1324.57 1392.35 0
1317.71 1458.42 0
1310.27 1524.43 0
1302.23 1590.38 0
1293.55 1656.26 0
1284.19 1722.05 0
1274.11 1787.74 0
1263.28 1853.33 0
1251.68 1918.81 -12.0013
1239.39 1984.15 -12.0013
p
3
30
1600 0 0
1618.14 71.1411 0
1636.28 142.282 0
1653.84 213.574 0
1670.66 285.048 0
1686.46 356.762 0
1700.96 428.764 0
1713.87 501.083 0
1724.93 573.732 0
1733.86 646.704 0
1740.47 719.954 0
1744.53 793.43 0
1745.8 867.055 0
1744.07 940.726 0
1739.14 1014.32 0
1730.86 1087.68 0
1719.12 1160.66 0
1703.87 1233.07 0
1685.08 1304.76 0
1662.72 1375.54 0
1636.74 1445.2 0
1606.98 1513.47 0
1573.15 1580 0
1534.75 1644.21 0
1493.72 1706.96 0
1449.84 1767.98 0
1403.32 1827.23 0
1354.26 1884.61 0
1302.67 1939.94 12.0013
1248.46 1992.91 12.0013
1191.89 2043.48 12.0013
p
4
30
1800 0 0
1799.53 80.9657 0
1799.05 161.931 0
1798.9 242.897 0
1799.16 323.861 0
1799.96 404.822 0
1801.41 485.774 0
1803.62 566.71 0
1806.65 647.62 0
1810.52 728.496 0
1814.95 809.342 0
1819.68 890.167 0
1824.28 970.993 0
1828.15 1051.85 0
1830.5 1132.75 0
1830.36 1213.67 0
1826.63 1294.5 0
1818.1 1374.99 0
1803.62 1454.66 0
1782.13 1532.82 0
1752.89 1608.58 0
1715.51 1680.88 0
1670.06 1748.72 0
1617.09 1811.27 0
1557.2 1867.75 0
1491.56 1918.03 0
1421.5 1962.6 0
1348.47 2002.7 0
1273.87 2040.26 0
1198.8 2077.14 0
1123.15 2113.15 0
p
5
30
2000 0 0
1992.24 85.1513 0
1984.47 170.303 0
1976.71 255.454 0
1968.95 340.605 0
1961.19 425.756 0
1953.42 510.908 0
1945.66 596.059 0
1937.9 681.21 0
1930.13 766.361 0
1922.37 851.513 0
1914.61 936.664 0
1906.85 1021.82 0
1899.08 1106.97 0
1891.32 1192.12 0
1883.56 1277.27 0
1875.79 1362.42 0
1868.03 1447.57 0
1860.27 1532.72 0
1852.51 1617.87 0
1844.74 1703.03 0
1836.98 1788.18 0
1829.22 1873.33 0
1821.45 1958.48 0
1813.69 2043.63 0
1805.93 2128.78 0
1798.17 2213.93 0
1790.4 2299.08 0
1782.64 2384.24 0
1774.88 2469.39 0
1767.11 2554.54 0
p
6
30
2200 0 0
2196.36 73.3377 0
2192.72 146.675 0
2188.27 219.978 0
2182.92 293.228 0
2177.05 366.444 0
2170.51 439.614 0
2163.33 512.739 0
2155.54 585.817 0
2147.16 658.848 0
2138.24 731.833 0
2128.78 804.771 0
2118.83 877.665 0
2108.41 950.513 0
2097.54 1023.32 0
2086.24 1096.08 0
2074.55 1168.8 0
2062.49 1241.48 0
2050.07 1314.12 0
2037.32 1386.73 0
2024.26 1459.3 0
2010.91 1531.84 0
1997.3 1604.35 0
1983.45 1676.82 0
1969.36 1749.27 0
1955.07 1821.7 0
1940.59 1894.1 0
1925.95 1966.48 0
1911.16 2038.84 0
1896.23 2111.19 0
1881.21 2183.52 0
p
7
30
2400 0 0
2388.99 83.3486 0
2377.97 166.697 0
2366.33 249.954 0
2353.72 333.071 0
2340.59 416.117 0
2326.75 499.059 0
2312.21 581.894 0
2296.97 664.621 0
2281.05 747.24 0
2264.47 829.748 0
2247.23 912.148 0
2229.37 994.439 0
2210.9 1076.62 0
2191.83 1158.7 0
2172.2 1240.67 0
2152.03 1322.54 0
2131.34 1404.32 0
2110.16 1486 0
2088.53 1567.59 0
2066.46 1649.09 0
2044 1730.51 0
2021.17 1811.86 0
1998 1893.14 0
1974.54 1974.36 0
1950.82 2055.52 0
1926.9 2136.65 0
1902.95 2217.77 0
1879 2298.89 0
1855.05 2380.02 0
1831.1 2461.14 0
p
8
30
2600 0 0
2595.11 73.4988 0
2590.22 146.998 0
2585.33 220.496 0
2580.44 293.995 0
2575.56 367.494 0
2570.67 440.993 0
2565.78 514.492 0
2560.89 587.991 0
2556 661.489 0
2551.11 734.988 0
2546.22 808.487 0
2541.33 881.986 0
2536.44 955.485 0
2531.55 1028.98 0
2526.67 1102.48 0
2521.78 1175.98 0
2516.89 1249.48 0
2512 1322.98 0
2507.11 1396.48 0
2502.22 1469.98 0
2497.33 1543.48 0
2492.44 1616.97 0
2487.55 1690.47 0
2482.66 1763.97 0
2477.78 1837.47 0
2472.89 1910.97 0
2468 1984.47 0
2463.11 2057.97 0
2458.22 2131.47 0
2453.33 2204.96 0
p
9
30
2800 0 0
2806.62 83.2333 0
2813.23 166.467 0
2819.09 249.756 0
2823.82 333.121 0
2826.73 416.581 0
2827.15 500.115 0
2824.23 583.643 0
2819.85 667.148 0
2814.2 750.617 0
2808.08 834.078 0
2802.41 917.575 0
2798.14 1001.14 0
2796.28 1084.77 0
2797.81 1168.36 0
2803.65 1251.73 0
2814.63 1334.56 0
2831.41 1416.42 0
2854.44 1496.79 0
2883.49 1575.27 0
2918.46 1651.42 0
2958.94 1724.96 0
3004.34 1795.75 0
3053.94 1863.88 0
3106.9 1929.62 0
3162.31 1993.46 0
3219.21 2056.11 0
3276.57 2118.38 0
3333.31 2181.21 0
3388.87 2245.06 0
3444.52 2308.91 0
p
10
30
3000 0 0
2994.22 77.3906 0
2988.44 154.781 0
2982.24 232.133 0
2975.36 309.424 0
2967.34 386.601 0
2957.37 463.554 0
2944.95 540.156 0
2933.2 616.9 0
2922.63 693.831 0
2914.44 771.054 0
2909.66 848.565 0
2909.12 926.229 0
2913.42 1003.8 0
2922.85 1080.97 0
2937.42 1157.4 0
2956.88 1232.83 0
2980.72 1307.09 0
3008.2 1380.16 0
3037.34 1452.64 0
3066.92 1524.97 0
3096.21 1597.49 -12.6549
3126.97 1669.47 -12.6549
3159.43 1740.76 -12.6549
3193.22 1811.48 -12.6549
3228.01 1881.75 -12.6549
3263.43 1951.74 -12.6549
3299.23 2021.56 0
3335.97 2091.03 0
3374.86 2159.4 0
3416.41 2226.25 0
p
11
30
3200 0 0
3211.71 74.6504 0
3223.42 149.301 0
3234.77 224.006 0
3245.54 298.799 0
3255.33 373.732 0
3263.59 448.863 0
3269.74 524.223 0
3273.72 599.737 0
3274.7 675.382 0
3271.84 751.035 0
3264.37 826.463 0
3252 901.372 0
3234.97 975.519 0
3213.93 1048.79 0
3189.98 1121.3 0
3166.13 1193.89 0
3144.3 1267.08 0
3126.83 1341.3 0
3115.95 1416.59 0
3113.58 1492.44 0
3120.75 1567.83 12.6549
3136.54 1641.8 12.6549
3160.22 1713.62 12.6549
3191.35 1782.6 12.6549
3228.61 1848.62 12.6549
3270.27 1912.1 12.6549
3314.25 1974.15 12.6549
3357.62 2036.72 -10.2499
3397.16 2101.82 -10.2499
3434.93 2168.26 -10.2499
p
12
30
3400 0 0
3390.92 69.229 0
3381.84 138.458 0
3373.79 207.846 0
3366.91 277.391 0
3361.58 347.118 0
3358.22 417.036 0
3357.9 487.164 0
3358.31 557.289 0
3359.67 627.452 0
3361.8 697.65 0
3364.79 767.904 0
3368.53 838.24 0
3372.62 908.68 0
3376.84 979.251 0
3381.44 1049.96 0
3384.77 1120.75 0
3387.42 1191.6 0
3389.46 1262.47 0
3390.99 1333.33 0
3392.12 1404.23 0
3392.96 1475.23 0
3393.87 1546.42 0
3395.69 1617.87 0
3396.6 1689.55 0
3397.43 1761.42 0
3398.51 1833.36 0
3400.57 1905.21 0
3404.98 1976.75 0
3413.98 2047.55 10.2499
3428.83 2116.95 10.2499
p
13
30
3600 0 0
3601.13 76.7372 0
3602.25 153.474 0
3604.63 230.181 0
3608.78 306.82 0
3615.61 383.29 0
3625.92 459.412 0
3640.09 534.962 0
3655.36 610.357 0
3670.86 685.725 0
3684.96 761.338 0
3696.22 837.364 0
3703.6 913.791 0
3706.45 990.457 0
3704.47 1067.11 0
3697.68 1143.48 0
3686.11 1219.33 0
3670.23 1294.45 0
3650.69 1368.79 0
3628.27 1442.4 0
3603.94 1515.46 0
3578.69 1588.24 0
3553.6 1661.06 0
3529.71 1734.23 0
3508.03 1808.01 0
3489.47 1882.54 0
3474.79 1957.84 0
3464.56 2033.81 0
3458.47 2110.16 10.2499
3453.78 2186.71 10.2499
3448.81 2263.3 10.2499
p
14
30
3800 0 0
3800.7 80.9535 0
3801.39 161.907 0
3802.09 242.86 0
3802.79 323.814 0
3803.48 404.767 0
3804.18 485.721 0
3804.88 566.674 0
3805.57 647.628 0
3806.27 728.581 0
3806.97 809.535 0
3807.66 890.488 0
3808.36 971.442 0
3809.06 1052.4 0
3809.75 1133.35 0
3810.45 1214.3 0
3811.15 1295.26 0
3811.84 1376.21 0
3812.54 1457.16 0
3813.24 1538.12 0
3813.93 1619.07 0
3814.63 1700.02 0
3815.33 1780.98 0
3816.02 1861.93 0
3816.72 1942.88 0
3817.42 2023.84 0
3818.11 2104.79 0
3818.81 2185.74 0
3819.51 2266.7 0
3820.2 2347.65 0
3820.9 2428.6 0
p
15
30
4000 0 0
3996.05 70.2684 0
3992.1 140.537 0
3988.16 210.805 0
3984.21 281.074 0
3980.26 351.342 0
3976.31 421.611 0
3972.36 491.879 0
3968.41 562.148 0
3964.47 632.416 0
3960.52 702.684 0
3956.57 772.953 0
3952.62 843.221 0
3948.67 913.49 0
3944.73 983.758 0
3940.78 1054.03 0
3936.83 1124.3 0
3932.88 1194.56 0
3928.93 1264.83 0
3924.98 1335.1 0
3921.04 1405.37 0
3917.09 1475.64 0
3913.14 1545.91 0
3909.19 1616.17 0
3905.24 1686.44 0
3901.3 1756.71 0
3897.35 1826.98 0
3893.4 1897.25 0
3889.45 1967.52 0
3885.5 2037.78 0
3881.55 2108.05 0
p
16
30
4200 0 0
4200.77 78.9859 0
4201.54 157.972 0
4202.67 236.905 0
4203.22 315.844 0
4203.66 394.797 0
4203.82 473.754 0
4203.67 552.713 0
4203.2 631.673 0
4202.39 710.633 0
4201.27 789.594 0
4199.82 868.552 0
4198.09 947.509 0
4196.08 1026.46 0
4193.83 1105.41 0
4191.38 1184.36 0
4188.75 1263.31 0
4186 1342.26 0
4183.15 1421.2 0
4180.25 1500.14 0
4177.35 1579.08 0
4174.47 1658.02 0
4171.65 1736.97 0
4168.93 1815.91 0
4166.33 1894.85 0
4163.87 1973.8 0
4161.39 2052.7 -13.1915
4157.72 2131.59 -13.1915
4151.56 2210.43 -13.1915
4144.84 2289.3 -13.1915
4138.16 2368.19 -13.1915
p
17
30
4400 0 0
4406.29 77.808 0
4412.58 155.616 0
4413.55 233.941 0
4409.72 312.343 0
4403.46 390.63 0
4394.61 468.754 0
4383.9 546.685 0
4372.64 624.529 0
4361.14 702.322 0
4349.79 780.116 0
4338.87 857.952 0
4328.5 935.854 0
4318.74 1013.84 0
4309.59 1091.91 0
4301 1170.08 0
4292.89 1248.35 0
4285.13 1326.69 0
4277.6 1405.12 0
4270.1 1483.6 0
4262.42 1562.11 0
4254.29 1640.61 0
4245.35 1719.06 0
4235.15 1797.39 0
4223.14 1875.47 0
4208.61 1953.17 0
4191.21 2030.36 13.1915
4171.93 2107.22 13.1915
4150.37 2183.53 13.1915
4126.83 2259.32 13.1915
4102.62 2334.94 13.1915
p
18
30
4600 0 0
4599.44 92.339 0
4598.87 184.678 0
4600.18 277.01 0
4602.34 369.327 0
4603.89 461.671 0
4604.12 554.041 0
4601.92 646.405 0
4597.83 738.731 0
4591.26 830.953 0
4582.07 922.998 0
4570.15 1014.79 0
4555.45 1106.26 0
4537.96 1197.32 0
4517.74 1287.92 0
4494.88 1378.02 0
4469.53 1467.57 0
4441.87 1556.58 0
4412.13 1645.04 0
4380.56 1733 0
4347.45 1820.52 0
4313.11 1907.66 0
4277.88 1994.54 0
4242.12 2081.26 0
4206.21 2167.95 13.1915
4170.32 2254.68 13.1915
4134.07 2341.31 13.1915
4097.63 2427.88 13.1915
4061.17 2514.44 0
4024.71 2601.01 0
3988.25 2687.58 0
p
19
30
4800 0 0
4815.76 77.3815 0
4831.52 154.763 0
4847.09 232.158 0
4862.59 309.55 0
4878.18 386.904 0
4894.18 464.152 0
4911.04 541.197 0
4929.08 617.958 0
4948.23 694.442 0
4969.51 770.376 0
4993.18 845.592 0
5017.31 920.624 0
5040.33 995.908 0
5059.33 1072.33 0
5071.56 1150.13 -10.1415
5076.46 1228.81 -10.1415
5072.13 1307.73 -10.1415
5058.13 1385.85 -10.1415
5035.39 1462.29 -10.1415
5005.88 1536.8 -10.1415
4971.45 1609.58 0
4933.02 1680.58 0
4893.02 1750.79 0
4854.36 1821.59 0
4820.56 1894.56 0
4793.73 1970.03 0
4774.82 2047.58 0
4763.08 2126.37 0
4755.89 2205.67 -9.43214
4749.79 2285.26 -9.43214
p
20
30
5000 0 0
4993.6 75.86 0
4987.21 151.72 0
4984.72 227.964 0
4986 304.368 0
4991.23 380.753 0
5000.06 456.949 0
5011.75 532.873 0
5025.59 608.515 0
5041.74 683.78 0
5055.82 759.456 0
5071 835.042 0
5081.26 911.527 0
5093.47 988.5 0
5100.41 1066.12 0
5099.25 1144.09 10.1415
5094.34 1221.92 10.1415
5085.78 1299.29 10.1415
5073.12 1375.9 10.1415
5056.8 1451.72 10.1415
5037.66 1526.89 10.1415
5016.17 1601.64 0
4993 1676.22 0
4968.77 1750.99 0
4944.71 1826.3 0
4919.23 1901.3 0
4893.09 1975.96 0
4865.76 2049.85 0
4835.94 2122.34 0
4802.01 2192.68 9.43214
4765.86 2261.45 9.43214
p
21
30
5200 0 0
5195.49 88.1583 0
5190.98 176.317 0
5188.21 264.558 0
5187.8 352.867 0
5190.74 441.181 0
5197.87 529.337 0
5209.48 617.119 0
5225.06 704.39 0
5243.56 791.18 0
5263.22 877.757 0
5282.93 964.304 0
5300.5 1051.22 0
5314.17 1138.68 0
5322.29 1226.72 0
5323.01 1315.05 0
5315.43 1403 0
5298.8 1489.74 0
5272.99 1574.33 0
5238.41 1655.96 0
5195.97 1734.11 0
5147.01 1808.68 0
5093.12 1880.12 0
5036.11 1949.34 0
4977.9 2017.66 0
4920.48 2086.62 0
4865.98 2157.75 0
4815.91 2231.85 0
4768.57 2307.71 0
4721.48 2383.76 0
4674.33 2459.79 0
p
22
30
5400 0 0
5400.41 66.7284 0
5400.82 133.457 0
5401.22 200.185 0
5401.63 266.914 0
5402.04 333.642 0
5402.45 400.37 0
5402.85 467.099 0
5403.26 533.827 0
5403.67 600.556 0
5404.08 667.284 0
5404.48 734.012 0
5404.89 800.741 0
5405.3 867.469 0
5405.71 934.198 0
5406.11 1000.93 0
5406.52 1067.65 0
5406.93 1134.38 0
5407.34 1201.11 0
5407.74 1267.84 0
5408.15 1334.57 0
5408.56 1401.3 0
5408.97 1468.02 0
5409.37 1534.75 0
5409.78 1601.48 0
5410.19 1668.21 0
5410.6 1734.94 0
5411 1801.67 0
5411.41 1868.4 0
5411.82 1935.12 0
5412.23 2001.85 0
p
23
30
5600 0 0
5594.15 90.0952 0
5588.29 180.19 0
5582.44 270.286 0
5576.58 360.381 0
5570.73 450.476 0
5564.87 540.571 0
5559.02 630.667 0
5553.16 720.762 0
5547.31 810.857 0
5541.45 900.952 0
5535.6 991.048 0
5529.74 1081.14 0
5523.89 1171.24 0
5518.03 1261.33 0
5512.18 1351.43 0
5506.32 1441.52 0
5500.47 1531.62 0
5494.61 1621.71 0
5488.76 1711.81 0
5482.9 1801.9 0
5477.05 1892 0
5471.19 1982.1 0
5465.34 2072.19 0
5459.48 2162.29 0
5453.63 2252.38 0
5447.77 2342.48 0
5441.92 2432.57 0
5436.06 2522.67 0
5430.21 2612.76 0
5424.35 2702.86 0
p
24
30
5800 0 0
5796.44 72.6921 0
5792.88 145.384 0
5789.32 218.076 0
5785.76 290.768 0
5782.19 363.461 0
5778.63 436.153 0
5775.07 508.845 0
5771.51 581.537 0
5767.95 654.229 0
5764.39 726.921 0
5760.83 799.613 0
5757.27 872.305 0
5753.71 944.997 0
5750.15 1017.69 0
5746.58 1090.38 0
5743.02 1163.07 0
5739.46 1235.77 0
5735.9 1308.46 0
5732.34 1381.15 0
5728.78 1453.84 0
5725.22 1526.53 0
5721.66 1599.23 0
5718.1 1671.92 0
5714.54 1744.61 0
5710.97 1817.3 0
5707.41 1889.99 0
5703.85 1962.69 0
5700.29 2035.38 0
5696.73 2108.07 0
5693.17 2180.76 0
p
25
30
6000 0 0
6006.54 83.8016 0
6013.08 167.603 0
6019.62 251.405 0
6026.16 335.206 0
6032.7 419.008 0
6039.24 502.81 0
6045.78 586.611 0
6052.32 670.413 0
6058.86 754.214 0
6065.4 838.016 0
6071.94 921.818 0
6078.48 1005.62 0
6085.02 1089.42 0
6091.56 1173.22 0
6098.1 1257.02 0
6104.64 1340.83 0
6111.18 1424.63 0
6117.72 1508.43 0
6124.26 1592.23 0
6130.8 1676.03 0
6137.34 1759.83 0
6143.88 1843.64 0
6150.42 1927.44 0
6156.96 2011.24 0
6163.5 2095.04 0
6170.04 2178.84 0
6176.58 2262.64 0
6183.12 2346.44 0
6189.66 2430.25 0
6196.2 2514.05 0
p
26
30
6200 0 0
6204.67 70.7438 0
6209.34 141.488 0
6214.01 212.232 0
6218.68 282.975 0
6223.35 353.719 0
6228.02 424.463 0
6232.69 495.207 0
6237.36 565.951 0
6242.03 636.695 0
6246.7 707.438 0
6251.37 778.182 0
6256.04 848.926 0
6260.71 919.67 0
6265.38 990.414 0
6270.05 1061.16 0
6274.72 1131.9 0
6279.39 1202.65 0
6284.06 1273.39 0
6288.73 1344.13 0
6293.4 1414.88 0
6298.07 1485.62 0
6302.74 1556.36 0
6307.41 1627.11 0
6312.08 1697.85 0
6316.75 1768.6 0
6321.42 1839.34 0
6326.09 1910.08 0
6330.76 1980.83 0
6335.43 2051.57 0
6340.1 2122.32 0
p
27
30
6400 0 0
6401.17 68.2417 0
6402.34 136.483 0
6403.51 204.725 0
6404.67 272.967 0
6405.84 341.208 0
6407.01 409.45 0
6408.18 477.692 0
6409.35 545.933 0
6410.52 614.175 0
6411.68 682.417 0
6412.85 750.658 0
6414.02 818.9 0
6415.19 887.142 0
6416.36 955.383 0
6417.53 1023.62 0
6418.69 1091.87 0
6419.86 1160.11 0
6421.03 1228.35 0
6422.2 1296.59 0
6423.37 1364.83 0
6424.54 1433.07 0
6425.7 1501.32 0
6426.87 1569.56 0
6428.04 1637.8 0
6429.21 1706.04 0
6430.38 1774.28 0
6431.55 1842.52 0
6432.71 1910.77 0
6433.88 1979.01 0
6435.05 2047.25 0
p
28
30
6600 0 0
6607.23 70.2023 0
6614.46 140.405 0
6621.7 210.607 0
6628.93 280.809 0
6636.16 351.012 0
6643.39 421.214 0
6650.62 491.416 0
6657.86 561.619 0
6665.09 631.821 0
6672.32 702.023 0
6679.55 772.226 0
6686.78 842.428 0
6694.02 912.631 0
6701.25 982.833 0
6708.48 1053.04 0
6715.71 1123.24 0
6722.95 1193.44 0
6730.18 1263.64 0
6737.41 1333.84 0
6744.64 1404.05 0
6751.87 1474.25 0
6759.11 1544.45 0
6766.34 1614.65 0
6773.57 1684.86 0
6780.8 1755.06 0
6788.03 1825.26 0
6795.27 1895.46 0
6802.5 1965.67 0
6809.73 2035.87 0
6816.96 2106.07 0
p
29
30
6800 0 0
6802.91 61.3891 0
6805.82 122.778 0
6808.73 184.167 0
6811.64 245.556 0
6814.55 306.945 0
6817.46 368.334 0
6820.37 429.724 0
6823.28 491.113 0
6826.18 552.502 0
6829.09 613.891 0
6832 675.28 0
6834.91 736.669 0
6837.82 798.058 0
6840.73 859.447 0
6843.64 920.836 0
6846.55 982.225 0
6849.46 1043.61 0
6852.37 1105 0
6855.28 1166.39 0
6858.19 1227.78 0
6861.1 1289.17 0
6864.01 1350.56 0
6866.92 1411.95 0
6869.83 1473.34 0
6872.74 1534.73 0
6875.65 1596.12 0
6878.55 1657.51 0
6881.46 1718.89 0
6884.37 1780.28 0
6887.28 1841.67 0
p
30
30
7000 0 0
7000.93 54.0364 0
7001.86 108.073 0
7002.79 162.109 0
7003.72 216.146 0
7004.65 270.182 0
7005.58 324.218 0
7006.51 378.255 0
7007.44 432.291 0
7008.37 486.327 0
7009.3 540.364 0
7010.23 594.4 0
7011.16 648.437 0
7012.09 702.473 0
7013.02 756.509 0
7013.95 810.546 0
7014.88 864.582 0
7015.81 918.619 0
7016.74 972.655 0
7017.67 1026.69 0
7018.6 1080.73 0
7019.53 1134.76 0
7020.46 1188.8 0
7021.39 1242.84 0
7022.32 1296.87 0
7023.25 1350.91 0
7024.18 1404.95 0
7025.11 1458.98 0
7026.04 1513.02 0
7026.97 1567.06 0
7027.9 1621.09 0
p
31
30
7200 0 0
7201.71 71 0
7203.42 142 0
7205.13 213 0
7206.84 284 0
7208.56 355 0
7210.27 426 0
7211.98 497 0
7213.69 568 0
7215.4 639 0
7217.11 710 0
7218.82 781 0
7220.53 852 0
7222.24 923 0
7223.95 994 0
7225.67 1065 0
7227.38 1136 0
7229.09 1207 0
7230.8 1278 0
7232.51 1349 0
7234.22 1420 0
7235.93 1491 0
7237.64 1562 0
7239.35 1633 0
7241.06 1704 0
7242.78 1775 0
7244.49 1846 0
7246.2 1917 0
7247.91 1988 0
7249.62 2059 0
7251.33 2130 0
p
32
30
7400 0 0
7403.01 64.2838 0
7406.02 128.568 0
7408.85 192.862 0
7411.44 257.166 0
7413.73 321.483 0
7415.64 385.815 0
7417.1 450.16 0
7418.09 514.516 0
7418.56 578.881 0
7418.46 643.25 0
7417.95 707.619 0
7417.02 771.987 0
7415.72 836.351 0
7414.1 900.711 0
7412.2 965.066 0
7410.07 1029.42 0
7407.76 1093.76 0
7405.31 1158.1 0
7402.76 1222.44 0
7400.15 1286.78 0
7397.54 1351.12 0
7394.96 1415.46 0
7392.46 1479.8 0
7390.08 1544.14 0
7387.87 1608.49 0
7385.87 1672.85 0
7384.13 1737.21 0
7382.69 1801.58 0
7381.61 1865.95 0
7380.85 1930.32 0
p
33
30
7600 0 0
7595.38 65.7035 0
7590.75 131.407 0
7586.07 197.106 0
7581.32 262.799 0
7576.48 328.486 0
7571.51 394.163 0
7566.4 459.828 0
7561.2 525.487 0
7555.88 591.137 0
7550.47 656.779 0
7544.94 722.412 0
7539.3 788.036 0
7533.52 853.648 0
7527.6 919.249 0
7521.53 984.837 0
7515.31 1050.41 0
7508.93 1115.97 0
7502.37 1181.51 0
7495.63 1247.04 0
7488.7 1312.55 0
7481.58 1378.03 0
7474.26 1443.5 0
7466.72 1508.94 0
7458.97 1574.36 0
7450.99 1639.76 0
7442.78 1705.12 0
7434.33 1770.46 0
7425.64 1835.77 0
7416.71 1901.05 0
7407.64 1966.31 0
p
34
30
7800 0 0
7791.15 75.978 0
7782.3 151.956 0
7774.1 228.008 0
7766.45 304.113 0
7761.54 380.478 0
7759.81 457.005 0
7761.61 533.53 0
7771.18 609.778 0
7785.5 685.506 0
7805.17 760.368 0
7829.54 834.213 0
7857.79 907.036 0
7888.91 978.995 0
7921.8 1050.38 0
7955.26 1121.58 0
7988.07 1193.01 0
8019.02 1265.07 0
8046.94 1338.04 0
8070.71 1412.1 0
8089.39 1487.21 0
8102.18 1563.18 0
8108.54 1639.66 0
8108.18 1716.21 -5.59986
8102.25 1792.51 -5.59986
8095.45 1868.73 0
8088.72 1944.95 0
8081.98 2021.17 0
8075.25 2097.4 0
8068.51 2173.62 0
8061.78 2249.84 0
p
35
30
8000 0 0
8013.6 92.2172 0
8027.2 184.434 0
8034.42 277.537 0
8034.02 371.167 0
8031.49 464.646 0
8034.4 557.744 0
8054.37 648.436 0
8100.07 730.465 0
8162.53 802.516 0
8235.93 865.696 0
8311.61 926.858 0
8380.89 994.063 0
8436.69 1071.18 -8.69705
8477.6 1156.37 -8.69705
8500.03 1247.94 -8.69705
8498.92 1342.54 -8.69705
8466.44 1432.28 0
8403.43 1506.33 0
8319.69 1559.8 0
8232.7 1607.94 0
8161.97 1675.26 5.59986
8129.21 1764.44 5.59986
8148.95 1856.07 5.59986
8210.73 1927.39 0
8294.95 1973.62 0
8383.28 2013.87 0
8457.75 2075.68 -13.486
8489.78 2167.53 -13.486
8475.1 2265.98 -13.486
8451.48 2363.86 -13.486
p
36
30
8200 0 0
8190.43 69.7848 0
8180.85 139.57 0
8177.45 210.288 0
8182.86 281.602 0
8197.55 352.455 0
8219.94 422.139 0
8250.25 490.272 0
8279.74 557.946 0
8306.17 626.611 0
8331.29 695.665 0
8355.6 764.909 0
8379.95 834.102 0
8405.08 903.015 0
8431.29 971.498 0
8458.11 1039.65 8.69705
8483.85 1108.25 8.69705
8506.13 1177.9 8.69705
8522.67 1249.03 8.69705
8538.62 1322.1 8.69705
8551.36 1396.92 0
8554 1471.7 0
8552.72 1546.22 0
8550.44 1620.48 0
8545.07 1694.46 0
8538.59 1768.8 0
8530.73 1843.73 0
8521.28 1919.12 0
8510.91 1994.56 0
8502.97 2069.91 13.486
8501.98 2144.78 13.486
p
37
30
8400 0 0
8403.6 92.0669 0
8407.21 184.134 0
8407.64 276.292 0
8403.64 368.435 0
8406.28 460.705 0
8419.95 552.358 0
8446.45 641.631 0
8483.37 727.474 0
8527.86 810.119 0
8578.39 889.63 0
8632.76 966.806 0
8688.93 1042.68 0
8745.02 1118.37 0
8799.24 1195 0
8850.38 1273.22 -13.7611
8897.94 1353.41 -13.7611
8933.75 1439.04 -13.7611
8951.82 1529.72 -13.7611
8954.27 1622.06 -13.7611
8953.02 1714.23 -13.7611
8943.49 1806.16 -13.7611
8918.2 1895.72 -13.7611
8872.32 1977.64 -13.7611
8806.76 2046.17 -13.7611
8730.83 2104.39 -13.7611
8649.21 2154.62 0
8570.72 2208.36 0
8501.54 2272.59 13.486
8430.91 2335.82 13.486
8359.57 2398.49 13.486
p
38
30
8600 0 0
8605.16 74.8216 0
8610.32 149.643 0
8617 224.387 0
8625.63 298.999 0
8637.53 373.197 0
8653.93 446.649 0
8672.34 519.894 0
8692.48 592.777 0
8714.03 665.452 0
8736.39 738.102 0
8759.35 810.791 0
8782.81 883.539 0
8806.19 956.504 0
8828.84 1029.81 0
8849.93 1103.59 0
8868.4 1177.97 0
8882.89 1253.01 13.7611
8891.81 1328.65 13.7611
8894.28 1404.44 13.7611
8891.9 1480.17 13.7611
8885.72 1555.68 0
8876.23 1630.85 0
8863.95 1705.66 0
8849.46 1780.11 0
8833.38 1854.29 0
8816.39 1928.31 0
8798.97 2002.29 13.7611
8780.93 2076.12 13.7611
8762.27 2149.83 13.7611
8743.35 2223.57 13.7611
p
39
30
8800 0 0
8796.68 88.9139 0
8793.36 177.828 0
8792.72 266.835 0
8798.12 355.886 0
8811.04 444.401 0
8838.31 530.503 0
8891.93 606.72 0
8949.91 680.967 0
9010.29 754.37 0
9065.75 830.816 0
9111.47 911.584 4.8228
9143.25 996.765 4.8228
9157.63 1085.04 4.8228
9153.67 1173.79 4.8228
9133.36 1260.54 0
9098.65 1343.34 0
9056.48 1423.09 0
9016.14 1503.49 0
8984.39 1587 13.7611
8956.76 1672.08 13.7611
8934.08 1759.03 13.7611
8913.16 1846.72 13.7611
8889.68 1933.83 13.7611
8860.55 2019.4 13.7611
8826.21 2103.16 13.7611
8789.64 2185.94 -13.7611
8752.75 2268.67 -13.7611
8715.88 2351.41 0
8679.01 2434.15 0
8642.13 2516.89 0
p
40
30
9000 0 0
9003.5 75.9414 0
9007 151.883 0
9012.24 227.737 0
9020.13 303.362 0
9029.79 378.873 0
9041.73 454.151 0
9055.83 529.148 0
9071.12 603.925 0
9087.3 678.54 0
9103.82 753.082 0
9120.16 827.639 0
9135.92 902.311 -27.4067
9151.15 977.1 -27.4067
9165.32 1052.08 -27.4067
9178.12 1127.28 -27.4067
9189.63 1202.64 -27.4067
9200.24 1278.06 -27.4067
9210.16 1353.58 -27.4067
9219.53 1429.16 -27.4067
9228.49 1504.79 -27.4067
9237.2 1580.45 -27.4067
9245.81 1656.12 -27.4067
9254.45 1731.79 -27.4067
9263.27 1807.43 0
9272.43 1883.03 0
9282.07 1958.56 0
9292.35 2034.02 0
9303.43 2109.37 0
9315.31 2184.63 0
9327.44 2259.75 0
p
41
30
9200 0 0
9196.05 74.1974 0
9192.1 148.395 0
9188.12 222.58 0
9184.32 296.768 0
9180.24 370.913 0
9176.16 445.019 0
9172.65 519.116 0
9169.94 593.285 0
9168.35 667.492 0
9167.97 741.721 0
9168.97 815.958 0
9171.45 890.177 0
9175.47 964.353 0
9181.03 1038.46 0
9188.09 1112.47 0
9196.57 1186.37 0
9206.36 1260.14 0
9217.28 1333.8 0
9229.16 1407.34 0
9241.78 1480.78 0
9254.89 1554.16 0
9268.24 1627.5 0
9281.57 1700.84 0
9294.6 1774.22 0
9307.06 1847.68 0
9318.75 1921.23 -8.48515
9329.63 1994.88 -8.48515
9339.21 2068.69 -8.48515
9346.51 2142.72 0
9351.84 2216.9 0
p
42
30
9400 0 0
9390.53 67.1372 0
9381.07 134.274 0
9372.16 201.494 0
9363.97 268.813 0
9356.77 336.269 0
9350.77 403.877 0
9346 471.62 0
9342.09 539.41 0
9339.04 607.26 0
9336.74 675.154 0
9335.1 743.081 0
9334.02 811.033 0
9333.43 879.003 0
9333.27 946.987 0
9333.47 1014.98 0
9334 1082.98 0
9334.81 1150.99 0
9335.87 1219.01 0
9337.13 1287.02 0
9338.59 1355.04 0
9340.21 1423.06 0
9341.98 1491.08 0
9343.87 1559.1 0
9345.87 1627.12 0
9347.97 1695.14 0
9350.14 1763.16 0
9352.37 1831.18 0
9354.63 1899.2 0
9356.82 1967.23 8.48515
9358.63 2035.25 8.48515
p
43
30
9600 0 0
9604.28 76.8058 0
9608.55 153.612 0
9615.3 230.279 0
9622.41 306.922 0
9630.21 383.535 0
9638.28 460.161 0
9646.07 536.856 0
9652.92 613.682 0
9658.01 690.685 0
9660.41 767.863 0
9659.15 845.12 0
9653.47 922.245 0
9644.88 999.19 0
9633.54 1075.84 0
9620.21 1152.22 0
9605.7 1228.38 0
9590.89 1304.44 0
9576.65 1380.53 0
9563.81 1456.76 0
9553.15 1533.19 0
9545.33 1609.84 -12.1743
9541.3 1686.87 -12.1743
9543.33 1764.1 -12.1743
9552.1 1840.9 -12.1743
9565.47 1917.01 -12.1743
9579.63 1992.69 0
9593.79 2068.37 0
9607.96 2144.05 0
9622.12 2219.74 0
9636.29 2295.42 0
p
44
30
9800 0 0
9813.45 86.0676 0
9826.91 172.135 0
9844.4 257.466 0
9862.38 342.769 0
9881.38 427.93 0
9900.72 513.088 0
9919.61 598.415 0
9937.12 684.105 0
9952.03 770.355 -8.34023
9962.29 857.285 -8.34023
9966.21 944.761 -8.34023
9962.63 1032.36 -8.34023
9950.97 1119.41 -8.34023
9929 1204.63 0
9895.54 1286.35 0
9849.94 1362.5 0
9792.39 1430.93 0
9725.15 1491 0
9654.29 1547.25 0
9595.11 1614.79 12.1743
9559.23 1695.65 12.1743
9554.67 1782.76 12.1743
9586.02 1863.83 12.1743
9645.79 1928 0
9724.42 1969.98 0
9808.45 2002.29 0
9885.94 2048 0
9943.2 2116.98 -14.3097
9995.32 2191.09 -14.3097
10047 2265.85 -14.3097
p
45
30
10000 0 0
9992.19 69.1163 0
9984.39 138.233 0
9981.59 207.993 0
9979.45 277.795 0
9978.87 347.773 0
9979.45 417.875 0
9980.76 488.054 0
9982.43 558.265 0
9984.08 628.466 0
9985.44 698.62 0
9986.5 768.722 8.34023
9987.96 838.817 8.34023
9988.93 908.895 8.34023
9989.45 978.969 8.34023
9989.29 1049.04 8.34023
9988.31 1119.1 0
9986.64 1189.21 0
9985.38 1259.58 0
9986.23 1330.46 0
9984.6 1401.24 0
9981.54 1472.07 0
9977.43 1542.98 0
9973.08 1614.12 0
9966.53 1685.44 0
9959.26 1757.18 0
9952.25 1829.39 0
9947.25 1902.07 0
9947.17 1974.97 0
9956.69 2047.1 0
9978.31 2116.31 0
p
46
30
10200 0 0
10200.7 75.9491 0
10201.5 151.898 0
10205.4 227.803 0
10210.2 303.68 0
10216.6 379.497 0
10224.7 455.227 0
10234.3 530.844 0
10245.2 606.327 0
10257.3 681.674 0
10270.2 756.908 0
10283.2 832.098 0
10295.6 907.36 0
10305.5 982.96 0
10311.5 1058.9 0
10312.4 1135.02 0
10306.9 1210.91 0
10294.5 1285.97 0
10275.6 1359.68 0
10251.8 1431.98 0
10223.7 1502.87 0
10192.9 1572.67 0
10160.8 1641.92 0
10128.9 1711.22 0
10098.6 1781.17 0
10071.1 1852.2 0
10047.6 1924.53 0
10029 1998.15 0
10015.7 2072.84 0
10007.2 2148.27 14.3097
10000.3 2223.97 14.3097
p
47
30
10400 0 0
10398 76.8817 0
10395.9 153.763 0
10393.9 230.645 0
10391.8 307.527 0
10389.8 384.408 0
10387.7 461.29 0
10385.7 538.172 0
10383.7 615.053 0
10381.6 691.935 0
10379.6 768.817 0
10377.5 845.698 0
10375.5 922.58 0
10373.5 999.462 0
10371.4 1076.34 0
10369.4 1153.23 0
10367.3 1230.11 0
10365.3 1306.99 0
10363.2 1383.87 0
10361.2 1460.75 0
10359.2 1537.63 0
10357.1 1614.52 0
10355.1 1691.4 0
10353 1768.28 0
10351 1845.16 0
10349 1922.04 0
10346.9 1998.92 0
10344.9 2075.81 0
10342.8 2152.69 0
10340.8 2229.57 0
10338.7 2306.45 0
p
48
30
10600 0 0
10607.5 79.5622 0
10615.1 159.124 0
10621.9 238.752 0
10627.6 318.468 0
10631.6 398.296 0
10634.2 478.199 0
10635.1 558.157 0
10634.3 638.133 0
10631.8 718.089 0
10627.8 797.994 0
10622.8 877.838 0
10618.7 957.724 0
10616.6 1037.67 0
10618.1 1117.59 0
10624.5 1197.26 0
10637.3 1276.17 0
10657.3 1353.6 0
10684.8 1428.81 0
10719.5 1501.18 0
10760.9 1570.14 0
10808.2 1635.45 0
10860.4 1697.18 0
10916.5 1755.78 0
10975.1 1812.06 0
11035 1867.13 0
11095 1922.32 0
11153.5 1979.05 0
11209.8 2037.9 13.9247
11265.9 2097.14 13.9247
11321.6 2156.8 13.9247
p
49
30
10800 0 0
10794.6 70.0578 0
10789.2 140.116 0
10784.2 210.205 0
10779.6 280.321 0
10775.4 350.464 0
10772.8 420.71 0
10772 491.027 0
10773.5 561.371 0
10777.8 631.658 0
10785.1 701.762 0
10795.8 771.525 0
10808.7 840.953 0
10823.7 910.005 0
10840.4 978.686 0
10858.7 1047.02 0
10878.2 1115.03 0
10898.9 1182.72 0
10920.8 1250.08 0
10942.9 1317.44 0
10965.2 1384.8 0
10987.8 1452.16 0
11010.8 1519.51 0
11034.2 1586.76 0
11058.5 1653.79 0
11084.1 1720.41 0
11111.5 1786.37 0
11141.3 1851.35 0
11174.1 1914.94 13.9247
11210.1 1976.95 13.9247
11247.9 2037.89 13.9247
p
50
30
11000 0 0
11006.5 68.2191 0
11013.1 136.438 0
11019.5 204.663 0
11025.8 272.898 0
11032 341.15 0
11038.1 409.407 0
11044.1 477.671 0
11050.1 545.934 0
11056.1 614.188 0
11062.4 682.421 0
11069.1 750.619 0
11075.9 818.802 0
11082.9 886.964 0
11090.1 955.109 0
11097.5 1023.24 0
11105 1091.36 0
11112.5 1159.48 0
11119.8 1227.62 0
11126.9 1295.8 0
11133.6 1364.01 0
11140.1 1432.27 0
11146.7 1500.53 0
11153.6 1568.76 0
11161.4 1636.91 0
11170.3 1704.93 0
11180.7 1772.73 0
11193.1 1840.21 0
11207.7 1907.24 -13.9247
11224.9 1973.66 -13.9247
11245 2039.29 -13.9247
p
51
30
11200 0 0
11190.9 67.1283 0
11181.7 134.257 0
11173.4 201.505 0
11166 268.876 0
11159.9 336.394 0
11154.5 403.977 0
11150 471.632 0
11146.3 539.343 0
11143.3 607.096 0
11141 674.88 0
11139.5 742.684 0
11138.7 810.502 0
11138.6 878.326 0
11139.2 946.152 0
11140.6 1013.97 0
11142.9 1081.79 0
11146.1 1149.57 0
11151 1217.29 0
11157.7 1284.87 0
11166.4 1352.25 0
11177 1419.36 0
11188.6 1486.34 0
11200.8 1553.22 0
11213.2 1620.06 0
11225.6 1686.93 0
11237.4 1753.89 0
11248.2 1820.99 0
11257.7 1888.28 0
11265.4 1955.78 0
11271.4 2023.44 0
p
52
30
11400 0 0
11397.6 61.4906 0
11395.1 122.981 0
11392.7 184.472 0
11390.3 245.962 0
11387.8 307.453 0
11385.4 368.944 0
11382.9 430.434 0
11380.5 491.925 0
11378.1 553.416 0
11375.6 614.906 0
11373.2 676.397 0
11370.8 737.887 0
11368.3 799.378 0
11365.9 860.869 0
11363.5 922.359 0
11361 983.85 0
11358.6 1045.34 0
11356.1 1106.83 0
11353.7 1168.32 0
11351.3 1229.81 0
11348.8 1291.3 0
11346.4 1352.79 0
11344 1414.28 0
11341.5 1475.77 0
11339.1 1537.27 0
11336.7 1598.76 0
11334.2 1660.25 0
11331.8 1721.74 0
11329.4 1783.23 0
11326.9 1844.72 0
p
53
30
11600 0 0
11607.2 77.4998 0
11614.5 155 0
11622.7 232.405 0
11632.1 309.682 0
11643.1 386.768 0
11653.9 463.895 0
11664.4 541.088 0
11674 618.43 0
11682 695.97 0
11687.9 773.723 0
11691.4 851.657 0
11691.9 929.697 0
11689 1007.72 0
11683.4 1085.63 0
11674.9 1163.32 0
11663.6 1240.69 0
11649.5 1317.66 0
11632.8 1394.16 0
11613.6 1470.13 0
11592 1545.51 0
11568 1620.25 0
11541.8 1694.31 0
11513.4 1767.66 0
11483 1840.28 0
11450.6 1912.14 0
11416.4 1983.25 0
11380.5 2053.59 0
11342.9 2123.17 -13.9247
11303.8 2192.02 -13.9247
11263.5 2260.29 -13.9247
p
54
30
11800 0 0
11797.8 85.3776 0
11795.5 170.755 0
11795 256.171 0
11796.5 341.597 0
11801.3 426.95 0
11807.5 512.255 0
11815.1 597.501 0
11823.2 682.727 0
11831.1 767.997 0
11837.7 853.371 0
11842 938.871 0
11843.1 1024.45 0
11840 1109.96 0
11832.7 1195.2 0
11820.6 1279.9 0
11803.5 1363.79 0
11781.5 1446.57 0
11754.5 1527.98 0
11722.7 1607.78 0
11686.4 1685.83 0
11646.1 1762.04 0
11602.2 1836.43 0
11555.2 1909.13 0
11505.8 1980.36 0
11454.5 2050.41 0
11402 2119.69 0
11349.1 2188.62 0
11296.1 2257.56 13.9247
11243.1 2326.5 13.9247
11190.1 2395.43 0
p
55
30
12000 0 0
11992.6 80.0279 0
11985.1 160.056 0
11977.7 240.084 0
11970.3 320.112 0
11962.8 400.14 0
11955.4 480.167 0
11948 560.195 0
11940.5 640.223 0
11933.1 720.251 0
11925.7 800.279 0
11918.2 880.307 0
11910.8 960.335 0
11903.3 1040.36 0
11895.9 1120.39 0
11888.5 1200.42 0
11881 1280.45 0
11873.6 1360.47 0
11866.2 1440.5 0
11858.7 1520.53 0
11851.3 1600.56 0
11843.9 1680.59 0
11836.4 1760.61 0
11829 1840.64 0
11821.6 1920.67 0
11814.1 2000.7 0
11806.7 2080.73 0
11799.3 2160.75 0
11791.8 2240.78 0
11784.4 2320.81 0
11777 2400.84 0
p
56
30
12200 0 0
12212.7 76.4401 0
12225.3 152.88 0
12237.6 229.382 0
12249.6 305.911 0
12261.9 382.41 0
12274.4 458.867 0
12287.3 535.239 0
12301 611.481 0
12314.4 687.698 0
12328.4 763.853 0
12342.9 839.931 0
12357.9 915.915 0
12373.3 991.82 0
12389.2 1067.63 0
12405.5 1143.36 0
12422.4 1218.98 0
12439.9 1294.48 0
12458 1369.85 0
12477.2 1444.96 0
12497.7 1519.74 0
12519.7 1594.09 0
12543.5 1667.93 0
12569.2 1741.17 0
12596.7 1813.76 0
12626 1885.69 0
12656.9 1956.99 0
12688.9 2027.78 0
12721.7 2098.23 0
12754.7 2168.51 17.0911
12788 2238.75 17.0911
p
57
30
12400 0 0
12400.1 75.5594 0
12400.2 151.119 0
12400.2 226.676 0
12400.3 302.232 0
12400.7 377.784 0
12401.5 453.328 0
12402.7 528.857 0
12404.6 604.357 0
12407.2 679.855 0
12411.3 755.297 0
12417.1 830.643 0
12424.9 905.827 0
12435 980.776 0
12447.4 1055.4 0
12462.3 1129.61 0
12479.8 1203.32 0
12499.7 1276.45 0
12522 1348.94 0
12546 1420.92 0
12571.5 1492.45 0
12597.8 1563.68 0
12624.5 1634.76 0
12651.1 1705.87 0
12677 1777.19 0
12701.7 1848.89 0
12724.8 1921.1 0
12745.7 1993.95 0
12764.2 2067.45 0
12782.2 2141.13 0
12801.1 2214.59 0
p
58
30
12600 0 0
12602.7 68.2957 0
12605.4 136.591 0
12608.3 204.891 0
12611.6 273.184 0
12615.4 341.449 0
12619.8 409.705 0
12624.9 477.954 0
12631.3 546.177 0
12634.4 614.984 0
12638.3 683.698 0
12641.9 752.532 0
12646.1 821.396 0
12650.7 890.249 0
12656 959.045 0
12661.7 1027.76 0
12668 1096.38 0
12674.7 1164.92 0
12681.8 1233.41 0
12689.2 1301.89 0
12696.8 1370.39 0
12704.7 1438.92 0
12712.8 1507.51 0
12721.1 1576.15 0
12729.5 1644.83 0
12737.8 1713.53 0
12746 1782.25 0
12753.6 1850.99 0
12760.3 1919.77 -26.2014
12765.3 1988.62 -26.2014
12768.4 2057.54 -26.2014
p
59
30
12800 0 0
12793.7 77.4044 0
12787.4 154.809 0
12777.8 231.915 0
12764.1 308.456 0
12745.9 384.093 0
12733 460.756 0
12729 538.338 0
12739.9 615.475 0
12767.2 688.958 0
12803.4 759.396 0
12845.3 827.397 0
12888.3 894.837 0
12928 964.04 0
12960.1 1036.35 0
12981.8 1111.73 0
12992.3 1188.9 -7.74654
12994.3 1266.47 -7.74654
12988.1 1343.7 -7.74654
12973.9 1419.91 -7.74654
12952.8 1494.75 -7.74654
12927.4 1568.48 0
12899.6 1641.53 0
12871.4 1714.51 0
12845.1 1788.14 0
12822.8 1862.99 0
12806.9 1939.33 -26.2014
12798 2016.69 -26.2014
12792 2094.51 -26.2014
12787.7 2172.47 -26.2014
12784.1 2250.58 -26.2014
p
60
30
13000 0 0
13002.4 60.3605 0
13004.8 120.721 0
13007.2 181.094 0
13009.9 241.479 0
13012.9 301.89 0
13015.8 362.283 0
13018.7 422.685 0
13021.4 483.106 0
13023.8 543.557 0
13025.9 604.051 0
13027.8 664.574 0
13029.4 725.137 0
13030.8 785.74 0
13031.8 846.383 0
13032.4 907.063 0
13032.6 967.773 0
13032.1 1028.5 0
13030.8 1089.23 0
13028.5 1149.93 0
13024.9 1210.59 7.74654
13020 1271.15 7.74654
13013.8 1331.6 7.74654
13006.3 1391.9 7.74654
12997.5 1452.02 7.74654
12987.3 1511.9 0
12975.1 1571.43 0
12961 1630.58 0
12945.1 1689.31 0
12927.5 1747.61 0
12908.6 1805.5 0
p
61
30
13200 0 0
13202.6 70.0227 0
13205.3 140.045 0
13209.1 210.012 0
13214.9 279.866 0
13223.6 349.459 0
13233.2 418.989 0
13243.6 488.445 0
13254.3 557.9 0
13264.8 627.421 0
13274.5 697.059 0
13282.4 766.945 0
13287.7 837.06 0
13289.9 907.335 0
13288.4 977.62 0
13282.7 1047.69 0
13272.4 1117.26 0
13257.4 1185.98 0
13238.1 1253.71 0
13214.9 1320.24 0
13188 1385.48 0
13158 1449.43 0
13125.3 1512.16 0
13090.5 1573.83 0
13054.1 1634.67 0
13016.7 1694.93 0
12978.8 1754.95 0
12940.9 1814.88 0
12902.1 1874.44 0
12862.4 1933.45 17.0911
12821.9 1991.96 17.0911
p
62
30
13400 0 0
13390.6 73.1489 0
13381.2 146.298 0
13373.5 219.646 0
13368.3 293.259 0
13367.9 367.156 0
13369.2 441.132 0
13372.5 515.172 0
13377 589.259 0
13381.6 663.409 0
13385.4 737.648 0
13388 811.921 0
13388.8 886.194 0
13387.1 960.38 0
13382.4 1034.35 0
13374.1 1107.91 0
13362 1180.86 0
13345.7 1252.94 0
13325.1 1323.88 0
13300.1 1393.41 0
13270.7 1461.28 0
13237.1 1527.26 0
13199.4 1591.21 0
13158.2 1653.06 0
13113.7 1712.82 0
13066.5 1770.63 0
13017 1826.72 0
12966 1881.46 0
12913.9 1935.29 0
12861.5 1988.71 0
12808.9 2042.06 0
p
63
30
13600 0 0
13595.6 82.0161 0
13591.2 164.032 0
13587 246.056 0
13583.1 328.095 0
13579.7 410.153 0
13577 492.237 0
13574.7 574.34 0
13573 656.461 0
13571.8 738.597 0
13571.2 820.745 0
13571.2 902.902 0
13571.7 985.065 0
13572.8 1067.23 0
13574.5 1149.4 0
13576.6 1231.56 0
13579.3 1313.72 0
13582.5 1395.88 0
13586.1 1478.02 0
13590.3 1560.16 0
13594.9 1642.28 0
13599.9 1724.39 0
13605.2 1806.49 0
13611 1888.57 0
13617.1 1970.64 0
13623.6 2052.7 0
13630.3 2134.74 0
13637.3 2216.77 0
13644.5 2298.78 0
13651.7 2380.8 0
13658.9 2462.83 0
p
64
30
13800 0 0
13789.4 76.7369 0
13778.9 153.474 0
13768.7 230.269 0
13759 307.129 0
13750 384.073 0
13741.8 461.113 0
13734.2 538.218 0
13727.2 615.39 0
13720.8 692.622 0
13715 769.909 0
13709.8 847.243 0
13705 924.62 0
13700.8 1002.04 0
13697 1079.48 0
13693.6 1156.96 0
13690.7 1234.47 0
13688.1 1311.99 0
13685.9 1389.54 0
13684 1467.11 0
13682.4 1544.69 0
13681.1 1622.28 0
13680.1 1699.89 0
13679.3 1777.5 0
13678.7 1855.13 0
13678.3 1932.76 0
13678.1 2010.4 0
13678 2088.05 0
13678.1 2165.7 0
13678.4 2243.36 0
13678.6 2321.01 0
p
65
30
14000 0 0
14002 67.5332 0
14003.9 135.066 0
14005.9 202.6 0
14007.9 270.133 0
14009.9 337.666 0
14011.8 405.199 0
14013.8 472.732 0
14015.8 540.266 0
14017.7 607.799 0
14019.7 675.332 0
14021.7 742.865 0
14023.7 810.398 0
14025.6 877.932 0
14027.6 945.465 0
14029.6 1013 0
14031.6 1080.53 0
14033.5 1148.06 0
14035.5 1215.6 0
14037.5 1283.13 0
14039.4 1350.66 0
14041.4 1418.2 0
14043.4 1485.73 0
14045.4 1553.26 0
14047.3 1620.8 0
14049.3 1688.33 0
14051.3 1755.86 0
14053.2 1823.4 0
14055.2 1890.93 0
14057.2 1958.46 0
14059.2 2026 0
p
66
30
14200 0 0
14196.5 74.3069 0
14193 148.614 0
14189.5 222.921 0
14186 297.228 0
14182.6 371.535 0
14179.1 445.841 0
14175.6 520.148 0
14172.1 594.455 0
14168.6 668.762 0
14165.1 743.069 0
14161.6 817.376 0
14158.1 891.683 0
14154.6 965.99 0
14151.2 1040.3 0
14147.7 1114.6 0
14144.2 1188.91 0
14140.7 1263.22 0
14137.2 1337.52 0
14133.7 1411.83 0
14130.2 1486.14 0
14126.7 1560.45 0
14123.2 1634.75 0
14119.8 1709.06 0
14116.3 1783.37 0
14112.8 1857.67 0
14109.3 1931.98 0
14105.8 2006.29 0
14102.3 2080.59 0
14098.8 2154.9 0
14095.3 2229.21 0
p
67
30
14400 0 0
14398 86.9194 0
14395.9 173.839 0
14393.9 260.758 0
14391.8 347.678 0
14389.8 434.597 0
14387.7 521.517 0
14385.7 608.436 0
14383.7 695.355 0
14381.6 782.275 0
14379.6 869.194 0
14377.5 956.114 0
14375.5 1043.03 0
14373.5 1129.95 0
14371.4 1216.87 0
14369.4 1303.79 0
14367.3 1390.71 0
14365.3 1477.63 0
14363.2 1564.55 0
14361.2 1651.47 0
14359.2 1738.39 0
14357.1 1825.31 0
14355.1 1912.23 0
14353 1999.15 0
14351 2086.07 0
14349 2172.99 0
14346.9 2259.91 0
14344.9 2346.82 0
14342.8 2433.74 0
14340.8 2520.66 0
14338.7 2607.58 0
p
68
30
14600 0 0
14599.9 77.0082 0
14599.8 154.016 0
14599.6 231.025 0
14599.5 308.033 0
14599.4 385.041 0
14599.3 462.049 0
14599.1 539.057 0
14599 616.066 0
14598.9 693.074 0
14598.8 770.082 0
14598.7 847.09 0
14598.5 924.098 0
14598.4 1001.11 0
14598.3 1078.11 0
14598.2 1155.12 0
14598.1 1232.13 0
14597.9 1309.14 0
14597.8 1386.15 0
14597.7 1463.16 0
14597.6 1540.16 0
14597.4 1617.17 0
14597.3 1694.18 0
14597.2 1771.19 0
14597.1 1848.2 0
14597 1925.2 0
14596.8 2002.21 0
14596.7 2079.22 0
14596.6 2156.23 0
14596.5 2233.24 0
14596.3 2310.25 0
p
69
30
14800 0 0
14795.2 64.3534 0
14790.4 128.707 0
14785.6 193.06 0
14780.8 257.414 0
14776 321.767 0
14771.2 386.12 0
14766.4 450.474 0
14761.6 514.827 0
14756.8 579.181 0
14752 643.534 0
14747.2 707.887 0
14742.4 772.241 0
14737.5 836.594 0
14732.7 900.948 0
14727.9 965.301 0
14723.1 1029.65 0
14718.3 1094.01 0
14713.5 1158.36 0
14708.7 1222.71 0
14703.9 1287.07 0
14699.1 1351.42 0
14694.3 1415.77 0
14689.5 1480.13 0
14684.7 1544.48 0
14679.9 1608.84 0
14675.1 1673.19 0
14670.3 1737.54 0
14665.5 1801.9 0
14660.7 1866.25 0
14655.9 1930.6 0
p
70
30
15000 0 0
14999.5 76.832 0
14999 153.664 0
14998.5 230.496 0
14998 307.328 0
14997.5 384.16 0
14997 460.992 0
14996.5 537.824 0
14996 614.656 0
14995.5 691.488 0
14995 768.32 0
14994.5 845.152 0
14994 921.984 0
14993.5 998.817 0
14993 1075.65 0
14992.5 1152.48 0
14992 1229.31 0
14991.5 1306.14 0
14991 1382.98 0
14990.5 1459.81 0
14990 1536.64 0
14989.5 1613.47 0
14989 1690.3 0
14988.5 1767.14 0
14988 1843.97 0
14987.5 1920.8 0
14987 1997.63 0
14986.5 2074.47 0
14986 2151.3 0
14985.5 2228.13 0
14985 2304.96 0
p
71
30
15200 0 0
15209.1 66.7251 0
15218.2 133.45 0
15225.8 200.39 0
15231.6 267.536 0
15236.8 334.758 0
15240.9 402.082 0
15244.1 469.484 0
15246.8 536.947 0
15248.9 604.453 0
15250.6 671.989 0
15252.1 739.542 0
15253.6 807.098 0
15255.2 874.647 0
15257 942.176 0
15259.2 1009.67 -13.5801
15262 1077.13 -13.5801
15265.2 1144.56 -13.5801
15269.1 1211.94 -13.5801
15273.6 1279.24 -13.5801
15278.9 1346.46 -13.5801
15284.9 1413.61 -13.5801
15291.2 1480.71 -13.5801
15297.5 1547.77 0
15303.9 1614.84 0
15310.3 1681.9 0
15316.7 1748.97 0
15323.1 1816.03 0
15329.4 1883.09 0
15335.8 1950.16 0
15342.2 2017.22 0
p
72
30
15400 0 0
15402.5 76.2264 0
15405.1 152.453 0
15406.9 228.677 0
15407.4 304.917 0
15405.8 381.172 0
15401.4 457.358 0
15393.9 533.352 0
15382.9 608.987 0
15368.2 684.095 0
15351.7 758.871 0
15334 833.437 0
15316.6 908.06 0
15300.9 983.024 13.5801
15288.3 1058.51 13.5801
15280.1 1134.52 13.5801
15277.7 1210.89 13.5801
15282.2 1287.15 13.5801
15294.6 1362.57 13.5801
15314.2 1436.54 13.5801
15341 1508.38 13.5801
15375.1 1577.27 0
15415.5 1642.93 0
15460.7 1705.62 0
15509.2 1766.06 0
15559.4 1825.34 0
15609.5 1884.81 0
15657.8 1945.93 0
15703.1 2009.39 0
15747.1 2073.83 -13.8103
15790.7 2138.67 -13.8103
p
73
30
15600 0 0
15590 66.4188 0
15579.9 132.838 0
15570 199.27 0
15560.2 265.741 0
15551.4 332.349 0
15543.6 399.109 0
15537.2 466.043 0
15532.5 533.149 0
15529.8 600.407 0
15528.4 667.73 0
15528.3 735.102 0
15529.5 802.495 0
15531.8 869.893 0
15535.1 937.285 0
15539.5 1004.67 0
15544.9 1072.04 0
15551.5 1139.4 0
15559.5 1206.71 0
15567.8 1274.09 0
15576.7 1341.54 0
15586.1 1409.06 0
15596.1 1476.63 0
15606.9 1544.22 0
15618.6 1611.75 0
15631.7 1679.13 0
15646.7 1746.18 0
15664 1812.72 0
15684.3 1878.45 0
15708.2 1942.95 0
15735.6 2006.06 0
p
74
30
15800 0 0
15806.4 72.8268 0
15812.8 145.654 0
15818.6 218.538 0
15823.6 291.482 0
15827.9 364.466 0
15831.5 437.498 0
15834.1 510.575 0
15835.8 583.687 0
15836.5 656.824 0
15836.3 729.981 0
15835.3 803.145 0
15833.6 876.307 0
15831.2 949.463 0
15828.2 1022.61 0
15824.7 1095.74 0
15820.8 1168.86 0
15816.6 1241.96 0
15812.2 1315.06 0
15807.6 1388.15 0
15803 1461.23 0
15798.5 1534.32 0
15794.2 1607.41 0
15790.1 1680.51 0
15786.5 1753.62 0
15783.4 1826.73 0
15780.8 1899.86 0
15779 1973 0
15777.9 2046.14 13.8103
15777.7 2119.29 13.8103
15777.7 2192.43 13.8103
p
75
30
16000 0 0
16005.6 90.4104 0
16011.1 180.821 0
16014.6 270.953 0
16009.3 361.141 0
16001 451.487 0
15989.6 541.763 0
15977.3 632.004 0
15966.4 722.293 0
15959.2 812.68 0
15957.7 903.105 0
15963.5 993.349 0
15977.3 1083.05 0
15998.8 1171.81 0
16026.1 1259.42 0
16056.2 1346.36 0
16085.7 1433.53 0
16114.7 1520.94 0
16143.7 1608.4 0
16172.7 1695.86 0
16201.7 1783.32 0
16230.7 1870.78 0
16259.7 1958.24 0
16288.7 2045.7 13.4686
16317.7 2133.15 13.4686
16346.7 2220.61 13.4686
16375.6 2308.07 0
16404.6 2395.53 0
16433.6 2482.99 0
16462.6 2570.45 0
16491.6 2657.91 0
p
76
30
16200 0 0
16208.4 69.6947 0
16216.9 139.389 0
16214.9 210.604 0
16201.9 281.628 0
16188.3 352.426 0
16172.8 423.095 0
16156.9 493.586 0
16142.1 563.983 0
16128.6 634.225 0
16116.8 704.344 0
16106.4 774.445 0
16097.2 844.69 0
16089 915.226 0
16081.6 986.11 0
16075.2 1057.28 0
16071.2 1128.81 0
16071 1200.4 0
16076.7 1271.69 0
16090.3 1341.89 0
16111.5 1410.01 0
16139.1 1475.47 0
16171 1538.56 0
16206.6 1599.49 0
16244.7 1658.88 0
16282.9 1718.12 0
16318.3 1778.98 0
16347.4 1842.87 0
16367.3 1910.1 0
16377.3 1979.43 -13.4686
16382.9 2049.46 -13.4686
p
77
30
16400 0 0
16394.8 65.9676 0
16389.6 131.935 0
16386.1 198.103 0
16384.8 264.495 0
16384.1 330.875 0
16384.5 397.304 0
16386.1 463.759 0
16388.2 530.205 0
16390.6 596.656 0
16393.3 663.122 0
16396.1 729.62 0
16398.9 796.176 0
16401.7 862.823 0
16404.8 929.595 0
16409 996.502 0
16412.1 1063.42 0
16414.8 1130.38 0
16417 1197.37 0
16419.1 1264.35 0
16420.7 1331.33 0
16421.8 1398.3 0
16422.7 1465.26 0
16423.2 1532.22 0
16423.4 1599.18 0
16423.2 1666.14 0
16422.4 1733.09 0
16420.9 1800.02 0
16418.3 1866.91 0
16414.4 1933.71 0
16409 2000.21 0
p
78
30
16600 0 0
16613.7 73.7582 0
16627.4 147.516 0
16634.3 222.86 0
16633.9 299.125 0
16632.7 375.078 0
16630.4 450.965 0
16626.9 526.777 0
16625 602.609 0
16623.8 678.513 0
16623.6 754.475 -6.40815
16624.8 830.435 -6.40815
16628.7 906.258 -6.40815
16637.6 981.556 0
16655.9 1055.12 0
16685.3 1125.17 0
16716.1 1194.89 0
16743.9 1265.67 0
16767.2 1337.76 0
16782.4 1411.85 0
16786.2 1487.39 0
16776.2 1562.45 0
16751.5 1634.28 0
16713.2 1700.24 0
16666.2 1760.81 0
16613.5 1816.89 0
16558.5 1870.99 0
16504.5 1926.11 0
16454.9 1985.05 13.4686
16409.7 2047.55 13.4686
16360 2106.76 13.4686
p
79
30
16800 0 0
16792.8 82.8154 0
16785.5 165.631 0
16779.5 248.122 0
16769.9 329.991 0
16753.2 411.062 0
16729 490.554 0
16700 568.638 0
16673.2 647.37 0
16654.2 727.941 6.40815
16647.4 810.453 6.40815
16654.2 893.555 6.40815
16671.1 975.792 6.40815
16692.1 1057.26 0
16719.6 1136.81 0
16759.1 1211.86 0
16800.5 1286.34 0
16835.1 1363.8 0
16856.3 1445.21 0
16871.8 1527.55 0
16875.8 1610.88 0
16864.8 1693.35 0
16837.9 1772.11 0
16795.7 1844.17 0
16739.2 1906.65 0
16671.4 1957.84 0
16596.5 1999.2 0
16519.1 2035.82 0
16443.1 2074.96 -13.4686
16371.1 2120.7 -13.4686
16298.9 2166.52 -13.4686
s	0
29 31 61 64 
29 30 31 61 62 63 64 
b
2 0
0.783099 0.394383 0.840188
30 0 0 2
62 0 0 1
63 0 0 1
g
0
2 2 0 0 1 2 0 2 4
t
2
0
849.731 1882.04 100
849.731 1882.04 -100
a
4
0
31 28 64 60 
1 30 1 61 0 62 0 63 0 2640 0.5 2641 0.5 
1 29 1 61 0 62 0 2640 0.5 2641 0.5 
2 61 1 30 0 29 0 2640 0.5 2641 0.5 
2 62 1 30 0 29 0 2640 0.5 2641 0.5 
2 63 1 30 0 2640 0.5 2641 0.5 
0 2640 2.5 30 0.5 29 0.5 61 0.5 62 0.5 63 0.5 
0 2641 2.5 30 0.5 29 0.5 61 0.5 62 0.5 63 0.5 
NanList DIR 0
d
21
0 0 -1.21423 0 0 -1.21423 0 0 1.21423 0 0 1.21423 0 0 1.21423 0 0 0 0 0 0 
s	1
95 97 127 130 
95 96 97 127 128 129 130 
b
2 0
0.197551 0.911647 0.79844
96 0 0 2
128 0 0 1
129 0 0 1
g
0
2 2 0 0 1 2 0 2 4
t
2
2
1246.82 1975.86 100
1246.82 1975.86 -100
a
4
4
97 94 130 126 
1 96 1 128 0 127 0 129 0 2640 0.5 2641 0.5 
1 95 1 128 0 2640 0.5 2641 0.5 
2 128 1 96 0 95 0 2640 0.5 2641 0.5 
2 127 1 96 0 2640 0.5 2641 0.5 
2 129 1 96 0 2640 0.5 2641 0.5 
0 2640 2.5 96 0.5 95 0.5 128 0.5 127 0.5 129 0.5 
0 2641 2.5 96 0.5 95 0.5 128 0.5 127 0.5 129 0.5 
NanList DIR 0
d
21
0 0 -12.0013 0 0 -12.0013 0 0 12.0013 0 0 12.0013 0 0 12.0013 0 0 0 0 0 0 
s	2
351 357 384 391 
351 352 353 354 355 356 357 384 385 386 387 388 389 390 391 
b
2 0
0.277775 0.76823 0.335223
352 0 0 2
353 0 0 2
354 0 0 3
355 0 0 2
356 0 0 2
385 0 0 1
386 0 0 3
387 0 0 2
388 0 0 2
389 0 0 2
390 0 0 1
g
0
2 2 0 0 1 2 0 2 4
t
2
4
3191.48 1776.42 100
3191.48 1776.42 -100
a
4
8
357 350 391 383 
1 353 1 385 0 386 0 387 0 2640 0.5 2641 0.5 
1 354 1 386 0 387 0 388 0 2640 0.5 2641 0.5 
1 351 1 385 0 384 0 2640 0.5 2641 0.5 
1 352 1 385 0 386 0 2640 0.5 2641 0.5 
1 355 1 388 0 389 0 2640 0.5 2641 0.5 
1 356 1 389 0 390 0 2640 0.5 2641 0.5 
2 385 1 353 0 351 0 352 0 2640 0.5 2641 0.5 
2 386 1 353 0 354 0 352 0 2640 0.5 2641 0.5 
2 387 1 353 0 354 0 2640 0.5 2641 0.5 
2 388 1 354 0 355 0 2640 0.5 2641 0.5 
2 389 1 355 0 356 0 2640 0.5 2641 0.5 
2 384 1 351 0 2640 0.5 2641 0.5 
2 390 1 356 0 2640 0.5 2641 0.5 
0 2640 6.5 353 0.5 354 0.5 351 0.5 352 0.5 355 0.5 356 0.5 385 0.5 386 0.5 387 0.5 388 0.5 389 0.5 384 0.5 390 0.5 
0 2641 6.5 353 0.5 354 0.5 351 0.5 352 0.5 355 0.5 356 0.5 385 0.5 386 0.5 387 0.5 388 0.5 389 0.5 384 0.5 390 0.5 
NanList DIR 0
d
45
0 0 -12.6549 0 0 -12.6549 0 0 -12.6549 0 0 -12.6549 0 0 -12.6549 0 0 -12.6549 0 0 12.6549 0 0 12.6549 0 0 12.6549 0 0 12.6549 0 0 12.6549 0 0 12.6549 0 0 12.6549 0 0 0 0 0 0 
s	3
391 394 425 427 457 460 
391 392 393 394 425 426 427 457 458 459 460 
b
3 0
0.628871 0.477397 0.55397
392 0 0 1
393 0 0 3
426 0 0 2
458 0 0 1
459 0 0 1
g
0
2 2 0 0 1 2 0 2 4
t
2
6
3424.2 2128.93 100
3424.2 2128.93 -100
a
5
12
394 427 424 460 456 
1 392 1 425 0 426 0 457 0 458 0 2640 0.5 2641 0.5 
1 393 1 426 0 457 0 458 0 459 0 2640 0.5 2641 0.5 
1 391 1 425 0 2640 0.5 2641 0.5 
2 457 1 392 0 393 0 2640 0.5 2641 0.5 
2 458 1 392 0 393 0 2640 0.5 2641 0.5 
2 459 1 393 0 2640 0.5 2641 0.5 
2 425 1 392 0 391 0 2640 0.5 2641 0.5 
2 426 1 392 0 393 0 2640 0.5 2641 0.5 
0 2640 4 392 0.5 393 0.5 391 0.5 457 0.5 458 0.5 459 0.5 425 0.5 426 0.5 
0 2641 4 392 0.5 393 0.5 391 0.5 457 0.5 458 0.5 459 0.5 425 0.5 426 0.5 
NanList DIR 0
d
30
0 0 -10.2499 0 0 -10.2499 0 0 -10.2499 0 0 10.2499 0 0 10.2499 0 0 10.2499 0 0 10.2499 0 0 10.2499 0 0 0 0 0 0 
s	4
554 559 587 592 618 622 
554 555 556 557 558 559 587 588 589 590 591 592 618 619 620 621 622 
b
3 0
0.95223 0.513401 0.364784
555 0 0 2
556 0 0 2
557 0 0 4
558 0 0 2
588 0 0 1
589 0 0 2
590 0 0 2
591 0 0 1
619 0 0 1
620 0 0 2
621 0 0 1
g
0
2 2 0 0 1 2 0 2 4
t
2
8
4150.35 2225.67 100
4150.35 2225.67 -100
a
6
17
559 553 592 586 622 617 
1 556 1 588 0 619 0 589 0 590 0 618 0 2640 0.5 2641 0.5 
1 557 1 619 0 590 0 620 0 591 0 2640 0.5 2641 0.5 
1 558 1 619 0 620 0 621 0 2640 0.5 2641 0.5 
1 554 1 588 0 587 0 2640 0.5 2641 0.5 
1 555 1 588 0 589 0 2640 0.5 2641 0.5 
2 588 1 556 0 554 0 555 0 2640 0.5 2641 0.5 
2 589 1 556 0 555 0 2640 0.5 2641 0.5 
2 590 1 556 0 557 0 2640 0.5 2641 0.5 
2 587 1 554 0 2640 0.5 2641 0.5 
2 591 1 557 0 2640 0.5 2641 0.5 
2 619 1 556 0 557 0 558 0 2640 0.5 2641 0.5 
2 620 1 557 0 558 0 2640 0.5 2641 0.5 
2 618 1 556 0 2640 0.5 2641 0.5 
2 621 1 558 0 2640 0.5 2641 0.5 
0 2640 7 556 0.5 557 0.5 558 0.5 554 0.5 555 0.5 588 0.5 589 0.5 590 0.5 587 0.5 591 0.5 619 0.5 620 0.5 618 0.5 621 0.5 
0 2641 7 556 0.5 557 0.5 558 0.5 554 0.5 555 0.5 588 0.5 589 0.5 590 0.5 587 0.5 591 0.5 619 0.5 620 0.5 618 0.5 621 0.5 
NanList DIR 0
d
48
0 0 -13.1915 0 0 -13.1915 0 0 -13.1915 0 0 -13.1915 0 0 -13.1915 0 0 13.1915 0 0 13.1915 0 0 13.1915 0 0 13.1915 0 0 13.1915 0 0 13.1915 0 0 13.1915 0 0 13.1915 0 0 13.1915 0 0 0 0 0 0 
s	5
642 648 675 681 
642 643 644 645 646 647 648 675 676 677 678 679 680 681 
b
2 0
0.717297 0.635712 0.916195
643 0 0 2
644 0 0 3
645 0 0 3
646 0 0 3
647 0 0 1
676 0 0 2
677 0 0 3
678 0 0 3
679 0 0 2
680 0 0 2
g
0
2 2 0 0 1 2 0 2 4
t
2
10
5063.88 1340.95 100
5063.88 1340.95 -100
a
4
23
648 641 681 674 
1 643 1 676 0 677 0 675 0 2640 0.5 2641 0.5 
1 644 1 676 0 677 0 678 0 2640 0.5 2641 0.5 
1 645 1 677 0 678 0 679 0 2640 0.5 2641 0.5 
1 646 1 678 0 679 0 680 0 2640 0.5 2641 0.5 
1 642 1 676 0 675 0 2640 0.5 2641 0.5 
1 647 1 680 0 2640 0.5 2641 0.5 
2 676 1 643 0 644 0 642 0 2640 0.5 2641 0.5 
2 677 1 643 0 644 0 645 0 2640 0.5 2641 0.5 
2 678 1 644 0 645 0 646 0 2640 0.5 2641 0.5 
2 675 1 643 0 642 0 2640 0.5 2641 0.5 
2 679 1 645 0 646 0 2640 0.5 2641 0.5 
2 680 1 646 0 647 0 2640 0.5 2641 0.5 
0 2640 6 643 0.5 644 0.5 645 0.5 646 0.5 642 0.5 647 0.5 676 0.5 677 0.5 678 0.5 675 0.5 679 0.5 680 0.5 
0 2641 6 643 0.5 644 0.5 645 0.5 646 0.5 642 0.5 647 0.5 676 0.5 677 0.5 678 0.5 675 0.5 679 0.5 680 0.5 
NanList DIR 0
d
42
0 0 -10.1415 0 0 -10.1415 0 0 -10.1415 0 0 -10.1415 0 0 -10.1415 0 0 -10.1415 0 0 10.1415 0 0 10.1415 0 0 10.1415 0 0 10.1415 0 0 10.1415 0 0 10.1415 0 0 0 0 0 0 
s	6
656 658 689 691 
656 657 658 689 690 691 
b
2 0
0.0163006 0.606969 0.141603
657 0 0 1
690 0 0 1
g
0
2 2 0 0 1 2 0 2 4
t
2
12
4768.39 2236.26 100
4768.39 2236.26 -100
a
4
27
658 655 691 688 
1 656 1 690 0 689 0 2640 0.5 2641 0.5 
1 657 1 690 0 2640 0.5 2641 0.5 
2 690 1 656 0 657 0 2640 0.5 2641 0.5 
2 689 1 656 0 2640 0.5 2641 0.5 
0 2640 2 656 0.5 657 0.5 690 0.5 689 0.5 
0 2641 2 656 0.5 657 0.5 690 0.5 689 0.5 
NanList DIR 0
d
18
0 0 -9.43214 0 0 -9.43214 0 0 9.43214 0 0 9.43214 0 0 0 0 0 0 
s	7
1145 1147 1176 1179 
1145 1146 1147 1176 1177 1178 1179 
b
2 0
0.804177 0.137232 0.242887
1146 0 0 2
1177 0 0 1
1178 0 0 1
g
0
2 2 0 0 1 2 0 2 4
t
2
14
8130.11 1760.9 100
8130.11 1760.9 -100
a
4
31
1147 1144 1179 1175 
1 1145 1 1177 0 1176 0 2640 0.5 2641 0.5 
1 1146 1 1177 0 1178 0 2640 0.5 2641 0.5 
2 1177 1 1145 0 1146 0 2640 0.5 2641 0.5 
2 1176 1 1145 0 2640 0.5 2641 0.5 
2 1178 1 1146 0 2640 0.5 2641 0.5 
0 2640 2.5 1145 0.5 1146 0.5 1177 0.5 1176 0.5 1178 0.5 
0 2641 2.5 1145 0.5 1146 0.5 1177 0.5 1176 0.5 1178 0.5 
NanList DIR 0
d
21
0 0 -5.59986 0 0 -5.59986 0 0 5.59986 0 0 5.59986 0 0 5.59986 0 0 0 0 0 0 
s	8
1168 1172 1203 1208 
1168 1169 1170 1171 1172 1203 1204 1205 1206 1207 1208 
b
2 0
0.12979 0.400944 0.156679
1169 0 0 2
1170 0 0 3
1171 0 0 2
1204 0 0 1
1205 0 0 2
1206 0 0 2
1207 0 0 2
g
0
2 2 0 0 1 2 0 2 4
t
2
16
8491.4 1190.55 100
8491.4 1190.55 -100
a
4
35
1172 1167 1208 1202 
1 1169 1 1206 0 1204 0 1205 0 2640 0.5 2641 0.5 
1 1170 1 1206 0 1205 0 1207 0 2640 0.5 2641 0.5 
1 1168 1 1204 0 1203 0 2640 0.5 2641 0.5 
1 1171 1 1206 0 1207 0 2640 0.5 2641 0.5 
2 1206 1 1169 0 1170 0 1171 0 2640 0.5 2641 0.5 
2 1204 1 1169 0 1168 0 2640 0.5 2641 0.5 
2 1205 1 1169 0 1170 0 2640 0.5 2641 0.5 
2 1207 1 1170 0 1171 0 2640 0.5 2641 0.5 
2 1203 1 1168 0 2640 0.5 2641 0.5 
0 2640 4.5 1169 0.5 1170 0.5 1168 0.5 1171 0.5 1206 0.5 1204 0.5 1205 0.5 1207 0.5 1203 0.5 
0 2641 4.5 1169 0.5 1170 0.5 1168 0.5 1171 0.5 1206 0.5 1204 0.5 1205 0.5 1207 0.5 1203 0.5 
NanList DIR 0
d
33
0 0 -8.69705 0 0 -8.69705 0 0 -8.69705 0 0 -8.69705 0 0 8.69705 0 0 8.69705 0 0 8.69705 0 0 8.69705 0 0 8.69705 0 0 0 0 0 0 
s	9
1182 1186 1217 1219 1249 1252 
1182 1183 1184 1185 1186 1217 1218 1219 1249 1250 1251 1252 
b
3 0
0.218257 0.998924 0.108809
1183 0 0 1
1184 0 0 2
1185 0 0 2
1218 0 0 2
1250 0 0 2
1251 0 0 1
g
0
2 2 0 0 1 2 0 2 4
t
2
18
8463.45 2232.74 100
8463.45 2232.74 -100
a
6
39
1186 1181 1219 1216 1252 1248 
1 1183 1 1218 0 1249 0 1217 0 2640 0.5 2641 0.5 
1 1184 1 1218 0 1249 0 1250 0 2640 0.5 2641 0.5 
1 1185 1 1249 0 1250 0 1251 0 2640 0.5 2641 0.5 
1 1182 1 1218 0 1217 0 2640 0.5 2641 0.5 
2 1249 1 1183 0 1184 0 1185 0 2640 0.5 2641 0.5 
2 1250 1 1184 0 1185 0 2640 0.5 2641 0.5 
2 1251 1 1185 0 2640 0.5 2641 0.5 
2 1218 1 1183 0 1184 0 1182 0 2640 0.5 2641 0.5 
2 1217 1 1183 0 1182 0 2640 0.5 2641 0.5 
0 2640 4.5 1183 0.5 1184 0.5 1185 0.5 1182 0.5 1249 0.5 1250 0.5 1251 0.5 1218 0.5 1217 0.5 
0 2641 4.5 1183 0.5 1184 0.5 1185 0.5 1182 0.5 1249 0.5 1250 0.5 1251 0.5 1218 0.5 1217 0.5 
NanList DIR 0
d
33
0 0 -13.486 0 0 -13.486 0 0 -13.486 0 0 -13.486 0 0 13.486 0 0 13.486 0 0 13.486 0 0 13.486 0 0 13.486 0 0 0 0 0 0 
s	10
1236 1239 1271 1275 
1236 1237 1238 1239 1271 1272 1273 1274 1275 
b
2 0
0.61264 0.839112 0.512932
1237 0 0 2
1238 0 0 3
1272 0 0 2
1273 0 0 2
1274 0 0 1
g
0
2 2 0 0 1 2 0 2 4
t
2
20
8891.85 1361.71 100
8891.85 1361.71 -100
a
4
45
1239 1235 1275 1270 
1 1236 1 1272 0 1273 0 1271 0 2640 0.5 2641 0.5 
1 1237 1 1272 0 1273 0 1271 0 2640 0.5 2641 0.5 
1 1238 1 1272 0 1273 0 1274 0 2640 0.5 2641 0.5 
2 1272 1 1236 0 1237 0 1238 0 2640 0.5 2641 0.5 
2 1273 1 1236 0 1237 0 1238 0 2640 0.5 2641 0.5 
2 1271 1 1236 0 1237 0 2640 0.5 2641 0.5 
2 1274 1 1238 0 2640 0.5 2641 0.5 
0 2640 3.5 1236 0.5 1237 0.5 1238 0.5 1272 0.5 1273 0.5 1271 0.5 1274 0.5 
0 2641 3.5 1236 0.5 1237 0.5 1238 0.5 1272 0.5 1273 0.5 1271 0.5 1274 0.5 
NanList DIR 0
d
27
0 0 -13.7611 0 0 -13.7611 0 0 -13.7611 0 0 13.7611 0 0 13.7611 0 0 13.7611 0 0 13.7611 0 0 0 0 0 0 
s	11
1239 1240 1241 1242 1243 1244 1245 1246 1247 1281 1282 1283 1284 1285 1306 1307 1308 1309 1310 1311 1312 1313 1314 1315 
1239 1240 1241 1242 1243 1244 1245 1246 1247 1281 1282 1283 1284 1285 1306 1307 1308 1309 1310 1311 1312 1313 1314 1315 
b
3 0
0.524287 0.637552 0.296032
1240 0 0 1
1241 0 0 2
1242 0 0 2
1243 0 0 2
1244 0 0 2
1245 0 0 3
1246 0 0 2
1282 0 0 2
1283 0 0 1
1307 0 0 2
1308 0 0 2
1309 0 0 2
1310 0 0 2
1311 0 0 2
1312 0 0 1
b
2 0
0.292517 0.972775 0.493583
1284 0 0 1
1314 0 0 1
g
0
2 2 0 0 1 2 0 2 4
t
2
22
8863.02 1929.7 100
8863.02 1929.7 -100
a
5
49
1247 1285 1280 1315 1305 
1 1245 1 1281 0 1311 0 1282 0 1312 0 2640 0.5 2641 0.5 
1 1240 1 1308 0 1306 0 1307 0 2640 0.5 2641 0.5 
1 1243 1 1311 0 1309 0 1310 0 2640 0.5 2641 0.5 
1 1244 1 1281 0 1311 0 1310 0 2640 0.5 2641 0.5 
1 1246 1 1281 0 1282 0 1283 0 2640 0.5 2641 0.5 
1 1241 1 1308 0 1307 0 2640 0.5 2641 0.5 
1 1242 1 1308 0 1309 0 2640 0.5 2641 0.5 
1 1239 1 1306 0 2640 0.5 2641 0.5 
2 1308 1 1240 0 1241 0 1242 0 2640 0.5 2641 0.5 
2 1311 1 1245 0 1243 0 1244 0 2640 0.5 2641 0.5 
2 1306 1 1240 0 1239 0 2640 0.5 2641 0.5 
2 1307 1 1240 0 1241 0 2640 0.5 2641 0.5 
2 1309 1 1243 0 1242 0 2640 0.5 2641 0.5 
2 1310 1 1243 0 1244 0 2640 0.5 2641 0.5 
1 1313 1 1283 0 1284 0 2640 0.5 2641 0.5 
2 1312 1 1245 0 2640 0.5 2641 0.5 
1 1314 1 1284 0 2640 0.5 2641 0.5 
2 1281 1 1245 0 1244 0 1246 0 2640 0.5 2641 0.5 
2 1282 1 1245 0 1246 0 2640 0.5 2641 0.5 
2 1283 1 1246 0 1313 0 2640 0.5 2641 0.5 
2 1284 1 1313 0 1314 0 2640 0.5 2641 0.5 
0 2640 10.5 1245 0.5 1240 0.5 1243 0.5 1244 0.5 1246 0.5 1241 0.5 1242 0.5 1239 0.5 1308 0.5 1311 0.5 1306 0.5 1307 0.5 1309 0.5 1310 0.5 1313 0.5 1312 0.5 1314 0.5 1281 0.5 1282 0.5 1283 0.5 1284 0.5 
0 2641 10.5 1245 0.5 1240 0.5 1243 0.5 1244 0.5 1246 0.5 1241 0.5 1242 0.5 1239 0.5 1308 0.5 1311 0.5 1306 0.5 1307 0.5 1309 0.5 1310 0.5 1313 0.5 1312 0.5 1314 0.5 1281 0.5 1282 0.5 1283 0.5 1284 0.5 
NanList DIR 0
d
69
0 0 -13.7611 0 0 -13.7611 0 0 -13.7611 0 0 -13.7611 0 0 -13.7611 0 0 -13.7611 0 0 -13.7611 0 0 -13.7611 0 0 13.7611 0 0 13.7611 0 0 13.7611 0 0 13.7611 0 0 13.7611 0 0 13.7611 0 0 -13.7611 0 0 13.7611 0 0 -13.7611 0 0 13.7611 0 0 13.7611 0 0 13.7611 0 0 13.7611 0 0 0 0 0 0 
s	12
1298 1302 1332 1344 1365 1377 
1298 1299 1300 1301 1302 1332 1333 1334 1335 1336 1337 1338 1339 1340 1341 1342 1343 1344 1365 1366 1367 1368 1369 1370 1371 1372 1373 1374 1375 1376 1377 
b
3 0
0.769914 0.526745 0.771358
1299 0 0 2
1300 0 0 4
1301 0 0 3
1333 0 0 4
1334 0 0 5
1335 0 0 5
1336 0 0 4
1337 0 0 3
1338 0 0 3
1339 0 0 3
1340 0 0 3
1341 0 0 3
1342 0 0 2
1343 0 0 1
1366 0 0 2
1367 0 0 3
1368 0 0 5
1369 0 0 3
1370 0 0 3
1371 0 0 3
1372 0 0 3
1373 0 0 3
1374 0 0 2
1375 0 0 2
1376 0 0 2
g
0
2 2 0 0 1 2 0 2 4
t
2
24
9199.78 1268.53 100
9199.78 1268.53 -100
a
6
54
1302 1297 1344 1331 1377 1364 
1 1333 1 1300 0 1367 0 1299 0 1366 0 1298 0 1365 0 2640 0.5 2641 0.5 
1 1334 1 1300 0 1367 0 1368 0 1299 0 1366 0 2640 0.5 2641 0.5 
1 1335 1 1300 0 1367 0 1368 0 1301 0 1369 0 2640 0.5 2641 0.5 
1 1332 1 1299 0 1366 0 1298 0 1365 0 2640 0.5 2641 0.5 
1 1336 1 1368 0 1301 0 1369 0 1370 0 2640 0.5 2641 0.5 
1 1337 1 1369 0 1370 0 1371 0 2640 0.5 2641 0.5 
1 1338 1 1370 0 1371 0 1372 0 2640 0.5 2641 0.5 
1 1339 1 1371 0 1372 0 1373 0 2640 0.5 2641 0.5 
1 1340 1 1372 0 1373 0 1374 0 2640 0.5 2641 0.5 
1 1341 1 1373 0 1374 0 1375 0 2640 0.5 2641 0.5 
1 1342 1 1375 0 1376 0 2640 0.5 2641 0.5 
1 1343 1 1376 0 2640 0.5 2641 0.5 
2 1367 1 1333 0 1300 0 1334 0 1335 0 1299 0 2640 0.5 2641 0.5 
2 1368 1 1300 0 1334 0 1335 0 1336 0 1301 0 2640 0.5 2641 0.5 
2 1366 1 1333 0 1334 0 1332 0 2640 0.5 2641 0.5 
2 1369 1 1335 0 1336 0 1337 0 2640 0.5 2641 0.5 
2 1370 1 1336 0 1337 0 1338 0 2640 0.5 2641 0.5 
2 1371 1 1337 0 1338 0 1339 0 2640 0.5 2641 0.5 
2 1372 1 1338 0 1339 0 1340 0 2640 0.5 2641 0.5 
2 1373 1 1339 0 1340 0 1341 0 2640 0.5 2641 0.5 
2 1365 1 1333 0 1332 0 2640 0.5 2641 0.5 
2 1374 1 1340 0 1341 0 2640 0.5 2641 0.5 
2 1375 1 1341 0 1342 0 2640 0.5 2641 0.5 
2 1376 1 1342 0 1343 0 2640 0.5 2641 0.5 
3 1300 1 1333 0 1334 0 1335 0 1367 0 1368 0 2640 0.5 2641 0.5 
3 1299 1 1333 0 1334 0 1367 0 1332 0 2640 0.5 2641 0.5 
3 1301 1 1335 0 1368 0 1336 0 2640 0.5 2641 0.5 
3 1298 1 1333 0 1332 0 2640 0.5 2641 0.5 
0 2640 14 1333 0.5 1334 0.5 1335 0.5 1332 0.5 1336 0.5 1337 0.5 1338 0.5 1339 0.5 1340 0.5 1341 0.5 1342 0.5 1343 0.5 1367 0.5 1368 0.5 1366 0.5 1369 0.5 1370 0.5 1371 0.5 1372 0.5 1373 0.5 1365 0.5 1374 0.5 1375 0.5 1376 0.5 1300 0.5 1299 0.5 1301 0.5 1298 0.5 
0 2641 14 1333 0.5 1334 0.5 1335 0.5 1332 0.5 1336 0.5 1337 0.5 1338 0.5 1339 0.5 1340 0.5 1341 0.5 1342 0.5 1343 0.5 1367 0.5 1368 0.5 1366 0.5 1369 0.5 1370 0.5 1371 0.5 1372 0.5 1373 0.5 1365 0.5 1374 0.5 1375 0.5 1376 0.5 1300 0.5 1299 0.5 1301 0.5 1298 0.5 
NanList DIR 0
d
90
0 0 -27.4067 0 0 -27.4067 0 0 -27.4067 0 0 -27.4067 0 0 -27.4067 0 0 -27.4067 0 0 -27.4067 0 0 -27.4067 0 0 -27.4067 0 0 -27.4067 0 0 -27.4067 0 0 -27.4067 0 0 0 0 0 0 0 0 0 0 0 0 0 0 0 0 0 0 0 0 0 0 0 0 0 0 0 0 0 0 0 0 0 0 0 0 0 0 4.8228 0 0 4.8228 0 0 4.8228 0 0 4.8228 0 0 0 0 0 0 
s	13
1379 1382 1415 1417 
1379 1380 1381 1382 1415 1416 1417 
b
2 0
0.283315 0.891529 0.400229
1380 0 0 1
1381 0 0 1
1416 0 0 2
g
0
2 2 0 0 1 2 0 2 4
t
2
26
9340.61 1997.46 100
9340.61 1997.46 -100
a
4
60
1382 1378 1417 1414 
1 1380 1 1415 0 1416 0 2640 0.5 2641 0.5 
1 1379 1 1415 0 2640 0.5 2641 0.5 
1 1381 1 1416 0 2640 0.5 2641 0.5 
2 1415 1 1380 0 1379 0 2640 0.5 2641 0.5 
2 1416 1 1380 0 1381 0 2640 0.5 2641 0.5 
0 2640 2.5 1380 0.5 1379 0.5 1381 0.5 1415 0.5 1416 0.5 
0 2641 2.5 1380 0.5 1379 0.5 1381 0.5 1415 0.5 1416 0.5 
NanList DIR 0
d
21
0 0 -8.48515 0 0 -8.48515 0 0 -8.48515 0 0 8.48515 0 0 8.48515 0 0 0 0 0 0 
s	14
1440 1445 1472 1476 
1440 1441 1442 1443 1444 1445 1472 1473 1474 1475 1476 
b
2 0
0.919026 0.807725 0.352458
1441 0 0 2
1442 0 0 3
1443 0 0 2
1444 0 0 1
1473 0 0 2
1474 0 0 3
1475 0 0 3
g
0
2 2 0 0 1 2 0 2 4
t
2
28
9560.28 1752.86 100
9560.28 1752.86 -100
a
4
64
1445 1439 1476 1471 
1 1441 1 1473 0 1474 0 1472 0 2640 0.5 2641 0.5 
1 1442 1 1473 0 1474 0 1475 0 2640 0.5 2641 0.5 
1 1440 1 1473 0 1472 0 2640 0.5 2641 0.5 
1 1443 1 1474 0 1475 0 2640 0.5 2641 0.5 
1 1444 1 1475 0 2640 0.5 2641 0.5 
2 1473 1 1441 0 1442 0 1440 0 2640 0.5 2641 0.5 
2 1474 1 1441 0 1442 0 1443 0 2640 0.5 2641 0.5 
2 1475 1 1442 0 1443 0 1444 0 2640 0.5 2641 0.5 
2 1472 1 1441 0 1440 0 2640 0.5 2641 0.5 
0 2640 4.5 1441 0.5 1442 0.5 1440 0.5 1443 0.5 1444 0.5 1473 0.5 1474 0.5 1475 0.5 1472 0.5 
0 2641 4.5 1441 0.5 1442 0.5 1440 0.5 1443 0.5 1444 0.5 1473 0.5 1474 0.5 1475 0.5 1472 0.5 
NanList DIR 0
d
33
0 0 -12.1743 0 0 -12.1743 0 0 -12.1743 0 0 -12.1743 0 0 -12.1743 0 0 12.1743 0 0 12.1743 0 0 12.1743 0 0 12.1743 0 0 0 0 0 0 
s	15
1461 1466 1496 1501 
1461 1462 1463 1464 1465 1466 1496 1497 1498 1499 1500 1501 
b
2 0
0.525995 0.949327 0.0697553
1462 0 0 2
1463 0 0 2
1464 0 0 2
1465 0 0 1
1497 0 0 1
1498 0 0 2
1499 0 0 2
1500 0 0 2
g
0
2 2 0 0 1 2 0 2 4
t
2
30
9973.63 926.861 100
9973.63 926.861 -100
a
4
68
1466 1460 1501 1495 
1 1461 1 1497 0 1496 0 2640 0.5 2641 0.5 
1 1462 1 1497 0 1498 0 2640 0.5 2641 0.5 
1 1463 1 1498 0 1499 0 2640 0.5 2641 0.5 
1 1464 1 1499 0 1500 0 2640 0.5 2641 0.5 
1 1465 1 1500 0 2640 0.5 2641 0.5 
2 1497 1 1461 0 1462 0 2640 0.5 2641 0.5 
2 1498 1 1462 0 1463 0 2640 0.5 2641 0.5 
2 1499 1 1463 0 1464 0 2640 0.5 2641 0.5 
2 1500 1 1464 0 1465 0 2640 0.5 2641 0.5 
2 1496 1 1461 0 2640 0.5 2641 0.5 
0 2640 5 1461 0.5 1462 0.5 1463 0.5 1464 0.5 1465 0.5 1497 0.5 1498 0.5 1499 0.5 1500 0.5 1496 0.5 
0 2641 5 1461 0.5 1462 0.5 1463 0.5 1464 0.5 1465 0.5 1497 0.5 1498 0.5 1499 0.5 1500 0.5 1496 0.5 
NanList DIR 0
d
36
0 0 -8.34023 0 0 -8.34023 0 0 -8.34023 0 0 -8.34023 0 0 -8.34023 0 0 8.34023 0 0 8.34023 0 0 8.34023 0 0 8.34023 0 0 8.34023 0 0 0 0 0 0 
s	16
1480 1483 1547 1549 
1480 1481 1482 1483 1547 1548 1549 
b
2 0
0.663227 0.192214 0.0860558
1481 0 0 1
1482 0 0 1
1548 0 0 2
g
0
2 2 0 0 1 2 0 2 4
t
2
32
9998.6 2189.23 100
9998.6 2189.23 -100
a
4
72
1483 1479 1549 1546 
1 1481 1 1547 0 1548 0 2640 0.5 2641 0.5 
1 1482 1 1547 0 1548 0 2640 0.5 2641 0.5 
1 1480 1 1547 0 2640 0.5 2641 0.5 
2 1547 1 1481 0 1482 0 1480 0 2640 0.5 2641 0.5 
2 1548 1 1481 0 1482 0 2640 0.5 2641 0.5 
0 2640 2.5 1481 0.5 1482 0.5 1480 0.5 1547 0.5 1548 0.5 
0 2641 2.5 1481 0.5 1482 0.5 1480 0.5 1547 0.5 1548 0.5 
NanList DIR 0
d
21
0 0 -14.3097 0 0 -14.3097 0 0 -14.3097 0 0 14.3097 0 0 14.3097 0 0 0 0 0 0 
s	17
1612 1613 1614 1615 1645 1646 1647 1648 1678 1679 1680 1681 1777 1778 1779 1780 1810 1811 1812 
1612 1613 1614 1615 1645 1646 1647 1648 1678 1679 1680 1681 1777 1778 1779 1780 1810 1811 1812 
b
3 0
0.0641713 0.348893 0.890233
1613 0 0 1
1646 0 0 2
1647 0 0 2
1679 0 0 2
1680 0 0 3
b
2 0
0.0630958 0.457702 0.020023
1614 0 0 1
1778 0 0 1
b
2 0
0.902208 0.970634 0.23828
1779 0 0 1
1811 0 0 1
g
0
2 2 0 0 1 2 0 2 4
t
2
34
11254 2092.95 100
11254 2092.95 -100
a
10
76
1615 1611 1648 1644 1681 1677 1780 1776 1812 1809 
1 1679 1 1646 0 1612 0 1645 0 1647 0 2640 0.5 2641 0.5 
1 1680 1 1646 0 1612 0 1613 0 1647 0 2640 0.5 2641 0.5 
1 1678 1 1646 0 1645 0 2640 0.5 2641 0.5 
2 1646 1 1679 0 1680 0 1678 0 2640 0.5 2641 0.5 
2 1645 1 1679 0 1678 0 2640 0.5 2641 0.5 
2 1647 1 1679 0 1680 0 2640 0.5 2641 0.5 
2 1612 1 1679 0 1680 0 2640 0.5 2641 0.5 
2 1613 1 1680 0 1777 0 2640 0.5 2641 0.5 
2 1614 1 1777 0 1778 0 2640 0.5 2641 0.5 
1 1777 1 1613 0 1614 0 2640 0.5 2641 0.5 
1 1778 1 1614 0 1810 0 2640 0.5 2641 0.5 
1 1779 1 1810 0 1811 0 2640 0.5 2641 0.5 
2 1810 1 1778 0 1779 0 2640 0.5 2641 0.5 
2 1811 1 1779 0 2640 0.5 2641 0.5 
0 2640 7 1679 0.5 1680 0.5 1678 0.5 1646 0.5 1645 0.5 1647 0.5 1612 0.5 1613 0.5 1614 0.5 1777 0.5 1778 0.5 1779 0.5 1810 0.5 1811 0.5 
0 2641 7 1679 0.5 1680 0.5 1678 0.5 1646 0.5 1645 0.5 1647 0.5 1612 0.5 1613 0.5 1614 0.5 1777 0.5 1778 0.5 1779 0.5 1810 0.5 1811 0.5 
NanList DIR 0
d
48
0 0 -13.9247 0 0 -13.9247 0 0 -13.9247 0 0 13.9247 0 0 13.9247 0 0 13.9247 0 0 13.9247 0 0 13.9247 0 0 13.9247 0 0 -13.9247 0 0 -13.9247 0 0 -13.9247 0 0 13.9247 0 0 13.9247 0 0 0 0 0 0 
s	18
1877 1879 1907 1912 1942 1945 1973 1978 2042 2044 2075 2077 
1877 1878 1879 1907 1908 1909 1910 1911 1912 1942 1943 1944 1945 1973 1974 1975 1976 1977 1978 2042 2043 2044 2075 2076 2077 
b
6 0
0.53976 0.266666 0.85092
1878 0 0 2
1908 0 0 2
1909 0 0 2
1910 0 0 3
1911 0 0 3
1943 0 0 2
1944 0 0 3
1974 0 0 2
1975 0 0 2
1976 0 0 2
1977 0 0 2
2043 0 0 2
2076 0 0 3
g
0
2 2 0 0 1 2 0 2 4
t
2
36
12788.3 2060.06 100
12788.3 2060.06 -100
a
12
86
1879 1876 1912 1906 1945 1941 1978 1972 2044 2041 2077 2074 
1 1974 1 1909 0 2043 0 2075 0 2076 0 2640 0.5 2641 0.5 
1 1975 1 1911 0 1909 0 1910 0 2076 0 2640 0.5 2641 0.5 
1 1976 1 1911 0 1877 0 1910 0 1878 0 2640 0.5 2641 0.5 
1 1973 1 2043 0 2075 0 2042 0 2640 0.5 2641 0.5 
1 1977 1 1911 0 1877 0 1878 0 2640 0.5 2641 0.5 
2 1911 1 1877 0 1975 0 1976 0 1878 0 1977 0 2640 0.5 2641 0.5 
2 1909 1 1974 0 1975 0 1943 0 1944 0 2640 0.5 2641 0.5 
2 1910 1 1877 0 1975 0 1976 0 1944 0 2640 0.5 2641 0.5 
2 1908 1 1943 0 1944 0 1942 0 2640 0.5 2641 0.5 
2 1907 1 1943 0 2640 0.5 2641 0.5 
3 1877 1 1911 0 1910 0 1976 0 1977 0 2640 0.5 2641 0.5 
3 1878 1 1911 0 1976 0 1977 0 2640 0.5 2641 0.5 
1 1943 1 1909 0 1908 0 1907 0 2640 0.5 2641 0.5 
1 1944 1 1909 0 1910 0 1908 0 2640 0.5 2641 0.5 
1 1942 1 1908 0 2640 0.5 2641 0.5 
2 2075 1 1974 0 2043 0 1973 0 2042 0 2640 0.5 2641 0.5 
2 2076 1 1974 0 1975 0 2043 0 2640 0.5 2641 0.5 
3 2043 1 1974 0 2075 0 1973 0 2076 0 2640 0.5 2641 0.5 
3 2042 1 2075 0 1973 0 2640 0.5 2641 0.5 
0 2640 9.5 1974 0.5 1975 0.5 1976 0.5 1973 0.5 1977 0.5 1911 0.5 1909 0.5 1910 0.5 1908 0.5 1907 0.5 1877 0.5 1878 0.5 1943 0.5 1944 0.5 1942 0.5 2075 0.5 2076 0.5 2043 0.5 2042 0.5 
0 2641 9.5 1974 0.5 1975 0.5 1976 0.5 1973 0.5 1977 0.5 1911 0.5 1909 0.5 1910 0.5 1908 0.5 1907 0.5 1877 0.5 1878 0.5 1943 0.5 1944 0.5 1942 0.5 2075 0.5 2076 0.5 2043 0.5 2042 0.5 
NanList DIR 0
d
63
0 0 -26.2014 0 0 -26.2014 0 0 -26.2014 0 0 -26.2014 0 0 -26.2014 0 0 0 0 0 0 0 0 0 0 0 0 0 0 0 0 0 17.0911 0 0 17.0911 0 0 -26.2014 0 0 -26.2014 0 0 -26.2014 0 0 0 0 0 0 0 0 17.0911 0 0 17.0911 0 0 0 0 0 0 
s	19
1963 1968 2000 2005 
1963 1964 1965 1966 1967 1968 2000 2001 2002 2003 2004 2005 
b
2 0
0.512535 0.760249 0.375207
1964 0 0 2
1965 0 0 3
1966 0 0 3
1967 0 0 1
2001 0 0 2
2002 0 0 3
2003 0 0 2
2004 0 0 2
g
0
2 2 0 0 1 2 0 2 4
t
2
38
12996.4 1337.1 100
12996.4 1337.1 -100
a
4
98
1968 1962 2005 1999 
1 1964 1 2001 0 2002 0 2000 0 2640 0.5 2641 0.5 
1 1965 1 2001 0 2002 0 2003 0 2640 0.5 2641 0.5 
1 1966 1 2002 0 2003 0 2004 0 2640 0.5 2641 0.5 
1 1963 1 2001 0 2000 0 2640 0.5 2641 0.5 
1 1967 1 2004 0 2640 0.5 2641 0.5 
2 2001 1 1964 0 1965 0 1963 0 2640 0.5 2641 0.5 
2 2002 1 1964 0 1965 0 1966 0 2640 0.5 2641 0.5 
2 2000 1 1964 0 1963 0 2640 0.5 2641 0.5 
2 2003 1 1965 0 1966 0 2640 0.5 2641 0.5 
2 2004 1 1966 0 1967 0 2640 0.5 2641 0.5 
0 2640 5 1964 0.5 1965 0.5 1966 0.5 1963 0.5 1967 0.5 2001 0.5 2002 0.5 2000 0.5 2003 0.5 2004 0.5 
0 2641 5 1964 0.5 1965 0.5 1966 0.5 1963 0.5 1967 0.5 2001 0.5 2002 0.5 2000 0.5 2003 0.5 2004 0.5 
NanList DIR 0
d
36
0 0 -7.74654 0 0 -7.74654 0 0 -7.74654 0 0 -7.74654 0 0 -7.74654 0 0 7.74654 0 0 7.74654 0 0 7.74654 0 0 7.74654 0 0 7.74654 0 0 0 0 0 0 
s	20
2358 2366 2389 2397 
2358 2359 2360 2361 2362 2363 2364 2365 2366 2389 2390 2391 2392 2393 2394 2395 2396 2397 
b
2 0
0.0392803 0.531606 0.667724
2359 0 0 2
2360 0 0 2
2361 0 0 3
2362 0 0 3
2363 0 0 3
2364 0 0 2
2365 0 0 2
2390 0 0 1
2391 0 0 3
2392 0 0 3
2393 0 0 3
2394 0 0 3
2395 0 0 3
2396 0 0 1
g
0
2 2 0 0 1 2 0 2 4
t
2
40
15285.2 1246.56 100
15285.2 1246.56 -100
a
4
102
2366 2357 2397 2388 
1 2360 1 2390 0 2391 0 2392 0 2640 0.5 2641 0.5 
1 2361 1 2391 0 2392 0 2393 0 2640 0.5 2641 0.5 
1 2362 1 2392 0 2393 0 2394 0 2640 0.5 2641 0.5 
1 2363 1 2393 0 2394 0 2395 0 2640 0.5 2641 0.5 
1 2358 1 2390 0 2389 0 2640 0.5 2641 0.5 
1 2359 1 2390 0 2391 0 2640 0.5 2641 0.5 
1 2364 1 2394 0 2395 0 2640 0.5 2641 0.5 
1 2365 1 2395 0 2396 0 2640 0.5 2641 0.5 
2 2390 1 2360 0 2358 0 2359 0 2640 0.5 2641 0.5 
2 2391 1 2360 0 2361 0 2359 0 2640 0.5 2641 0.5 
2 2392 1 2360 0 2361 0 2362 0 2640 0.5 2641 0.5 
2 2393 1 2361 0 2362 0 2363 0 2640 0.5 2641 0.5 
2 2394 1 2362 0 2363 0 2364 0 2640 0.5 2641 0.5 
2 2395 1 2363 0 2364 0 2365 0 2640 0.5 2641 0.5 
2 2389 1 2358 0 2640 0.5 2641 0.5 
2 2396 1 2365 0 2640 0.5 2641 0.5 
0 2640 8 2360 0.5 2361 0.5 2362 0.5 2363 0.5 2358 0.5 2359 0.5 2364 0.5 2365 0.5 2390 0.5 2391 0.5 2392 0.5 2393 0.5 2394 0.5 2395 0.5 2389 0.5 2396 0.5 
0 2641 8 2360 0.5 2361 0.5 2362 0.5 2363 0.5 2358 0.5 2359 0.5 2364 0.5 2365 0.5 2390 0.5 2391 0.5 2392 0.5 2393 0.5 2394 0.5 2395 0.5 2389 0.5 2396 0.5 
NanList DIR 0
d
54
0 0 -13.5801 0 0 -13.5801 0 0 -13.5801 0 0 -13.5801 0 0 -13.5801 0 0 -13.5801 0 0 -13.5801 0 0 -13.5801 0 0 13.5801 0 0 13.5801 0 0 13.5801 0 0 13.5801 0 0 13.5801 0 0 13.5801 0 0 13.5801 0 0 13.5801 0 0 0 0 0 0 
s	21
2405 2407 2470 2473 
2405 2406 2407 2470 2471 2472 2473 
b
2 0
0.93081 0.931835 0.437638
2406 0 0 2
2471 0 0 1
2472 0 0 1
g
0
2 2 0 0 1 2 0 2 4
t
2
42
15774.2 2114.07 100
15774.2 2114.07 -100
a
4
106
2407 2404 2473 2469 
1 2405 1 2471 0 2472 0 2470 0 2640 0.5 2641 0.5 
1 2406 1 2471 0 2472 0 2640 0.5 2641 0.5 
2 2471 1 2405 0 2406 0 2640 0.5 2641 0.5 
2 2472 1 2405 0 2406 0 2640 0.5 2641 0.5 
2 2470 1 2405 0 2640 0.5 2641 0.5 
0 2640 2.5 2405 0.5 2406 0.5 2471 0.5 2472 0.5 2470 0.5 
0 2641 2.5 2405 0.5 2406 0.5 2471 0.5 2472 0.5 2470 0.5 
NanList DIR 0
d
21
0 0 -13.8103 0 0 -13.8103 0 0 13.8103 0 0 13.8103 0 0 13.8103 0 0 0 0 0 0 
s	22
2498 2501 2537 2539 2602 2605 2635 2638 
2498 2499 2500 2501 2537 2538 2539 2602 2603 2604 2605 2635 2636 2637 2638 
b
4 0
0.738534 0.284293 0.720952
2499 0 0 1
2500 0 0 1
2538 0 0 2
2603 0 0 1
2604 0 0 3
2636 0 0 1
2637 0 0 3
g
0
2 2 0 0 1 2 0 2 4
t
2
44
16368.3 2084.54 100
16368.3 2084.54 -100
a
8
110
2501 2497 2539 2536 2605 2601 2638 2634 
1 2636 1 2604 0 2603 0 2499 0 2500 0 2498 0 2640 0.5 2641 0.5 
1 2637 1 2604 0 2499 0 2500 0 2640 0.5 2641 0.5 
1 2635 1 2604 0 2640 0.5 2641 0.5 
2 2604 1 2636 0 2538 0 2637 0 2635 0 2640 0.5 2641 0.5 
2 2603 1 2636 0 2538 0 2537 0 2640 0.5 2641 0.5 
2 2602 1 2538 0 2640 0.5 2641 0.5 
2 2499 1 2636 0 2637 0 2640 0.5 2641 0.5 
2 2500 1 2636 0 2637 0 2640 0.5 2641 0.5 
2 2498 1 2636 0 2640 0.5 2641 0.5 
1 2538 1 2604 0 2603 0 2602 0 2640 0.5 2641 0.5 
1 2537 1 2603 0 2640 0.5 2641 0.5 
0 2640 5.5 2636 0.5 2637 0.5 2635 0.5 2604 0.5 2603 0.5 2602 0.5 2499 0.5 2500 0.5 2498 0.5 2538 0.5 2537 0.5 
0 2641 5.5 2636 0.5 2637 0.5 2635 0.5 2604 0.5 2603 0.5 2602 0.5 2499 0.5 2500 0.5 2498 0.5 2538 0.5 2537 0.5 
NanList DIR 0
d
39
0 0 -13.4686 0 0 -13.4686 0 0 -13.4686 0 0 13.4686 0 0 13.4686 0 0 13.4686 0 0 13.4686 0 0 13.4686 0 0 13.4686 0 0 -13.4686 0 0 -13.4686 0 0 0 0 0 0 
s	23
2584 2587 2616 2620 
2584 2585 2586 2587 2616 2617 2618 2619 2620 
b
2 0
0.687861 0.354049 0.639979
2585 0 0 2
2586 0 0 2
2617 0 0 1
2618 0 0 2
2619 0 0 1
g
0
2 2 0 0 1 2 0 2 4
t
2
46
16643.4 842.701 100
16643.4 842.701 -100
a
4
118
2587 2583 2620 2615 
1 2584 1 2617 0 2616 0 2640 0.5 2641 0.5 
1 2585 1 2617 0 2618 0 2640 0.5 2641 0.5 
1 2586 1 2618 0 2619 0 2640 0.5 2641 0.5 
2 2617 1 2584 0 2585 0 2640 0.5 2641 0.5 
2 2618 1 2585 0 2586 0 2640 0.5 2641 0.5 
2 2616 1 2584 0 2640 0.5 2641 0.5 
2 2619 1 2586 0 2640 0.5 2641 0.5 
0 2640 3.5 2584 0.5 2585 0.5 2586 0.5 2617 0.5 2618 0.5 2616 0.5 2619 0.5 
0 2641 3.5 2584 0.5 2585 0.5 2586 0.5 2617 0.5 2618 0.5 2616 0.5 2619 0.5 
NanList DIR 0
d
27
0 0 -6.40815 0 0 -6.40815 0 0 -6.40815 0 0 6.40815 0 0 6.40815 0 0 6.40815 0 0 6.40815 0 0 0 0 0 0 
