33 1 0.1 0.3 1 0 21 1
p
0
30
1000 0 0
991.674 78.6907 0
983.347 157.381 0
974.856 236.055 0
966.151 314.705 0
957.146 393.322 0
947.839 471.904 0
938.167 550.444 0
928.091 628.934 0
917.575 707.368 0
906.59 785.739 0
895.113 864.043 0
883.127 942.272 0
870.756 1020.45 0
858.019 1098.56 0
844.797 1176.6 0
831.097 1254.57 0
816.884 1332.44 0
802.125 1410.22 0
786.788 1487.9 0
770.839 1565.45 0
754.245 1642.88 0
736.972 1720.17 0
718.99 1797.3 0
700.264 1874.27 0
680.763 1951.06 0
660.455 2027.64 0
639.308 2104.02 0
617.291 2180.16 0
594.373 2256.05 0
570.683 2331.72 0
p
1
30
1200 0 0
1198.29 62.3138 0
1196.57 124.628 0
1194.86 186.941 0
1193.14 249.255 0
1191.43 311.569 0
1189.71 373.883 0
1188 436.197 0
1186.28 498.51 0
1184.57 560.824 0
1182.85 623.138 0
1181.14 685.452 0
1179.42 747.766 0
1177.71 810.08 0
1175.99 872.393 0
1174.28 934.707 0
1172.56 997.021 0
1170.85 1059.33 0
1169.13 1121.65 0
1167.42 1183.96 0
1165.7 1246.28 0
1163.99 1308.59 0
1162.27 1370.9 0
1160.56 1433.22 0
1158.84 1495.53 0
1157.13 1557.85 0
1155.41 1620.16 0
1153.7 1682.47 0
1151.99 1744.79 0
1150.27 1807.1 0
1148.56 1869.41 0
p
2
30
1400 0 0
1394.56 82.5836 0
1389.11 165.167 0
1384 247.768 0
1379.37 330.395 0
1375.49 413.058 0
1372.68 495.764 0
1371.31 578.506 0
1371.76 661.259 0
1374.32 743.969 0
1378.45 826.609 0
1382.9 909.245 0
1387.65 991.885 0
1391.99 1074.55 0
1395.39 1157.25 0
1397.34 1239.98 0
1397.39 1322.72 0
1395.19 1405.41 0
1390.44 1487.98 0
1382.97 1570.35 0
1372.68 1652.42 0
1359.59 1734.12 0
1343.83 1815.36 0
1325.6 1896.13 0
1305.21 1976.42 0
1283.06 2056.28 0
1259.58 2135.79 0
1235.29 2215.07 0
1210.74 2294.29 0
1186.35 2373.56 -5.65584
1161.98 2452.88 -5.65584
p
3
30
1600 0 0
1598.77 81.3312 0
1597.53 162.662 0
1595.55 243.992 0
1592.7 325.308 0
1588.73 406.594 0
1583.46 487.83 0
1576.74 568.993 0
1568.4 650.058 0
1558.26 731.01 0
1544.48 811.678 0
1527.85 891.979 0
1511.9 972.399 0
1496.08 1052.91 0
1480.48 1133.47 0
1466 1214.22 0
1452.23 1295.06 0
1439 1375.98 0
1426.11 1456.95 0
1413.36 1537.95 0
1400.55 1618.98 0
1387.53 1700.03 0
1374.15 1781.1 0
1360.22 1862.16 0
1345.49 1943.14 0
1329.56 2023.94 0
1311.77 2104.39 0
1291.1 2184.15 0
1265.95 2262.64 0
1233.99 2338.68 5.65584
1194.45 2411.11 5.65584
p
4
30
1800 0 0
1787.76 91.9612 0
1775.53 183.922 0
1763.88 275.959 0
1753.1 368.103 0
1743.66 460.399 0
1736.18 552.888 0
1731.47 645.583 0
1730.57 738.44 0
1734.85 831.288 0
1744.73 923.814 0
1758.01 1015.99 0
1771.12 1108.27 0
1781.87 1200.85 0
1787.58 1293.81 0
1787.45 1386.88 0
1779.89 1479.55 0
1764.08 1571.15 0
1739.71 1660.87 0
1706.93 1747.98 0
1666.33 1831.93 0
1618.89 1912.45 0
1565.82 1989.67 0
1508.56 2064.1 0
1448.62 2136.6 0
1387.61 2208.32 0
1327.18 2280.53 0
1269.04 2354.48 0
1213.87 2430.56 0
1158.93 2506.88 0
1103.86 2583.15 0
p
5
30
2000 0 0
1997.82 72.9879 0
1995.63 145.976 0
1993.45 218.964 0
1991.26 291.952 0
1989.08 364.94 0
1986.89 437.928 0
1984.71 510.916 0
1982.52 583.903 0
1980.34 656.891 0
1978.15 729.879 0
1975.97 802.867 0
1973.78 875.855 0
1971.6 948.843 0
1969.41 1021.83 0
1967.23 1094.82 0
1965.04 1167.81 0
1962.86 1240.79 0
1960.68 1313.78 0
1958.49 1386.77 0
1956.31 1459.76 0
1954.12 1532.75 0
1951.94 1605.73 0
1949.75 1678.72 0
1947.57 1751.71 0
1945.38 1824.7 0
1943.2 1897.69 0
1941.01 1970.67 0
1938.83 2043.66 0
1936.64 2116.65 0
1934.46 2189.64 0
p
6
30
2200 0 0
2203.62 67.249 0
2207.24 134.498 0
2210.85 201.747 0
2214.47 268.996 0
2218.09 336.245 0
2221.71 403.494 0
2225.33 470.743 0
2228.95 537.992 0
2232.56 605.241 0
2236.18 672.49 0
2239.8 739.739 0
2243.42 806.988 0
2247.04 874.237 0
2250.66 941.486 0
2254.27 1008.73 0
2257.89 1075.98 0
2261.51 1143.23 0
2265.13 1210.48 0
2268.75 1277.73 0
2272.36 1344.98 0
2275.98 1412.23 0
2279.6 1479.48 0
2283.22 1546.73 0
2286.84 1613.98 0
2290.46 1681.22 0
2294.07 1748.47 0
2297.69 1815.72 0
2301.31 1882.97 0
2304.93 1950.22 0
2308.55 2017.47 0
p
7
30
2400 0 0
2402.51 87.3335 0
2405.03 174.667 0
2404.83 262.058 0
2401.72 349.42 0
2394.2 436.562 0
2389.09 523.971 0
2386.52 611.515 0
2386.38 698.967 0
2390.19 786.442 0
2398.49 873.633 0
2411.66 960.278 0
2429.82 1046.11 0
2452.85 1130.9 0
2480.41 1214.5 0
2512 1296.85 0
2546.93 1378.03 0
2584.38 1458.24 0
2623.45 1537.77 0
2663.17 1617.01 0
2702.52 1696.39 0
2740.5 1776.33 0
2776.22 1857.15 0
2810.2 1938.77 -12.163
2845.17 2020.05 -12.163
2880.83 2101.11 -12.163
2916.62 2182.13 -12.163
2952.42 2263.15 -12.163
2988.22 2344.17 0
3024.03 2425.19 0
3059.83 2506.21 0
p
8
30
2600 0 0
2598.16 73.3304 0
2596.31 146.661 0
2595.29 220.032 0
2595.71 293.441 0
2598.48 366.884 0
2604.69 440.178 0
2614.55 513.195 0
2623.74 586.665 0
2633.9 659.999 0
2645.04 733.32 0
2656.48 806.713 0
2668.76 880.103 0
2681.58 953.517 0
2694.82 1026.96 0
2708.31 1100.41 0
2721.81 1173.88 0
2735.06 1247.34 0
2747.75 1320.79 0
2759.54 1394.23 0
2770.02 1467.67 0
2778.76 1541.13 0
2785.29 1614.64 0
2789.9 1688.21 -6.32911
2795.66 1761.83 -6.32911
2806.71 1834.97 0
2828.55 1906.02 12.163
2853.45 1976.18 12.163
2878.32 2046.28 12.163
2903.2 2116.37 12.163
2928.15 2186.43 12.163
p
9
30
2800 0 0
2817.51 84.2651 0
2835.02 168.53 0
2839.91 255.266 0
2827.02 342.657 0
2809.4 428.459 0
2813.03 514.717 0
2845.41 594.221 0
2900.04 662.04 0
2961.82 725.217 0
3022.15 789.681 0
3071.6 861.657 0
3106.68 940.778 0
3129.08 1024.35 0
3139.96 1110.35 0
3136.25 1197.3 0
3117.4 1282.87 0
3079.41 1362.68 0
3023.49 1432.57 0
2955.14 1492.15 0
2884.75 1549.42 0
2831.56 1621.21 6.32911
2813.22 1706.57 6.32911
2836.37 1789.38 6.32911
2891.71 1855.81 0
2967.84 1900.06 0
3051.46 1931.39 0
3131.54 1970.7 0
3195.52 2032.52 0
3242.1 2109.2 -12.292
3270.49 2196.1 -12.292
p
10
30
3000 0 0
2994.78 66.3376 0
2989.55 132.675 0
2987.5 199.371 0
2991.14 266.516 0
3006.58 333.865 0
3023.14 400.498 0
3041.63 466.704 0
3058.87 533.071 0
3074.52 599.8 0
3089.61 666.694 0
3104.58 733.718 0
3119.38 800.848 0
3134.23 867.953 0
3148.49 935.051 0
3160.42 1002.35 0
3167.81 1069.98 0
3171.23 1137.76 0
3170.75 1205.62 0
3166.86 1273.82 0
3161.26 1342.45 0
3152.34 1410.51 -8.27134
3144.02 1478.68 -8.27134
3140.45 1547.45 -8.27134
3138.51 1616.4 -8.27134
3139.32 1685.68 0
3145.21 1755.16 0
3156.11 1824.46 0
3171.93 1892.92 0
3194.24 1959.35 0
3224.13 2022.52 0
p
11
30
3200 0 0
3196.2 80.5268 0
3192.4 161.054 0
3193.25 241.834 0
3204.66 322.633 0
3227.78 401.944 0
3255.56 479.594 0
3290.6 554.714 0
3331.69 627.334 0
3371.99 700.94 0
3409.31 776.454 0
3440.1 854.495 13.7138
3459.31 935.25 13.7138
3464.28 1017.08 13.7138
3452.04 1097.43 13.7138
3420.59 1172.22 13.7138
3371.68 1237.45 13.7138
3311.9 1293.5 0
3249.24 1346.38 0
3195.27 1407.16 8.27134
3164.74 1481.73 8.27134
3160.4 1562.17 8.27134
3176.56 1641.37 8.27134
3208.95 1716.18 0
3249.29 1787.45 0
3288.66 1859.4 0
3318.16 1935.89 0
3329.86 2017.11 0
3319.37 2099 12.292
3289.21 2176.93 12.292
3249.89 2251.94 12.292
p
12
30
3400 0 0
3409.97 80.4115 0
3419.95 160.823 0
3430.52 241.09 0
3447.29 320.409 0
3471.69 397.927 0
3494.01 476.147 0
3512.37 555.332 -13.7138
3523.1 635.759 -13.7138
3523.21 716.865 -13.7138
3514.84 797.655 -13.7138
3499.55 877.642 -13.7138
3480.54 957.031 -13.7138
3460.02 1036.2 -13.7138
3439.07 1115.33 -13.7138
3417.69 1194.4 -13.7138
3397.2 1273.71 -13.7138
3380.59 1353.76 0
3369.8 1434.63 0
3366.17 1515.97 0
3370.63 1597.15 0
3383.62 1677.32 0
3404.99 1755.66 0
3434.05 1831.55 0
3469.84 1904.63 0
3510.99 1974.97 0
3555.88 2043.14 0
3602.69 2110.13 0
3649.44 2177.27 0
3694.7 2245.48 20.0633
3739.63 2314.07 20.0633
p
13
30
3600 0 0
3589.32 74.9853 0
3578.65 149.971 0
3573.61 225.737 0
3569.24 301.553 0
3566.65 377.498 0
3562.75 453.349 0
3556.49 528.962 0
3547.31 604.249 13.7138
3536.74 679.394 13.7138
3527.64 754.825 13.7138
3520.26 830.531 13.7138
3515.48 906.55 13.7138
3513.79 982.821 13.7138
3513.84 1059.2 0
3515.76 1135.64 0
3519.49 1212.07 0
3524.87 1288.42 0
3531.73 1364.67 0
3539.92 1440.8 0
3549.45 1516.81 0
3560.52 1592.68 0
3573.63 1668.32 0
3589.7 1743.54 0
3606.45 1818.7 0
3624.47 1893.66 0
3643.69 1968.34 0
3664.08 2042.68 0
3685.53 2116.61 0
3707.78 2190.18 0
3730.36 2263.53 0
p
14
30
3800 0 0
3804.43 77.0954 0
3808.86 154.191 0
3811.94 231.427 0
3814.32 308.72 0
3813.96 386.228 0
3811.47 463.772 0
3808.26 541.386 0
3803.09 619.051 0
3799.3 696.953 0
3795.52 774.79 0
3792.18 852.684 0
3789.27 930.614 0
3786.8 1008.56 0
3784.57 1086.49 0
3782.55 1164.41 0
3780.65 1242.29 0
3778.81 1320.16 0
3776.97 1398.02 0
3775.05 1475.9 0
3773 1553.79 0
3770.72 1631.7 0
3768.11 1709.63 0
3765.07 1787.57 0
3761.54 1865.48 0
3757.53 1943.35 0
3753.28 2021.16 0
3749.41 2098.94 0
3747.24 2176.71 -18.5705
3747.75 2254.34 -18.5705
3748.3 2331.85 -18.5705
p
15
30
4000 0 0
3998.23 85.8751 0
3996.45 171.75 0
3996.46 257.647 0
3999.74 343.517 0
4008.93 429.067 0
4020.51 514.389 0
4033.77 599.526 0
4046.45 684.744 0
4056.47 770.233 0
4063.32 856.013 0
4065.82 941.949 0
4063.41 1027.82 0
4055.9 1113.37 0
4043.42 1198.36 0
4026.42 1282.62 0
4005.58 1366.1 0
3981.79 1448.88 0
3956.04 1531.14 0
3929.36 1613.15 0
3902.81 1695.18 0
3877.33 1777.5 0
3853.74 1860.31 0
3832.7 1943.7 0
3814.59 2027.68 0
3799.56 2112.19 0
3787.45 2197.11 0
3777.35 2282.37 0
3767.11 2367.71 0
3756.73 2453.05 0
3746.35 2538.39 0
p
16
30
4200 0 0
4199.36 61.2935 0
4198.72 122.587 0
4198.07 183.881 0
4197.43 245.174 0
4196.79 306.468 0
4196.15 367.761 0
4195.51 429.055 0
4194.86 490.348 0
4194.22 551.642 0
4193.58 612.935 0
4192.94 674.229 0
4192.3 735.522 0
4191.66 796.816 0
4191.01 858.109 0
4190.37 919.403 0
4189.73 980.696 0
4189.09 1041.99 0
4188.45 1103.28 0
4187.8 1164.58 0
4187.16 1225.87 0
4186.52 1287.16 0
4185.88 1348.46 0
4185.24 1409.75 0
4184.59 1471.04 0
4183.95 1532.34 0
4183.31 1593.63 0
4182.67 1654.92 0
4182.03 1716.22 0
4181.39 1777.51 0
4180.74 1838.81 0
p
17
30
4400 0 0
4392.67 72.7731 0
4385.34 145.546 0
4378.01 218.319 0
4370.68 291.092 0
4363.36 363.865 0
4356.03 436.639 0
4348.7 509.412 0
4341.37 582.185 0
4334.04 654.958 0
4326.71 727.731 0
4319.38 800.504 0
4312.05 873.277 0
4304.72 946.05 0
4297.39 1018.82 0
4290.07 1091.6 0
4282.74 1164.37 0
4275.41 1237.14 0
4268.08 1309.92 0
4260.75 1382.69 0
4253.42 1455.46 0
4246.09 1528.23 0
4238.76 1601.01 0
4231.43 1673.78 0
4224.1 1746.55 0
4216.78 1819.33 0
4209.45 1892.1 0
4202.12 1964.87 0
4194.79 2037.65 0
4187.46 2110.42 0
4180.13 2183.19 0
p
18
30
4600 0 0
4608.38 79.8057 0
4616.75 159.611 0
4623.31 239.591 0
4629.13 319.638 0
4634.18 399.755 0
4638.58 479.925 0
4642.61 560.127 0
4646.58 640.339 0
4650.84 720.534 0
4655.81 800.683 0
4661.9 880.745 0
4669.51 960.666 0
4678.7 1040.41 0
4689.77 1119.91 0
4702.88 1199.09 0
4718.14 1277.9 0
4735.63 1356.25 0
4755.36 1434.09 0
4777.32 1511.36 0
4801.42 1588.04 0
4827.54 1664.09 0
4855.51 1739.52 0
4885.12 1814.38 0
4916.11 1888.71 0
4948.19 1962.62 0
4981.02 2036.21 0
5014.25 2109.65 0
5047.49 2183.09 0
5080.54 2256.62 0
5113.85 2330.07 0
p
19
30
4800 0 0
4799.14 76.0876 0
4798.27 152.175 0
4797.21 228.261 0
4796.84 304.362 0
4796.94 380.467 0
4797.75 456.574 0
4799.43 532.674 0
4802.09 608.756 0
4805.86 684.802 0
4810.85 760.791 0
4817.12 836.695 0
4824.8 912.486 0
4833.82 988.142 0
4843.9 1063.68 0
4855 1139.09 0
4867.02 1214.38 0
4879.88 1289.55 0
4893.52 1364.59 0
4907.88 1439.52 0
4922.92 1514.33 0
4938.63 1589.02 0
4954.98 1663.59 0
4971.99 1738.03 0
4989.64 1812.33 0
5007.95 1886.49 0
5026.95 1960.5 0
5046.66 2034.33 0
5067.1 2107.98 0
5088.31 2181.44 0
5110.19 2254.71 0
p
20
30
5000 0 0
4995.08 75.5782 0
4990.15 151.156 0
4985.83 226.784 0
4981.59 302.408 0
4977.9 378.065 0
4974.82 453.752 0
4972.52 529.469 0
4971.14 605.214 0
4970.86 680.977 0
4971.84 756.745 0
4973.72 832.507 0
4976.57 908.254 0
4980.31 983.979 0
4984.87 1059.68 0
4990.2 1135.35 0
4996.23 1210.99 0
5002.94 1286.6 0
5010.27 1362.17 0
5018.18 1437.7 0
5026.65 1513.19 0
5035.64 1588.64 0
5045.13 1664.05 0
5055.1 1739.4 0
5065.53 1814.71 0
5076.39 1889.96 0
5087.68 1965.15 0
5099.38 2040.28 0
5111.48 2115.35 0
5123.89 2190.37 11.2359
5136.37 2265.37 11.2359
p
21
30
5200 0 0
5214.8 75.6906 0
5229.61 151.381 0
5243.19 227.319 0
5255.99 303.396 0
5267.66 379.667 0
5278.03 456.141 0
5286.97 532.814 0
5294.49 609.653 0
5300.53 686.64 0
5305.01 763.749 0
5307.89 840.951 0
5309.09 918.214 0
5308.56 995.504 0
5306.2 1072.78 0
5301.91 1149.99 0
5295.89 1227.11 0
5288.08 1304.1 0
5278.5 1380.91 0
5267.87 1457.6 0
5256.35 1534.18 0
5244.28 1610.69 0
5231.97 1687.17 0
5219.72 1763.66 0
5207.86 1840.2 0
5196.68 1916.83 0
5186.52 1993.58 0
5177.7 2070.46 0
5170.58 2147.49 -11.2359
5165.21 2224.62 -11.2359
5160.54 2301.8 -11.2359
p
22
30
5400 0 0
5410.1 78.4775 0
5420.21 156.955 0
5428.71 235.649 0
5435.79 314.488 0
5440.82 393.507 0
5443.29 472.681 0
5442.62 551.937 0
5439.84 631.196 0
5435.07 710.397 0
5428.79 789.511 0
5421.58 868.542 0
5414.07 947.524 0
5406.95 1026.52 0
5400.03 1105.51 0
5390.29 1184.23 0
5379.21 1262.79 0
5367.35 1341.26 0
5355.63 1419.72 0
5344.11 1498.19 0
5333.47 1576.73 0
5324.12 1655.41 0
5315.39 1734.15 0
5303.28 1812.45 0
5286.59 1889.99 0
5264.96 1966.46 0
5242.4 2042.7 0
5219 2118.67 0
5196.48 2194.9 11.2359
5179.34 2272.35 11.2359
5169.61 2351.04 11.2359
p
23
30
5600 0 0
5584.45 78.3956 0
5568.89 156.791 0
5553.6 235.219 0
5539.1 313.807 0
5525.7 392.599 0
5513.81 471.645 0
5503.81 550.973 0
5494.37 630.368 0
5485.34 709.813 0
5476.26 789.243 0
5466.68 868.6 0
5456.2 947.831 0
5444.45 1026.89 0
5431.72 1105.83 0
5420.42 1185.03 0
5410.16 1264.39 0
5400.74 1343.87 0
5391.8 1423.41 0
5382.29 1502.87 0
5371.6 1582.19 0
5358.91 1661.21 0
5344.25 1739.93 0
5330.38 1818.84 0
5318.01 1898.04 0
5306.73 1977.42 0
5292.35 2056.28 0
5274.15 2134.35 0
5251.25 2211.15 0
5222.84 2286.05 -11.2359
5189.37 2358.82 -11.2359
p
24
30
5800 0 0
5801.15 60.5806 0
5802.31 121.161 0
5803.46 181.742 0
5804.61 242.322 0
5805.76 302.903 0
5806.92 363.484 0
5808.07 424.064 0
5809.22 484.645 0
5810.37 545.225 0
5811.53 605.806 0
5812.68 666.386 0
5813.83 726.967 0
5814.98 787.548 0
5816.14 848.128 0
5817.29 908.709 0
5818.44 969.289 0
5819.59 1029.87 0
5820.75 1090.45 0
5821.9 1151.03 0
5823.05 1211.61 0
5824.2 1272.19 0
5825.36 1332.77 0
5826.51 1393.35 0
5827.66 1453.93 0
5828.81 1514.51 0
5829.97 1575.1 0
5831.12 1635.68 0
5832.27 1696.26 0
5833.42 1756.84 0
5834.58 1817.42 0
p
25
30
6000 0 0
5994.3 79.9123 0
5988.6 159.825 0
5982.91 239.737 0
5977.21 319.649 0
5971.51 399.562 0
5965.81 479.474 0
5960.12 559.386 0
5954.42 639.299 0
5948.72 719.211 0
5943.02 799.123 0
5937.32 879.036 0
5931.63 958.948 0
5925.93 1038.86 0
5920.23 1118.77 0
5914.53 1198.69 0
5908.83 1278.6 0
5903.14 1358.51 0
5897.44 1438.42 0
5891.74 1518.33 0
5886.04 1598.25 0
5880.35 1678.16 0
5874.65 1758.07 0
5868.95 1837.98 0
5863.25 1917.9 0
5857.55 1997.81 0
5851.86 2077.72 0
5846.16 2157.63 0
5840.46 2237.55 0
5834.76 2317.46 0
5829.07 2397.37 0
p
26
30
6200 0 0
6192.86 70.3435 0
6185.73 140.687 0
6178.59 211.031 0
6171.46 281.374 0
6164.32 351.718 0
6157.19 422.061 0
6150.05 492.405 0
6142.92 562.748 0
6135.78 633.092 0
6128.65 703.435 0
6121.51 773.779 0
6114.37 844.122 0
6107.24 914.466 0
6100.1 984.809 0
6092.97 1055.15 0
6085.83 1125.5 0
6078.7 1195.84 0
6071.56 1266.18 0
6064.43 1336.53 0
6057.29 1406.87 0
6050.16 1477.21 0
6043.02 1547.56 0
6035.89 1617.9 0
6028.75 1688.24 0
6021.61 1758.59 0
6014.48 1828.93 0
6007.34 1899.28 0
6000.21 1969.62 0
5993.07 2039.96 0
5985.94 2110.31 0
p
27
30
6400 0 0
6400.5 64.0884 0
6400.99 128.177 0
6400.12 192.274 0
6397.29 256.336 0
6391.47 320.234 0
6381.4 383.678 0
6369.03 446.849 0
6354.09 509.613 0
6337.06 571.987 0
6318.39 634.021 0
6298.59 695.799 0
6278.12 757.423 0
6257.5 819.009 0
6237.22 880.677 0
6217.78 942.539 0
6199.66 1004.69 0
6183.21 1067.26 -10.7247
6168.35 1130.17 -10.7247
6155.08 1193.38 -10.7247
6143.8 1256.89 -10.7247
6134.61 1320.64 -10.7247
6127.28 1384.53 -10.7247
6121.01 1448.4 0
6114.93 1512.28 0
6108.86 1576.17 0
6102.78 1640.06 0
6096.7 1703.94 0
6090.62 1767.83 0
6084.54 1831.71 0
6078.46 1895.6 0
p
28
30
6600 0 0
6601.01 80.9469 0
6602.02 161.894 0
6602.68 242.823 0
6601.34 323.748 0
6595.64 404.553 0
6583.04 484.764 0
6558.61 562.702 0
6523.36 637.049 0
6474.22 704.106 0
6421.77 769.606 0
6366.83 833.571 0
6313.63 898.882 0
6265.9 967.627 0
6226.37 1040.47 10.7247
6194.94 1116.36 10.7247
6172.97 1194.89 10.7247
6161.56 1275.25 10.7247
6160.66 1356.32 10.7247
6170.73 1436.91 0
6194.67 1514.82 0
6229.26 1589.07 0
6268.98 1661.02 0
6308.01 1733.35 0
6340.3 1808.64 14.3141
6363.19 1887.29 14.3141
6385.21 1966.24 14.3141
6407.79 2045.15 14.3141
6430.72 2124.03 0
6453.71 2202.88 0
6476.71 2281.73 0
p
29
30
6800 0 0
6793.02 61.861 0
6786.04 123.722 0
6777.37 185.452 0
6766.11 246.887 0
6754.12 308.322 0
6738.71 369.314 0
6723.75 430.534 0
6703.56 490.535 0
6688.48 553.441 0
6671.42 615.837 0
6653.76 678.417 0
6636 741.011 0
6618.3 803.376 0
6600.8 865.374 0
6583.54 926.998 0
6566.5 988.363 0
6549.59 1049.66 0
6532.73 1111.11 0
6515.79 1172.88 0
6498.67 1235.06 0
6481.28 1297.61 0
6463.57 1360.37 0
6445.61 1423.12 0
6427.66 1485.7 0
6410.4 1548.09 0
6395.37 1610.58 0
6384.56 1673.61 14.3141
6378.28 1737.12 14.3141
6378.15 1800.77 14.3141
6385.08 1863.69 14.3141
p
30
30
7000 0 0
6986.99 75.3813 0
6973.99 150.763 0
6962.48 226.37 0
6952.85 302.219 0
6945.63 378.297 0
6939.64 454.358 0
6931.34 530.178 0
6919.36 605.451 0
6903.66 679.813 0
6883.27 753.208 0
6858.1 825.206 0
6828.39 895.611 0
6794.65 964.385 0
6757.66 1031.68 0
6718.33 1097.82 0
6677.64 1163.26 0
6636.62 1228.54 0
6596.24 1294.16 0
6557.37 1360.58 0
6520.73 1428.1 0
6486.84 1496.87 0
6455.94 1566.91 0
6428.01 1638.08 -14.3141
6403.57 1710.43 -14.3141
6386.42 1784.88 -14.3141
6379.28 1861.21 -14.3141
6376.67 1938.09 -14.3141
6374.66 2014.99 -14.3141
6372.31 2091.88 -14.3141
6369.87 2168.76 0
p
31
30
7200 0 0
7201.02 78.9609 0
7202.03 157.922 0
7202.99 236.884 0
7203.93 315.846 0
7204.84 394.808 0
7205.73 473.771 0
7206.6 552.733 0
7207.44 631.697 0
7208.28 710.66 0
7209.09 789.624 0
7209.9 868.587 0
7210.7 947.551 0
7211.49 1026.51 0
7212.27 1105.48 0
7213.06 1184.44 0
7213.84 1263.41 0
7214.63 1342.37 0
7215.42 1421.33 0
7216.23 1500.3 0
7217.04 1579.26 0
7217.87 1658.23 0
7218.71 1737.19 0
7219.57 1816.15 0
7220.45 1895.11 0
7221.36 1974.08 0
7222.29 2053.04 0
7223.25 2132 0
7224.24 2210.96 0
7225.26 2289.92 0
7226.32 2368.88 0
p
32
30
7400 0 0
7395.31 80.7053 0
7390.61 161.411 0
7385.95 242.118 0
7381.3 322.825 0
7376.65 403.533 0
7372.02 484.242 0
7367.4 564.951 0
7362.78 645.661 0
7358.16 726.37 0
7353.54 807.08 0
7348.93 887.79 0
7344.31 968.499 0
7339.69 1049.21 0
7335.06 1129.92 0
7330.42 1210.63 0
7325.77 1291.33 0
7321.1 1372.04 0
7316.42 1452.75 0
7311.73 1533.45 0
7307.01 1614.16 0
7302.27 1694.86 0
7297.51 1775.56 0
7292.72 1856.26 0
7287.91 1936.96 0
7283.06 2017.65 0
7278.18 2098.35 0
7273.27 2179.04 0
7268.32 2259.73 0
7263.34 2340.42 0
7258.32 2421.1 0
p
33
30
7600 0 0
7594.09 78.1141 0
7588.18 156.228 0
7582.28 234.342 0
7576.37 312.457 0
7570.46 390.571 0
7564.55 468.685 0
7558.65 546.799 0
7552.74 624.913 0
7546.83 703.027 0
7540.92 781.141 0
7535.02 859.256 0
7529.11 937.37 0
7523.2 1015.48 0
7517.29 1093.6 0
7511.39 1171.71 0
7505.48 1249.83 0
7499.57 1327.94 0
7493.66 1406.05 0
7487.75 1484.17 0
7481.85 1562.28 0
7475.94 1640.4 0
7470.03 1718.51 0
7464.12 1796.63 0
7458.22 1874.74 0
7452.31 1952.85 0
7446.4 2030.97 0
7440.49 2109.08 0
7434.59 2187.2 0
7428.68 2265.31 0
7422.77 2343.42 0
p
34
30
7800 0 0
7801.51 80.162 0
7803.03 160.324 0
7804.54 240.486 0
7806.05 320.648 0
7807.57 400.81 0
7809.08 480.972 0
7810.59 561.134 0
7812.11 641.296 0
7813.62 721.458 0
7815.13 801.62 0
7816.64 881.783 0
7818.16 961.945 0
7819.67 1042.11 0
7821.18 1122.27 0
7822.7 1202.43 0
7824.21 1282.59 0
7825.72 1362.75 0
7827.24 1442.92 0
7828.75 1523.08 0
7830.26 1603.24 0
7831.78 1683.4 0
7833.29 1763.57 0
7834.8 1843.73 0
7836.32 1923.89 0
7837.83 2004.05 0
7839.34 2084.21 0
7840.85 2164.38 0
7842.37 2244.54 0
7843.88 2324.7 0
7845.39 2404.86 0
p
35
30
8000 0 0
8008.73 91.8767 0
8017.46 183.753 0
8025.19 275.723 0
8031.44 367.813 0
8035.31 460.057 0
8035.19 552.444 0
8027.41 644.73 0
8014.88 736.634 0
7996.59 827.806 0
7974.77 918.386 0
7951.23 1008.63 0
7928.92 1099.16 0
7911.62 1190.66 0
7903.43 1283.24 0
7905.36 1376.02 0
7920.19 1467.6 0
7948.99 1555.92 0
7991.85 1638.72 0
8047.81 1713.97 0
8115 1780.39 0
8191 1837.82 0
8273.22 1887.4 0
8359.14 1931.52 0
8446.45 1973.61 0
8532.79 2017.71 0
8616.69 2065.85 -28.0804
8701.15 2113.69 -28.0804
8785.84 2161.25 0
8870.25 2209.27 0
8952.92 2260.05 0
p
36
30
8200 0 0
8197.22 72.7489 0
8194.44 145.498 0
8191.6 218.245 0
8188.63 290.987 0
8185.27 363.712 0
8180.72 436.379 0
8172.25 508.775 0
8163.91 581.238 0
8155.63 653.809 0
8147.92 726.529 0
8141.8 799.49 0
8138.19 872.701 0
8137.95 946.08 0
8141.85 1019.44 0
8149.95 1092.53 0
8161.5 1165.24 0
8176.67 1237.38 0
8195.27 1308.81 0
8217.18 1379.41 0
8242.31 1449.06 0
8270.57 1517.63 0
8301.94 1585 0
8336.36 1651.03 0
8373.84 1715.57 0
8414.35 1778.46 0
8457.89 1839.54 0
8504.45 1898.6 0
8554.01 1955.46 0
8606.55 2009.92 0
8661.54 2062.22 0
p
37
30
8400 0 0
8400.3 78.0692 0
8400.59 156.138 0
8400.34 234.207 0
8399.28 312.27 0
8396.86 390.31 0
8392.01 468.26 0
8382.16 545.848 0
8369.43 623.082 0
8353.03 699.741 0
8334.98 776.135 0
8316.22 852.431 0
8298.21 928.932 0
8282.48 1005.92 0
8270.6 1083.53 0
8264.08 1161.72 0
8264.24 1240.12 0
8271.24 1318.18 0
8285.62 1395.26 0
8307.35 1470.67 0
8336.11 1543.82 0
8371.3 1614.3 0
8412.1 1681.93 0
8457.51 1746.81 0
8506.41 1809.32 0
8557.64 1870.13 0
8609.98 1930.12 0
8662.14 1990.29 0
8713.47 2051.14 0
8765.37 2111.62 27.21
8817.53 2171.92 27.21
p
38
30
8600 0 0
8589.91 68.2106 0
8579.82 136.421 0
8569.86 204.654 0
8560.04 272.906 0
8550.29 341.171 0
8540.29 409.401 0
8529.14 477.466 0
8518.2 545.575 0
8507.45 613.736 0
8497.44 682.041 0
8488.55 750.538 0
8481.15 819.26 0
8475.61 888.213 0
8472.25 957.372 0
8471.41 1026.68 0
8473.44 1096.05 0
8477.54 1165.39 0
8483.89 1234.64 0
8492.38 1303.74 0
8502.96 1372.62 0
8515.65 1441.21 0
8530.46 1509.43 0
8547.47 1577.19 0
8566.78 1644.38 0
8588.5 1710.89 0
8612.78 1776.56 0
8639.79 1841.23 0
8669.7 1904.69 0
8702.7 1966.71 0
8738.37 2027.31 0
p
39
30
8800 0 0
8803.7 76.0577 0
8807.4 152.115 0
8810.68 228.187 0
8813.21 304.285 0
8814.32 380.422 0
8812.77 456.573 0
8805.68 532.521 0
8785.27 606.787 0
8752.66 677.346 0
8715.82 746.613 0
8676.9 815.346 0
8640.21 885.376 0
8608.46 957.41 0
8584.92 1031.89 0
8571.91 1108.21 0
8570.78 1185.05 0
8581.83 1260.78 0
8604.26 1333.92 0
8636.32 1403.61 0
8675.61 1469.87 0
8719.29 1533.66 0
8764.28 1596.71 0
8807.24 1661.09 0
8844.58 1728.67 0
8872.49 1800.58 0
8889.17 1876.01 0
8901.53 1952.74 0
8916.05 2029.23 0
8935.07 2104.54 0
8956.74 2179.08 0
p
40
30
9000 0 0
8994.58 62.1232 0
8989.15 124.246 0
8983.97 186.404 0
8979.06 248.596 0
8974.47 310.832 0
8970.25 373.143 0
8966.53 435.636 0
8962.7 498.146 0
8962.12 561.031 0
8961.05 623.896 0
8960.27 686.892 0
8959.8 750 0
8958.83 813.168 0
8957.58 876.376 0
8956.07 939.605 0
8954.35 1002.85 0
8952.47 1066.13 0
8950.5 1129.46 0
8948.44 1192.87 0
8946.28 1256.4 0
8944 1320.06 0
8941.53 1383.87 0
8938.83 1447.81 0
8935.86 1511.85 0
8932.63 1575.98 0
8929.28 1640.13 0
8926.08 1704.28 0
8923.59 1768.4 0
8922.71 1832.44 0
8924.03 1896.28 0
p
41
30
9200 0 0
9197.93 80.5404 0
9195.86 161.081 0
9195.69 241.657 0
9198.38 322.225 0
9205.74 402.595 0
9220.45 482.164 0
9243.45 559.929 0
9266.91 637.718 0
9290.27 715.574 0
9310.87 794.142 -14.5445
9326.25 873.662 -14.5445
9334.5 953.979 -14.5445
9334.26 1034.54 -14.5445
9324.82 1114.52 -14.5445
9306.16 1193.02 -14.5445
9278.92 1269.34 -14.5445
9244.34 1343.1 0
9204.09 1414.43 0
9160.18 1483.98 0
9114.81 1552.75 0
9070.32 1621.99 0
9029.1 1692.87 0
8993.49 1766.22 0
8965.68 1842.37 0
8946.15 1920.71 -28.0804
8930.6 1999.94 -28.0804
8918.37 2079.84 -28.0804
8910.48 2160.34 -28.0804
8907 2241.2 -28.0804
8904.92 2322.13 -28.0804
p
42
30
9400 0 0
9395.91 67.7073 0
9391.82 135.415 0
9387.72 203.122 0
9383.63 270.829 0
9379.54 338.536 0
9375.45 406.244 0
9371.36 473.951 0
9367.26 541.658 0
9363.17 609.365 0
9359.08 677.073 0
9354.99 744.78 0
9350.9 812.487 14.5445
9346.8 880.195 14.5445
9342.71 947.902 14.5445
9338.62 1015.61 14.5445
9334.53 1083.32 14.5445
9330.43 1151.02 14.5445
9326.34 1218.73 14.5445
9322.25 1286.44 14.5445
9318.16 1354.15 0
9314.07 1421.85 0
9309.97 1489.56 0
9305.88 1557.27 0
9301.79 1624.97 0
9297.7 1692.68 0
9293.61 1760.39 0
9289.51 1828.1 0
9285.42 1895.8 0
9281.33 1963.51 0
9277.24 2031.22 0
p
43
30
9600 0 0
9598.58 77.6098 0
9597.17 155.22 0
9597.01 232.702 0
9594.3 309.996 0
9587.9 387.149 0
9575.62 463.651 0
9556.3 538.863 0
9532.44 613.206 0
9505.38 686.721 0
9477.4 759.975 0
9450.93 833.641 0
9428.24 908.242 0
9411.14 983.966 0
9400.65 1060.62 0
9395.84 1137.84 -4.1118
9392.42 1215.32 -4.1118
9389.76 1292.94 0
9387.28 1370.54 0
9384.81 1448.15 0
9382.33 1525.75 0
9379.85 1603.35 0
9377.38 1680.96 0
9374.9 1758.56 0
9372.42 1836.16 0
9369.94 1913.76 0
9367.47 1991.37 0
9364.99 2068.97 0
9362.51 2146.57 0
9360.04 2224.17 0
9357.56 2301.78 0
p
44
30
9800 0 0
9799.44 78.5202 0
9798.88 157.04 0
9789.08 235.6 0
9767.51 312.833 0
9742.45 388.99 0
9712.23 463.533 0
9678.78 536.683 0
9646.19 609.714 0
9613.23 682.367 0
9575.49 753.232 0
9539.51 825.25 0
9503.96 897.901 0
9471.29 971.771 0
9444.2 1047.32 0
9425.48 1124.69 4.1118
9418.32 1203.29 4.1118
9425.14 1281.57 4.1118
9447.71 1356.88 0
9487.15 1425.49 0
9539.55 1485.72 0
9598.74 1540.06 0
9658.35 1593.96 0
9712.11 1653.02 0
9753.97 1720.16 0
9779.57 1794.4 0
9790.6 1872.16 -10.8526
9798.75 1950.53 -10.8526
9806.65 2028.95 0
9814.34 2107.39 0
9821.99 2185.84 0
p
45
30
10000 0 0
10004.2 58.5238 0
10008.3 117.048 0
10009.1 175.926 0
10006.3 234.977 0
10001.6 293.932 0
9996.44 352.941 0
9987.16 411.846 0
9978.15 470.7 0
9969.63 529.713 0
9959.57 588.766 0
9952.76 648.339 0
9943.08 707.924 0
9938.76 768.439 0
9929.53 830.432 0
9920.88 893.075 0
9914.04 956.061 0
9906.9 1018.85 0
9899.64 1081.03 0
9892.39 1142.56 0
9885.17 1203.67 0
9877.45 1264.73 0
9870.12 1326.2 0
9862.61 1388.28 0
9854.99 1450.99 0
9847.41 1514.11 0
9840.16 1577.27 0
9833.6 1640.08 0
9827.82 1702.23 0
9821.47 1763.46 0
9812.28 1823 0
p
46
30
10200 0 0
10187.5 65.1469 0
10175.1 130.294 0
10162.6 195.444 0
10150.1 260.603 0
10139.8 326.218 0
10133 392.43 0
10131.2 459.223 0
10130.1 526.082 0
10129.9 593.069 0
10129.7 660.095 0
10130.2 727.058 0
10131.4 793.949 0
10134.8 860.835 0
10142.2 927.647 0
10151.2 994.609 0
10159.4 1062.06 0
10165.7 1129.95 0
10168.2 1198.13 0
10164.8 1266.11 0
10153.5 1332.96 0
10133.1 1397.27 0
10105.1 1458.32 0
10070.5 1515.62 0
10030.8 1569.36 0
9988.25 1620.78 0
9945.07 1671.66 0
9903.87 1724.14 0
9867.63 1780.18 0
9838.08 1840.15 10.8526
9811.26 1901.74 10.8526
p
47
30
10400 0 0
10390.6 72.0314 0
10381.3 144.063 0
10373.2 216.281 0
10365.7 288.582 0
10360.5 361.065 0
10359.2 433.772 0
10362.8 506.535 0
10366.8 579.498 0
10370.4 652.605 0
10371.5 725.758 0
10368.5 798.841 0
10360.2 871.403 -12.1597
10347.5 943.111 -12.1597
10330.8 1013.78 -12.1597
10309.9 1083.25 -12.1597
10284.8 1151.42 -12.1597
10256.3 1218.32 -12.1597
10225.3 1284.17 -12.1597
10192.9 1349.42 0
10160.5 1414.69 0
10128.1 1480.11 0
10095.7 1545.61 0
10063.4 1611.23 0
10031.2 1676.89 0
9999.17 1742.61 0
9967.18 1808.36 0
9935.26 1874.16 0
9903.41 1939.97 0
9871.61 2005.82 0
9839.84 2071.67 0
p
48
30
10600 0 0
10590.7 82.7263 0
10581.5 165.453 0
10578.3 248.705 0
10579.2 331.917 0
10572.5 414.779 0
10558.3 496.37 0
10534.4 575.906 0
10502.5 653.135 0
10465.3 728.412 0
10427 803.242 0
10391.3 879.086 12.1597
10357.9 955.778 12.1597
10328.2 1033.73 12.1597
10303.8 1113.2 12.1597
10284.8 1193.99 12.1597
10271.8 1275.89 12.1597
10266.7 1358.75 0
10270 1441.96 0
10280.5 1524.93 0
10296.1 1607.43 0
10313.7 1689.63 0
10329.7 1771.98 0
10340.1 1854.82 -25.0692
10342.2 1938.06 -25.0692
10338.1 2021.22 -25.0692
10328 2103.92 -25.0692
10316.6 2186.44 -25.0692
10305.2 2268.93 0
10293.8 2351.41 0
10282.4 2433.9 0
p
49
30
10800 0 0
10792.7 71.1963 0
10785.3 142.393 0
10776.9 213.515 0
10767.3 284.54 0
10755.4 355.347 0
10740 425.82 0
10720.5 495.44 0
10701.2 565.049 0
10681.6 634.651 0
10662.1 704.333 0
10642.8 774.094 0
10624 843.981 0
10605.6 913.907 0
10587.3 983.82 0
10569.2 1053.69 0
10551.2 1123.5 0
10533 1193.29 0
10514.8 1263.09 0
10496.6 1332.97 0
10478.4 1402.97 0
10460.5 1473.15 0
10442.9 1543.53 0
10425.9 1614.13 0
10409.8 1684.94 0
10394.7 1755.97 0
10380.6 1827.19 0
10366.8 1898.43 0
10350.8 1969.13 0
10330.4 2038.44 0
10306.6 2106.5 0
p
50
30
11000 0 0
11010.9 74.3224 0
11021.7 148.645 0
11029.4 223.482 0
11033.6 298.729 0
11034.1 374.214 0
11029.5 449.852 0
11021.3 525.289 0
11011.7 600.519 0
11000.7 675.562 0
10989.3 750.545 0
10977.2 825.47 0
10964.5 900.357 0
10950.3 975.028 0
10932.8 1049.08 0
10910.7 1121.92 0
10885 1193.64 0
10855.7 1264.08 0
10824.7 1333.8 0
10792.4 1402.96 0
10759 1471.62 0
10724.5 1539.7 0
10688.8 1607.09 0
10651.5 1673.46 0
10611 1737.99 0
10566.5 1800.01 0
10517.6 1858.76 0
10468.8 1917.6 0
10421.4 1977.51 0
10377.8 2039.99 0
10338.7 2105.34 0
p
51
30
11200 0 0
11180.9 75.9576 0
11161.8 151.915 0
11142.3 227.662 0
11123 303.384 0
11105 379.331 0
11090.4 455.768 0
11079.5 532.867 0
11073.1 610.637 0
11069.6 688.643 0
11063 766.354 0
11050.1 843.114 0
11029 918.035 0
11000.9 990.666 0
10969.4 1061.98 0
10939.1 1133.92 0
10911 1206.87 0
10885 1280.68 0
10857.8 1354.18 0
10829.4 1427.35 0
10797.1 1498.91 0
10758.4 1567.41 0
10713.7 1632.65 0
10668.9 1697.91 0
10626.6 1764.84 0
10586.9 1833.46 0
10549.9 1903.71 0
10508.1 1971.04 0
10458.9 2033.03 0
10400.1 2086.07 18.2319
10333.3 2129.13 18.2319
p
52
30
11400 0 0
11396 75.0427 0
11392 150.085 0
11388 225.128 0
11384 300.171 0
11380 375.214 0
11376 450.256 0
11372 525.299 0
11368 600.342 0
11364 675.385 0
11360 750.427 0
11356 825.47 0
11352 900.513 0
11348 975.556 0
11344 1050.6 0
11340 1125.64 0
11336 1200.68 0
11332 1275.73 0
11328.1 1350.77 0
11324.1 1425.81 0
11320.1 1500.85 0
11316.1 1575.9 0
11312.1 1650.94 0
11308.1 1725.98 0
11304.1 1801.03 0
11300.1 1876.07 0
11296.1 1951.11 0
11292.1 2026.15 0
11288.1 2101.2 0
11284.1 2176.24 0
11280.1 2251.28 0
p
53
30
11600 0 0
11601.2 73.5009 0
11602.3 147.002 0
11603.5 220.503 0
11604.6 294.004 0
11605.8 367.504 0
11607 441.005 0
11608.1 514.506 0
11609.3 588.007 0
11610.4 661.508 0
11611.6 735.009 0
11612.8 808.51 0
11613.9 882.011 0
11615.1 955.511 0
11616.2 1029.01 0
11617.4 1102.51 0
11618.6 1176.01 0
11619.7 1249.51 0
11620.9 1323.02 0
11622 1396.52 0
11623.2 1470.02 0
11624.4 1543.52 0
11625.5 1617.02 0
11626.7 1690.52 0
11627.9 1764.02 0
11629 1837.52 0
11630.2 1911.02 0
11631.3 1984.52 0
11632.5 2058.02 0
11633.7 2131.53 0
11634.8 2205.03 0
p
54
30
11800 0 0
11798.2 60.9628 0
11796.4 121.926 0
11794.6 182.888 0
11792.8 243.851 0
11791 304.814 0
11789.2 365.777 0
11787.3 426.739 0
11785.5 487.702 0
11783.7 548.665 0
11781.9 609.628 0
11780.1 670.59 0
11778.3 731.553 0
11776.5 792.516 0
11774.7 853.479 0
11772.9 914.441 0
11771.1 975.404 0
11769.3 1036.37 0
11767.5 1097.33 0
11765.7 1158.29 0
11763.8 1219.26 0
11762 1280.22 0
11760.2 1341.18 0
11758.4 1402.14 0
11756.6 1463.11 0
11754.8 1524.07 0
11753 1585.03 0
11751.2 1645.99 0
11749.4 1706.96 0
11747.6 1767.92 0
11745.8 1828.88 0
p
55
30
12000 0 0
11998.4 79.453 0
11996.7 158.906 0
11995.1 238.359 0
11993.5 317.812 0
11991.8 397.265 0
11990.2 476.718 0
11988.6 556.171 0
11986.9 635.624 0
11985.3 715.077 0
11983.7 794.53 0
11982 873.983 0
11980.4 953.436 0
11978.8 1032.89 0
11977.1 1112.34 0
11975.5 1191.8 0
11973.9 1271.25 0
11972.3 1350.7 0
11970.6 1430.15 0
11969 1509.61 0
11967.4 1589.06 0
11965.7 1668.51 0
11964.1 1747.97 0
11962.5 1827.42 0
11960.8 1906.87 0
11959.2 1986.33 0
11957.6 2065.78 0
11955.9 2145.23 0
11954.3 2224.68 0
11952.7 2304.14 0
11951 2383.59 0
p
56
30
12200 0 0
12199 83.217 0
12198 166.434 0
12195.3 249.614 0
12189.8 332.676 0
12179.4 415.33 0
12167.8 497.849 0
12155.6 580.33 0
12144.2 662.941 0
12134.5 745.748 0
12127.4 828.773 0
12123.7 911.961 0
12124 995.184 0
12128.6 1078.27 0
12137.8 1161.02 0
12151.4 1243.24 0
12169.1 1324.81 0
12190.5 1405.65 0
12214.9 1485.8 0
12241.5 1565.36 0
12269.6 1644.53 0
12298.2 1723.56 0
12326.2 1802.74 0
12352.8 1882.33 0
12376.9 1962.55 0
12397.7 2043.52 0
12414.8 2125.21 0
12429.3 2207.37 0
12442.5 2289.79 0
12455.6 2372.21 0
12468.7 2454.64 0
p
57
30
12400 0 0
12401.3 70.869 0
12402.5 141.738 0
12404 212.627 0
12405.5 283.54 0
12407.3 354.524 0
12409.4 425.514 0
12411.1 496.558 0
12411.9 567.657 0
12413 638.738 0
12414.1 709.834 0
12415.2 780.939 0
12416.5 852.049 0
12417.9 923.164 0
12419.2 994.288 0
12420.8 1065.43 0
12422.4 1136.6 0
12424.3 1207.81 0
12426.4 1279.08 0
12428.7 1350.41 0
12431.3 1421.83 0
12434.2 1493.34 0
12437.4 1564.94 0
12440.8 1636.63 0
12444.5 1708.41 0
12448.2 1780.26 0
12451.6 1852.19 0
12454.2 1924.18 0
12455.3 1996.19 0
12453.5 2068.11 0
12448.5 2139.76 0
p
58
30
12600 0 0
12609.2 72.6491 0
12618.3 145.298 0
12627.8 217.905 0
12637.7 290.447 0
12648.5 362.868 0
12662.2 434.838 0
12678.8 506.251 0
12697.6 577.171 0
12716.8 648.03 0
12736 718.99 0
12754 790.321 0
12769.7 862.236 0
12782 934.851 0
12789.8 1008.14 0
12793.5 1081.77 0
12792.7 1155.52 0
12787.5 1229.1 0
12777.7 1302.26 0
12763.7 1374.74 0
12745.4 1446.32 0
12723 1516.77 0
12698.2 1586.51 0
12671.6 1655.62 0
12643.7 1724.33 0
12615.2 1792.88 0
12586.7 1861.5 0
12558.7 1930.42 0
12531.8 1999.84 0
12506.3 2069.95 -5.59448
12482.6 2140.73 -5.59448
p
59
30
12800 0 0
12792.4 79.4837 0
12784.8 158.967 0
12777.7 238.499 0
12771.8 318.141 0
12768.5 397.984 0
12769.1 477.941 0
12774.7 557.815 0
12786.2 637.243 0
12801.3 716.248 0
12820.1 794.676 0
12841.8 872.555 0
12865.3 950.004 0
12889.7 1027.23 0
12913.8 1104.48 -12.466
12935.2 1182.36 -12.466
12952.3 1261.11 -12.466
12962.9 1340.78 -12.466
12965.6 1420.92 -12.466
12959.4 1500.75 -12.466
12943.3 1579.13 -12.466
12916.7 1654.59 -12.466
12879.4 1725.57 -12.466
12832.2 1790.63 0
12777.6 1849.97 0
12718.6 1905.36 0
12658.5 1959.65 0
12600.6 2016.3 0
12548.8 2078.65 5.59448
12505.2 2147.13 5.59448
12462.6 2216.55 5.59448
p
60
30
13000 0 0
12992.4 74.0814 0
12984.7 148.163 0
12977.8 222.318 0
12971.9 296.555 0
12967.5 370.873 0
12963.9 445.267 0
12961.2 519.715 0
12959.2 594.204 0
12957.7 668.722 0
12956.7 743.257 0
12955.8 817.803 0
12955.1 892.351 0
12954.2 966.895 0
12953 1041.43 0
12951.5 1115.95 12.466
12949.8 1190.47 12.466
12947.6 1264.96 12.466
12944.9 1339.4 12.466
12941.7 1413.8 12.466
12938.1 1488.16 12.466
12933.7 1562.47 12.466
12928 1636.71 12.466
12920.8 1710.84 12.466
12912.9 1784.9 0
12905 1858.95 0
12897.1 1933.01 0
12889.2 2007.06 0
12881.3 2081.12 0
12873.4 2155.17 0
12865.5 2229.23 0
p
61
30
13200 0 0
13199.7 54.9359 0
13199.4 109.872 0
13199.1 164.808 0
13198.8 219.744 0
13198.6 274.679 0
13198.3 329.615 0
13198 384.551 0
13197.7 439.487 0
13197.4 494.423 0
13197.1 549.359 0
13196.8 604.295 0
13196.5 659.231 0
13196.2 714.167 0
13196 769.103 0
13195.7 824.038 0
13195.4 878.974 0
13195.1 933.91 0
13194.8 988.846 0
13194.5 1043.78 0
13194.2 1098.72 0
13193.9 1153.65 0
13193.6 1208.59 0
13193.4 1263.53 0
13193.1 1318.46 0
13192.8 1373.4 0
13192.5 1428.33 0
13192.2 1483.27 0
13191.9 1538.21 0
13191.6 1593.14 0
13191.3 1648.08 0
p
62
30
13400 0 0
13412.4 87.0635 0
13424.7 174.127 0
13437.1 261.191 0
13449.5 348.254 0
13461.9 435.318 0
13474.2 522.381 0
13486.6 609.445 0
13499 696.508 0
13511.3 783.572 0
13523.7 870.635 0
13536.1 957.699 0
13548.5 1044.76 0
13560.8 1131.83 0
13573.2 1218.89 0
13585.6 1305.95 0
13597.9 1393.02 0
13610.3 1480.08 0
13622.7 1567.14 0
13635 1654.21 0
13647.4 1741.27 0
13659.8 1828.33 0
13672.2 1915.4 0
13684.5 2002.46 0
13696.9 2089.52 0
13709.3 2176.59 0
13721.6 2263.65 0
13734 2350.71 0
13746.4 2437.78 0
13758.8 2524.84 0
13771.1 2611.91 0
p
63
30
13600 0 0
13606.7 65.4021 0
13613.4 130.804 0
13620 196.206 0
13626.7 261.608 0
13633.4 327.01 0
13640.1 392.412 0
13646.8 457.814 0
13653.4 523.217 0
13660.1 588.619 0
13666.8 654.021 0
13673.5 719.423 0
13680.2 784.825 0
13686.8 850.227 0
13693.5 915.629 0
13700.2 981.031 0
13706.9 1046.43 0
13713.6 1111.84 0
13720.2 1177.24 0
13726.9 1242.64 0
13733.6 1308.04 0
13740.3 1373.44 0
13747 1438.85 0
13753.6 1504.25 0
13760.3 1569.65 0
13767 1635.05 0
13773.7 1700.45 0
13780.4 1765.86 0
13787 1831.26 0
13793.7 1896.66 0
13800.4 1962.06 0
p
64
30
13800 0 0
13801.9 77.6027 0
13803.7 155.205 0
13805.6 232.808 0
13807.4 310.411 0
13809.3 388.014 0
13811.1 465.616 0
13813 543.219 0
13814.8 620.822 0
13816.7 698.424 0
13818.5 776.027 0
13820.4 853.63 0
13822.2 931.232 0
13824.1 1008.84 0
13825.9 1086.44 0
13827.8 1164.04 0
13829.6 1241.64 0
13831.5 1319.25 0
13833.3 1396.85 0
13835.2 1474.45 0
13837 1552.05 0
13838.9 1629.66 0
13840.7 1707.26 0
13842.6 1784.86 0
13844.4 1862.46 0
13846.3 1940.07 0
13848.1 2017.67 0
13850 2095.27 0
13851.9 2172.88 0
13853.7 2250.48 0
13855.6 2328.08 0
p
65
30
14000 0 0
14005.6 68.8882 0
14011.2 137.776 0
14016.9 206.664 0
14022.5 275.553 0
14028.1 344.441 0
14033.7 413.329 0
14039.3 482.217 0
14045 551.105 0
14050.6 619.993 0
14056.2 688.882 0
14061.8 757.77 0
14067.4 826.658 0
14073.1 895.546 0
14078.7 964.434 0
14084.3 1033.32 0
14089.9 1102.21 0
14095.5 1171.1 0
14101.2 1239.99 0
14106.8 1308.88 0
14112.4 1377.76 0
14118 1446.65 0
14123.6 1515.54 0
14129.3 1584.43 0
14134.9 1653.32 0
14140.5 1722.2 0
14146.1 1791.09 0
14151.7 1859.98 0
14157.4 1928.87 0
14163 1997.76 0
14168.6 2066.64 0
p
66
30
14200 0 0
14201.6 83.4942 0
14203.2 166.988 0
14204.2 250.487 0
14204.3 333.991 0
14203.1 417.486 0
14200.4 500.95 0
14196.8 584.4 0
14192.6 667.826 0
14187.9 751.238 0
14183.2 834.65 0
14178.7 918.076 0
14175 1001.53 0
14172.2 1085.01 0
14170.7 1168.51 0
14170.8 1252.01 0
14172.8 1335.48 0
14176.9 1418.87 0
14183.2 1502.12 0
14191.8 1585.17 0
14202.9 1667.96 0
14216.8 1750.34 0
14233.7 1832.21 0
14253.5 1913.45 0
14276.3 1993.96 0
14301.8 2073.67 0
14329.8 2152.6 0
14359.9 2230.81 0
14391.4 2308.46 0
14423.7 2385.81 11.9278
14456.1 2463.16 11.9278
p
67
30
14400 0 0
14386.8 80.277 0
14373.5 160.554 0
14360.4 240.844 0
14347.3 321.146 0
14334.5 401.491 0
14322.2 481.926 0
14310.8 562.484 0
14300.3 643.181 0
14291 724.031 0
14283 805.035 0
14276.5 886.184 0
14271.6 967.461 0
14268.4 1048.84 0
14267 1130.29 0
14267.4 1211.77 0
14269.7 1293.25 0
14274.1 1374.66 0
14280.6 1455.96 0
14289.3 1537.09 0
14300.4 1617.95 0
14313 1698.62 0
14327.1 1779.07 0
14342.4 1859.32 0
14358.7 1939.41 0
14375.6 2019.37 0
14393 2099.23 0
14410.7 2179.04 0
14428.4 2258.87 -11.9278
14445.4 2338.82 -11.9278
14462.3 2418.79 -11.9278
p
68
30
14600 0 0
14600.1 78.3696 0
14600.3 156.739 0
14599.9 235.132 0
14598.6 313.542 0
14596.1 391.953 0
14592.1 470.331 0
14587.4 548.664 0
14582.1 626.962 0
14576.3 705.232 0
14570.2 783.478 0
14563.9 861.707 0
14557.5 939.924 0
14551.2 1018.14 0
14544.9 1096.35 0
14538.7 1174.56 0
14532.5 1252.78 0
14526.4 1331 0
14520.3 1409.23 0
14514 1487.46 0
14507.4 1565.68 0
14500.9 1643.92 0
14494.6 1722.17 0
14488.4 1800.45 0
14482.6 1878.75 0
14477.2 1957.07 0
14472.5 2035.43 0
14468.7 2113.82 0
14466.1 2192.24 0
14465 2270.68 11.9278
14465.7 2349.09 11.9278
p
69
30
14800 0 0
14786.1 78.8177 0
14772.1 157.635 0
14757.5 236.316 0
14742.1 314.822 0
14725.8 393.131 0
14708.7 471.27 0
14691.4 549.372 0
14674 627.466 0
14656.9 705.62 0
14640.4 783.898 0
14624.8 862.353 0
14610.3 941.025 0
14597.3 1019.94 0
14585.8 1099.09 0
14576 1178.48 0
14568.1 1258.09 0
14562 1337.86 0
14557.6 1417.78 0
14554.9 1497.78 0
14553.6 1577.84 0
14552.9 1657.92 0
14552.2 1738.01 0
14550.9 1818.08 0
14548.5 1898.11 0
14544.3 1978.05 0
14538 2057.84 0
14529.2 2137.37 0
14517.7 2216.55 -11.9278
14503.6 2295.28 -11.9278
14487.2 2373.61 -11.9278
p
70
30
15000 0 0
14990.2 70.2079 0
14980.4 140.416 0
14970.4 210.598 0
14960.2 280.745 0
14949.8 350.871 0
14939.2 420.968 0
14928.4 491.037 0
14917.4 561.077 0
14906.3 631.089 0
14894.9 701.073 0
14883.4 771.027 0
14871.6 840.953 0
14859.7 910.85 0
14847.6 980.717 0
14835.3 1050.56 0
14822.8 1120.36 0
14810.1 1190.14 0
14797.3 1259.89 0
14784.2 1329.61 0
14771 1399.3 0
14757.6 1468.95 0
14744 1538.58 0
14730.2 1608.17 0
14716.2 1677.74 0
14702 1747.26 0
14687.7 1816.76 0
14673.1 1886.22 0
14658.3 1955.65 0
14643.4 2025.05 -6.59096
14628.3 2094.41 -6.59096
p
71
30
15200 0 0
15200.4 80.8076 0
15200.7 161.615 0
15200.6 242.425 0
15200 323.234 0
15198.4 404.037 0
15195.6 484.817 0
15191.4 565.548 0
15185.6 646.192 0
15177.8 726.697 0
15168 806.999 0
15155.9 887.025 0
15141.4 966.69 0
15124.5 1045.9 0
15105 1124.57 0
15082.9 1202.57 0
15058 1279.8 0
15030.3 1356.12 0
15000.5 1431.71 0
14968.8 1506.54 0
14935.2 1580.64 0
14900.1 1654.05 0
14863.6 1726.83 0
14825.7 1799.01 0
14786.8 1870.62 0
14746.8 1941.69 0
14705.8 2012.26 0
14663.9 2082.35 6.59096
14621.2 2151.96 6.59096
14577.7 2221.08 11.9278
14533.4 2289.79 11.9278
p
72
30
15400 0 0
15388.5 84.704 0
15377.1 169.408 0
15365.5 254.104 0
15353.9 338.784 0
15342.3 423.466 0
15330.6 508.137 0
15318.8 592.787 0
15306.7 677.394 0
15294.1 761.927 0
15280.8 846.342 0
15266.3 930.579 0
15250.4 1014.56 0
15232.7 1098.18 0
15212.8 1181.32 0
15190.3 1263.82 0
15164.9 1345.51 0
15136.3 1426.17 0
15104.5 1505.7 0
15069.5 1583.93 0
15031.3 1660.73 0
14990 1735.98 0
14945.7 1809.64 0
14898.7 1881.68 0
14849.2 1952.15 0
14797.5 2021.15 0
14744 2088.84 0
14689.1 2155.43 0
14633.1 2221.2 0
14576.5 2286.49 11.9278
14519.6 2351.64 11.9278
p
73
30
15600 0 0
15603.5 60.0666 0
15607.1 120.133 0
15610.6 180.2 0
15614.2 240.266 0
15617.7 300.333 0
15621.3 360.4 0
15624.8 420.466 0
15628.3 480.533 0
15631.9 540.599 0
15635.4 600.666 0
15639 660.733 0
15642.5 720.799 0
15646.1 780.866 0
15649.6 840.932 0
15653.1 900.999 0
15656.7 961.066 0
15660.2 1021.13 0
15663.8 1081.2 0
15667.3 1141.27 0
15670.8 1201.33 0
15674.4 1261.4 0
15677.9 1321.47 0
15681.5 1381.53 0
15685 1441.6 0
15688.6 1501.66 0
15692.1 1561.73 0
15695.6 1621.8 0
15699.2 1681.86 0
15702.7 1741.93 0
15706.3 1802 0
p
74
30
15800 0 0
15799.3 75.1861 0
15798.7 150.372 0
15798.1 225.554 0
15797.8 300.734 0
15798 375.914 0
15799.1 451.085 0
15801.4 526.233 0
15804.7 601.356 0
15809.2 676.433 0
15814.9 751.446 0
15821.8 826.378 0
15829.9 901.212 0
15839.4 975.932 0
15850 1050.52 0
15861.8 1124.97 0
15874.8 1199.27 0
15889 1273.4 0
15904.1 1347.37 0
15920.3 1421.18 0
15937.4 1494.82 0
15955.3 1568.31 0
15973.9 1641.66 0
15993.2 1714.88 0
16013 1787.99 0
16033.1 1861.02 0
16053.6 1933.98 0
16074.1 2006.92 0
16094.8 2079.86 0
16115.4 2152.8 0
16136 2225.73 0
p
75
30
16000 0 0
15992.5 67.1871 0
15985.1 134.374 0
15978.1 201.627 0
15971.9 268.953 0
15966.7 336.367 0
15962.6 403.874 0
15959.8 471.466 0
15958.1 539.106 0
15957.5 606.784 0
15957.9 674.487 0
15959.2 742.2 0
15961.5 809.913 0
15964.6 877.618 0
15968.5 945.306 0
15973.2 1012.97 0
15978.6 1080.61 0
15984.7 1148.22 0
15991.4 1215.8 0
15998.6 1283.34 0
16006.4 1350.85 0
16014.8 1418.32 0
16023.6 1485.75 0
16032.8 1553.14 0
16042.5 1620.49 0
16052.6 1687.81 0
16063 1755.08 0
16073.8 1822.33 0
16085 1889.54 0
16096.4 1956.71 0
16108 2023.86 0
p
76
30
16200 0 0
16199.6 88.2537 0
16199.2 176.507 0
16198.7 264.761 0
16198.3 353.015 0
16197.9 441.268 0
16197.5 529.522 0
16197 617.776 0
16196.6 706.029 0
16196.2 794.283 0
16195.8 882.537 0
16195.3 970.79 0
16194.9 1059.04 0
16194.5 1147.3 0
16194.1 1235.55 0
16193.6 1323.81 0
16193.2 1412.06 0
16192.8 1500.31 0
16192.4 1588.57 0
16191.9 1676.82 0
16191.5 1765.07 0
16191.1 1853.33 0
16190.7 1941.58 0
16190.2 2029.83 0
16189.8 2118.09 0
16189.4 2206.34 0
16189 2294.6 0
16188.5 2382.85 0
16188.1 2471.1 0
16187.7 2559.36 0
16187.3 2647.61 0
p
77
30
16400 0 0
16401.3 84.0287 0
16402.6 168.057 0
16403.9 252.086 0
16405.2 336.115 0
16406.5 420.144 0
16407.8 504.172 0
16409.1 588.201 0
16410.4 672.23 0
16411.7 756.259 0
16413 840.287 0
16414.3 924.316 0
16415.6 1008.34 0
16416.9 1092.37 0
16418.2 1176.4 0
16419.5 1260.43 0
16420.8 1344.46 0
16422 1428.49 0
16423.3 1512.52 0
16424.6 1596.55 0
16425.9 1680.57 0
16427.2 1764.6 0
16428.5 1848.63 0
16429.8 1932.66 0
16431.1 2016.69 0
16432.4 2100.72 0
16433.7 2184.75 0
16435 2268.78 0
16436.3 2352.8 0
16437.6 2436.83 0
16438.9 2520.86 0
p
78
30
16600 0 0
16609.3 73.3465 0
16618.6 146.693 0
16627.5 220.096 0
16635.9 293.562 0
16643.6 367.107 0
16650.4 440.747 0
16656.1 514.481 0
16660.8 588.308 0
16664.1 662.216 0
16666 736.187 0
16666.5 810.198 0
16665.4 884.219 0
16663.1 958.229 0
16659.7 1032.21 0
16655.3 1106.16 0
16650 1180.06 0
16643.9 1253.92 0
16637.1 1327.74 0
16629.7 1401.51 0
16621.9 1475.24 0
16613.6 1548.94 0
16605.1 1622.61 0
16596.3 1696.26 0
16587.3 1769.89 0
16578.2 1843.51 0
16569.1 1917.12 0
16560 1990.75 0
16551.1 2064.38 0
16542.3 2138.04 -3.82283
16533.7 2211.71 -3.82283
p
79
30
16800 0 0
16801.2 77.2009 0
16802.3 154.402 0
16803.5 231.6 0
16804.5 308.798 0
16805.5 385.997 0
16806.1 463.197 0
16806.3 540.399 0
16805.9 617.6 0
16804.8 694.794 0
16802.7 771.971 0
16799.4 849.113 0
16794.9 926.197 0
16789.1 1003.2 0
16781.8 1080.1 0
16773.2 1156.87 0
16763.4 1233.51 0
16752.2 1309.99 0
16739.9 1386.31 0
16726.6 1462.47 0
16712.2 1538.46 0
16697 1614.31 0
16681 1690.01 0
16664.4 1765.59 0
16647.2 1841.07 0
16629.7 1916.46 0
16611.9 1991.81 0
16593.9 2067.12 0
16576 2142.44 3.82283
16558.3 2217.83 3.82283
16541.3 2293.34 3.82283
s	0
95 97 128 130 
95 96 97 128 129 130 
b
2 0
0.783099 0.394383 0.840188
96 0 0 1
129 0 0 1
g
0
1 2 0 0 1 2 0 2 4
t
2
0
1194.19 2394.06 100
1194.19 2394.06 -100
a
4
0
97 94 130 127 
1 95 1 129 0 128 0 2640 0.5 2641 0.5 
1 96 1 129 0 2640 0.5 2641 0.5 
2 129 1 95 0 96 0 2640 0.5 2641 0.5 
2 128 1 95 0 2640 0.5 2641 0.5 
0 2640 2 95 0.5 96 0.5 129 0.5 128 0.5 
0 2641 2 95 0.5 96 0.5 129 0.5 128 0.5 
NanList DIR 0
d
18
0 0 -5.65584 0 0 -5.65584 0 0 5.65584 0 0 5.65584 0 0 0 0 0 0 
s	1
254 259 290 295 
254 255 256 257 258 259 290 291 292 293 294 295 
b
2 0
0.197551 0.911647 0.79844
255 0 0 2
256 0 0 2
257 0 0 2
258 0 0 1
291 0 0 1
292 0 0 2
293 0 0 2
294 0 0 2
g
0
1 2 0 0 1 2 0 2 4
t
2
2
2879.69 2073.65 100
2879.69 2073.65 -100
a
4
4
259 253 295 289 
1 254 1 291 0 290 0 2640 0.5 2641 0.5 
1 255 1 291 0 292 0 2640 0.5 2641 0.5 
1 256 1 292 0 293 0 2640 0.5 2641 0.5 
1 257 1 293 0 294 0 2640 0.5 2641 0.5 
1 258 1 294 0 2640 0.5 2641 0.5 
2 291 1 254 0 255 0 2640 0.5 2641 0.5 
2 292 1 255 0 256 0 2640 0.5 2641 0.5 
2 293 1 256 0 257 0 2640 0.5 2641 0.5 
2 294 1 257 0 258 0 2640 0.5 2641 0.5 
2 290 1 254 0 2640 0.5 2641 0.5 
0 2640 5 254 0.5 255 0.5 256 0.5 257 0.5 258 0.5 291 0.5 292 0.5 293 0.5 294 0.5 290 0.5 
0 2641 5 254 0.5 255 0.5 256 0.5 257 0.5 258 0.5 291 0.5 292 0.5 293 0.5 294 0.5 290 0.5 
NanList DIR 0
d
36
0 0 -12.163 0 0 -12.163 0 0 -12.163 0 0 -12.163 0 0 -12.163 0 0 12.163 0 0 12.163 0 0 12.163 0 0 12.163 0 0 12.163 0 0 0 0 0 0 
s	2
287 289 318 321 
287 288 289 318 319 320 321 
b
2 0
0.277775 0.76823 0.335223
288 0 0 2
319 0 0 1
320 0 0 1
g
0
1 2 0 0 1 2 0 2 4
t
2
4
2813.34 1713.44 100
2813.34 1713.44 -100
a
4
8
289 286 321 317 
1 287 1 319 0 318 0 2640 0.5 2641 0.5 
1 288 1 319 0 320 0 2640 0.5 2641 0.5 
2 319 1 287 0 288 0 2640 0.5 2641 0.5 
2 318 1 287 0 2640 0.5 2641 0.5 
2 320 1 288 0 2640 0.5 2641 0.5 
0 2640 2.5 287 0.5 288 0.5 319 0.5 318 0.5 320 0.5 
0 2641 2.5 287 0.5 288 0.5 319 0.5 318 0.5 320 0.5 
NanList DIR 0
d
21
0 0 -6.32911 0 0 -6.32911 0 0 6.32911 0 0 6.32911 0 0 6.32911 0 0 0 0 0 0 
s	3
326 328 391 394 
326 327 328 391 392 393 394 
b
2 0
0.628871 0.477397 0.55397
327 0 0 2
392 0 0 1
393 0 0 1
g
0
1 2 0 0 1 2 0 2 4
t
2
6
3274.21 2166.63 100
3274.21 2166.63 -100
a
4
12
328 325 394 390 
1 326 1 392 0 391 0 2640 0.5 2641 0.5 
1 327 1 392 0 393 0 2640 0.5 2641 0.5 
2 392 1 326 0 327 0 2640 0.5 2641 0.5 
2 391 1 326 0 2640 0.5 2641 0.5 
2 393 1 327 0 2640 0.5 2641 0.5 
0 2640 2.5 326 0.5 327 0.5 392 0.5 391 0.5 393 0.5 
0 2641 2.5 326 0.5 327 0.5 392 0.5 391 0.5 393 0.5 
NanList DIR 0
d
21
0 0 -12.292 0 0 -12.292 0 0 12.292 0 0 12.292 0 0 12.292 0 0 0 0 0 0 
s	4
351 355 382 386 
351 352 353 354 355 382 383 384 385 386 
b
2 0
0.95223 0.513401 0.364784
352 0 0 2
353 0 0 3
354 0 0 2
383 0 0 2
384 0 0 3
385 0 0 2
g
0
1 2 0 0 1 2 0 2 4
t
2
8
3159.04 1518.18 100
3159.04 1518.18 -100
a
4
16
355 350 386 381 
1 352 1 383 0 384 0 382 0 2640 0.5 2641 0.5 
1 353 1 383 0 384 0 385 0 2640 0.5 2641 0.5 
1 354 1 384 0 385 0 2640 0.5 2641 0.5 
1 351 1 383 0 2640 0.5 2641 0.5 
2 383 1 352 0 353 0 351 0 2640 0.5 2641 0.5 
2 384 1 352 0 353 0 354 0 2640 0.5 2641 0.5 
2 385 1 353 0 354 0 2640 0.5 2641 0.5 
2 382 1 352 0 2640 0.5 2641 0.5 
0 2640 4 352 0.5 353 0.5 354 0.5 351 0.5 383 0.5 384 0.5 385 0.5 382 0.5 
0 2641 4 352 0.5 353 0.5 354 0.5 351 0.5 383 0.5 384 0.5 385 0.5 382 0.5 
NanList DIR 0
d
30
0 0 -8.27134 0 0 -8.27134 0 0 -8.27134 0 0 -8.27134 0 0 8.27134 0 0 8.27134 0 0 8.27134 0 0 8.27134 0 0 0 0 0 0 
s	5
374 380 403 413 437 443 
374 375 376 377 378 379 380 403 404 405 406 407 408 409 410 411 412 413 437 438 439 440 441 442 443 
b
3 0
0.717297 0.635712 0.916195
375 0 0 1
376 0 0 3
377 0 0 3
378 0 0 3
379 0 0 2
404 0 0 1
405 0 0 2
406 0 0 2
407 0 0 2
408 0 0 4
409 0 0 2
410 0 0 3
411 0 0 3
412 0 0 2
438 0 0 2
439 0 0 2
440 0 0 2
441 0 0 2
442 0 0 1
g
0
1 2 0 0 1 2 0 2 4
t
2
10
3478.95 919.646 100
3478.95 919.646 -100
a
6
20
380 373 413 402 443 436 
1 408 1 377 0 375 0 376 0 441 0 442 0 2640 0.5 2641 0.5 
1 407 1 375 0 440 0 441 0 374 0 2640 0.5 2641 0.5 
1 409 1 377 0 375 0 376 0 2640 0.5 2641 0.5 
1 410 1 377 0 376 0 378 0 2640 0.5 2641 0.5 
1 411 1 377 0 378 0 379 0 2640 0.5 2641 0.5 
1 404 1 437 0 438 0 2640 0.5 2641 0.5 
1 405 1 438 0 439 0 2640 0.5 2641 0.5 
1 406 1 439 0 440 0 2640 0.5 2641 0.5 
1 412 1 378 0 379 0 2640 0.5 2641 0.5 
1 403 1 437 0 2640 0.5 2641 0.5 
2 377 1 408 0 409 0 410 0 411 0 2640 0.5 2641 0.5 
2 375 1 408 0 407 0 409 0 2640 0.5 2641 0.5 
2 376 1 408 0 409 0 410 0 2640 0.5 2641 0.5 
2 378 1 410 0 411 0 412 0 2640 0.5 2641 0.5 
2 379 1 411 0 412 0 2640 0.5 2641 0.5 
2 374 1 407 0 2640 0.5 2641 0.5 
2 437 1 404 0 403 0 2640 0.5 2641 0.5 
2 438 1 404 0 405 0 2640 0.5 2641 0.5 
2 439 1 405 0 406 0 2640 0.5 2641 0.5 
2 440 1 407 0 406 0 2640 0.5 2641 0.5 
2 441 1 408 0 407 0 2640 0.5 2641 0.5 
2 442 1 408 0 2640 0.5 2641 0.5 
0 2640 11 408 0.5 407 0.5 409 0.5 410 0.5 411 0.5 404 0.5 405 0.5 406 0.5 412 0.5 403 0.5 377 0.5 375 0.5 376 0.5 378 0.5 379 0.5 374 0.5 437 0.5 438 0.5 439 0.5 440 0.5 441 0.5 442 0.5 
0 2641 11 408 0.5 407 0.5 409 0.5 410 0.5 411 0.5 404 0.5 405 0.5 406 0.5 412 0.5 403 0.5 377 0.5 375 0.5 376 0.5 378 0.5 379 0.5 374 0.5 437 0.5 438 0.5 439 0.5 440 0.5 441 0.5 442 0.5 
NanList DIR 0
d
72
0 0 -13.7138 0 0 -13.7138 0 0 -13.7138 0 0 -13.7138 0 0 -13.7138 0 0 -13.7138 0 0 -13.7138 0 0 -13.7138 0 0 -13.7138 0 0 -13.7138 0 0 13.7138 0 0 13.7138 0 0 13.7138 0 0 13.7138 0 0 13.7138 0 0 13.7138 0 0 13.7138 0 0 13.7138 0 0 13.7138 0 0 13.7138 0 0 13.7138 0 0 13.7138 0 0 0 0 0 0 
s	6
425 427 458 460 490 493 522 524 
425 426 427 458 459 460 490 491 492 493 522 523 524 
b
4 0
0.0163006 0.606969 0.141603
426 0 0 2
459 0 0 3
491 0 0 1
492 0 0 3
523 0 0 1
g
0
1 2 0 0 1 2 0 2 4
t
2
12
3740.02 2269.58 100
3740.02 2269.58 -100
a
8
26
427 424 460 457 493 489 524 521 
1 491 1 459 0 425 0 426 0 458 0 522 0 2640 0.5 2641 0.5 
1 492 1 459 0 426 0 522 0 523 0 2640 0.5 2641 0.5 
1 490 1 458 0 2640 0.5 2641 0.5 
2 459 1 491 0 492 0 425 0 426 0 2640 0.5 2641 0.5 
2 458 1 491 0 425 0 490 0 2640 0.5 2641 0.5 
3 425 1 491 0 459 0 458 0 2640 0.5 2641 0.5 
3 426 1 491 0 459 0 492 0 2640 0.5 2641 0.5 
2 522 1 491 0 492 0 2640 0.5 2641 0.5 
2 523 1 492 0 2640 0.5 2641 0.5 
0 2640 4.5 491 0.5 492 0.5 490 0.5 459 0.5 458 0.5 425 0.5 426 0.5 522 0.5 523 0.5 
0 2641 4.5 491 0.5 492 0.5 490 0.5 459 0.5 458 0.5 425 0.5 426 0.5 522 0.5 523 0.5 
NanList DIR 0
d
33
0 0 -18.5705 0 0 -18.5705 0 0 -18.5705 0 0 0 0 0 0 0 0 20.0633 0 0 20.0633 0 0 0 0 0 0 0 0 0 0 0 0 
s	7
689 691 721 724 754 757 788 790 
689 690 691 721 722 723 724 754 755 756 757 788 789 790 
b
4 0
0.804177 0.137232 0.242887
690 0 0 1
722 0 0 1
723 0 0 3
755 0 0 2
756 0 0 2
789 0 0 1
g
0
1 2 0 0 1 2 0 2 4
t
2
14
5171.42 2259.28 100
5171.42 2259.28 -100
a
8
34
691 688 724 720 757 753 790 787 
1 722 1 755 0 690 0 754 0 689 0 2640 0.5 2641 0.5 
1 723 1 755 0 756 0 690 0 2640 0.5 2641 0.5 
1 721 1 754 0 2640 0.5 2641 0.5 
2 755 1 722 0 723 0 789 0 2640 0.5 2641 0.5 
2 756 1 723 0 789 0 788 0 2640 0.5 2641 0.5 
2 754 1 722 0 721 0 2640 0.5 2641 0.5 
2 690 1 722 0 723 0 2640 0.5 2641 0.5 
2 689 1 722 0 2640 0.5 2641 0.5 
1 789 1 755 0 756 0 2640 0.5 2641 0.5 
1 788 1 756 0 2640 0.5 2641 0.5 
0 2640 5 722 0.5 723 0.5 721 0.5 755 0.5 756 0.5 754 0.5 690 0.5 689 0.5 789 0.5 788 0.5 
0 2641 5 722 0.5 723 0.5 721 0.5 755 0.5 756 0.5 754 0.5 690 0.5 689 0.5 789 0.5 788 0.5 
NanList DIR 0
d
36
0 0 -11.2359 0 0 -11.2359 0 0 -11.2359 0 0 11.2359 0 0 11.2359 0 0 11.2359 0 0 11.2359 0 0 11.2359 0 0 -11.2359 0 0 -11.2359 0 0 0 0 0 0 
s	8
908 914 938 943 
908 909 910 911 912 913 914 938 939 940 941 942 943 
b
2 0
0.12979 0.400944 0.156679
909 0 0 2
910 0 0 2
911 0 0 3
912 0 0 2
913 0 0 1
939 0 0 1
940 0 0 3
941 0 0 3
942 0 0 3
g
0
1 2 0 0 1 2 0 2 4
t
2
16
6166.26 1212.38 100
6166.26 1212.38 -100
a
4
42
914 907 943 937 
1 910 1 939 0 940 0 941 0 2640 0.5 2641 0.5 
1 911 1 940 0 941 0 942 0 2640 0.5 2641 0.5 
1 908 1 939 0 938 0 2640 0.5 2641 0.5 
1 909 1 939 0 940 0 2640 0.5 2641 0.5 
1 912 1 941 0 942 0 2640 0.5 2641 0.5 
1 913 1 942 0 2640 0.5 2641 0.5 
2 939 1 910 0 908 0 909 0 2640 0.5 2641 0.5 
2 940 1 910 0 911 0 909 0 2640 0.5 2641 0.5 
2 941 1 910 0 911 0 912 0 2640 0.5 2641 0.5 
2 942 1 911 0 912 0 913 0 2640 0.5 2641 0.5 
2 938 1 908 0 2640 0.5 2641 0.5 
0 2640 5.5 910 0.5 911 0.5 908 0.5 909 0.5 912 0.5 913 0.5 939 0.5 940 0.5 941 0.5 942 0.5 938 0.5 
0 2641 5.5 910 0.5 911 0.5 908 0.5 909 0.5 912 0.5 913 0.5 939 0.5 940 0.5 941 0.5 942 0.5 938 0.5 
NanList DIR 0
d
39
0 0 -10.7247 0 0 -10.7247 0 0 -10.7247 0 0 -10.7247 0 0 -10.7247 0 0 -10.7247 0 0 10.7247 0 0 10.7247 0 0 10.7247 0 0 10.7247 0 0 10.7247 0 0 0 0 0 0 
s	9
948 952 984 988 1013 1020 
948 949 950 951 952 984 985 986 987 988 1013 1014 1015 1016 1017 1018 1019 1020 
b
3 0
0.218257 0.998924 0.108809
949 0 0 2
950 0 0 2
951 0 0 2
985 0 0 2
986 0 0 2
987 0 0 3
1014 0 0 1
1015 0 0 3
1016 0 0 3
1017 0 0 3
1018 0 0 2
1019 0 0 1
g
0
1 2 0 0 1 2 0 2 4
t
2
18
6382.9 1854.8 100
6382.9 1854.8 -100
a
6
46
952 947 988 983 1020 1012 
1 1016 1 950 0 986 0 987 0 948 0 949 0 2640 0.5 2641 0.5 
1 1015 1 986 0 987 0 948 0 985 0 2640 0.5 2641 0.5 
1 1014 1 986 0 984 0 985 0 2640 0.5 2641 0.5 
1 1017 1 950 0 987 0 949 0 2640 0.5 2641 0.5 
1 1018 1 950 0 951 0 2640 0.5 2641 0.5 
1 1013 1 984 0 2640 0.5 2641 0.5 
1 1019 1 951 0 2640 0.5 2641 0.5 
2 986 1 1016 0 1015 0 1014 0 2640 0.5 2641 0.5 
2 987 1 1016 0 1015 0 1017 0 2640 0.5 2641 0.5 
2 984 1 1014 0 1013 0 2640 0.5 2641 0.5 
2 985 1 1015 0 1014 0 2640 0.5 2641 0.5 
2 950 1 1016 0 1017 0 1018 0 2640 0.5 2641 0.5 
2 948 1 1016 0 1015 0 2640 0.5 2641 0.5 
2 949 1 1016 0 1017 0 2640 0.5 2641 0.5 
2 951 1 1018 0 1019 0 2640 0.5 2641 0.5 
0 2640 7.5 1016 0.5 1015 0.5 1014 0.5 1017 0.5 1018 0.5 1013 0.5 1019 0.5 986 0.5 987 0.5 984 0.5 985 0.5 950 0.5 948 0.5 949 0.5 951 0.5 
0 2641 7.5 1016 0.5 1015 0.5 1014 0.5 1017 0.5 1018 0.5 1013 0.5 1019 0.5 986 0.5 987 0.5 984 0.5 985 0.5 950 0.5 948 0.5 949 0.5 951 0.5 
NanList DIR 0
d
51
0 0 -14.3141 0 0 -14.3141 0 0 -14.3141 0 0 -14.3141 0 0 -14.3141 0 0 -14.3141 0 0 -14.3141 0 0 14.3141 0 0 14.3141 0 0 14.3141 0 0 14.3141 0 0 14.3141 0 0 14.3141 0 0 14.3141 0 0 14.3141 0 0 0 0 0 0 
s	10
1181 1182 1183 1184 1185 1186 1217 1218 1219 1250 1251 1252 1314 1315 1316 1317 1318 1378 1379 1380 1381 1382 1383 1384 
1181 1182 1183 1184 1185 1186 1217 1218 1219 1250 1251 1252 1314 1315 1316 1317 1318 1378 1379 1380 1381 1382 1383 1384 
b
2 0
0.61264 0.839112 0.512932
1182 0 0 1
1218 0 0 1
b
2 0
0.524287 0.637552 0.296032
1183 0 0 1
1184 0 0 1
1251 0 0 2
b
2 0
0.292517 0.972775 0.493583
1185 0 0 2
1382 0 0 1
1383 0 0 1
b
2 0
0.769914 0.526745 0.771358
1315 0 0 2
1316 0 0 2
1317 0 0 1
1379 0 0 1
1380 0 0 2
1381 0 0 2
g
0
1 2 0 0 1 2 0 2 4
t
2
20
8842.36 2113.45 100
8842.36 2113.45 -100
a
10
52
1186 1180 1219 1216 1252 1249 1318 1313 1384 1377 
1 1381 1 1184 0 1185 0 1316 0 1317 0 2640 0.5 2641 0.5 
1 1379 1 1316 0 1314 0 1315 0 2640 0.5 2641 0.5 
1 1380 1 1316 0 1315 0 2640 0.5 2641 0.5 
1 1382 1 1184 0 1185 0 2640 0.5 2641 0.5 
1 1378 1 1314 0 2640 0.5 2641 0.5 
1 1383 1 1185 0 2640 0.5 2641 0.5 
2 1184 1 1381 0 1251 0 1382 0 2640 0.5 2641 0.5 
2 1185 1 1381 0 1382 0 1383 0 2640 0.5 2641 0.5 
1 1181 1 1218 0 1217 0 2640 0.5 2641 0.5 
1 1182 1 1218 0 1250 0 2640 0.5 2641 0.5 
2 1183 1 1250 0 1251 0 2640 0.5 2641 0.5 
2 1316 1 1381 0 1379 0 1380 0 2640 0.5 2641 0.5 
2 1314 1 1379 0 1378 0 2640 0.5 2641 0.5 
2 1315 1 1379 0 1380 0 2640 0.5 2641 0.5 
2 1317 1 1381 0 2640 0.5 2641 0.5 
3 1250 1 1182 0 1183 0 2640 0.5 2641 0.5 
3 1251 1 1184 0 1183 0 2640 0.5 2641 0.5 
2 1218 1 1181 0 1182 0 2640 0.5 2641 0.5 
2 1217 1 1181 0 2640 0.5 2641 0.5 
0 2640 9.5 1381 0.5 1379 0.5 1380 0.5 1382 0.5 1378 0.5 1383 0.5 1184 0.5 1185 0.5 1181 0.5 1182 0.5 1183 0.5 1316 0.5 1314 0.5 1315 0.5 1317 0.5 1250 0.5 1251 0.5 1218 0.5 1217 0.5 
0 2641 9.5 1381 0.5 1379 0.5 1380 0.5 1382 0.5 1378 0.5 1383 0.5 1184 0.5 1185 0.5 1181 0.5 1182 0.5 1183 0.5 1316 0.5 1314 0.5 1315 0.5 1317 0.5 1250 0.5 1251 0.5 1218 0.5 1217 0.5 
NanList DIR 0
d
63
0 0 -28.0804 0 0 -28.0804 0 0 -28.0804 0 0 -28.0804 0 0 -28.0804 0 0 -28.0804 0 0 0 0 0 0 0 0 -28.0804 0 0 -28.0804 0 0 0 0 0 0 0 0 0 0 0 0 0 0 0 0 0 27.21 0 0 27.21 0 0 0 0 0 0 0 0 0 0 0 0 
s	11
1363 1370 1398 1406 
1363 1364 1365 1366 1367 1368 1369 1370 1398 1399 1400 1401 1402 1403 1404 1405 1406 
b
2 0
0.283315 0.891529 0.400229
1364 0 0 2
1365 0 0 3
1366 0 0 3
1367 0 0 3
1368 0 0 2
1369 0 0 2
1399 0 0 2
1400 0 0 3
1401 0 0 3
1402 0 0 2
1403 0 0 2
1404 0 0 2
1405 0 0 1
g
0
1 2 0 0 1 2 0 2 4
t
2
22
9327.22 1041.93 100
9327.22 1041.93 -100
a
4
62
1370 1362 1406 1397 
1 1364 1 1399 0 1400 0 1398 0 2640 0.5 2641 0.5 
1 1365 1 1399 0 1400 0 1401 0 2640 0.5 2641 0.5 
1 1366 1 1400 0 1401 0 1402 0 2640 0.5 2641 0.5 
1 1367 1 1401 0 1402 0 1403 0 2640 0.5 2641 0.5 
1 1363 1 1399 0 1398 0 2640 0.5 2641 0.5 
1 1368 1 1403 0 1404 0 2640 0.5 2641 0.5 
1 1369 1 1404 0 1405 0 2640 0.5 2641 0.5 
2 1399 1 1364 0 1365 0 1363 0 2640 0.5 2641 0.5 
2 1400 1 1364 0 1365 0 1366 0 2640 0.5 2641 0.5 
2 1401 1 1365 0 1366 0 1367 0 2640 0.5 2641 0.5 
2 1398 1 1364 0 1363 0 2640 0.5 2641 0.5 
2 1402 1 1366 0 1367 0 2640 0.5 2641 0.5 
2 1403 1 1367 0 1368 0 2640 0.5 2641 0.5 
2 1404 1 1368 0 1369 0 2640 0.5 2641 0.5 
2 1405 1 1369 0 2640 0.5 2641 0.5 
0 2640 7.5 1364 0.5 1365 0.5 1366 0.5 1367 0.5 1363 0.5 1368 0.5 1369 0.5 1399 0.5 1400 0.5 1401 0.5 1398 0.5 1402 0.5 1403 0.5 1404 0.5 1405 0.5 
0 2641 7.5 1364 0.5 1365 0.5 1366 0.5 1367 0.5 1363 0.5 1368 0.5 1369 0.5 1399 0.5 1400 0.5 1401 0.5 1398 0.5 1402 0.5 1403 0.5 1404 0.5 1405 0.5 
NanList DIR 0
d
51
0 0 -14.5445 0 0 -14.5445 0 0 -14.5445 0 0 -14.5445 0 0 -14.5445 0 0 -14.5445 0 0 -14.5445 0 0 14.5445 0 0 14.5445 0 0 14.5445 0 0 14.5445 0 0 14.5445 0 0 14.5445 0 0 14.5445 0 0 14.5445 0 0 0 0 0 0 
s	12
1434 1436 1467 1470 
1434 1435 1436 1467 1468 1469 1470 
b
2 0
0.919026 0.807725 0.352458
1435 0 0 2
1468 0 0 1
1469 0 0 1
g
0
1 2 0 0 1 2 0 2 4
t
2
24
9411.44 1192.54 100
9411.44 1192.54 -100
a
4
66
1436 1433 1470 1466 
1 1434 1 1468 0 1467 0 2640 0.5 2641 0.5 
1 1435 1 1468 0 1469 0 2640 0.5 2641 0.5 
2 1468 1 1434 0 1435 0 2640 0.5 2641 0.5 
2 1467 1 1434 0 2640 0.5 2641 0.5 
2 1469 1 1435 0 2640 0.5 2641 0.5 
0 2640 2.5 1434 0.5 1435 0.5 1468 0.5 1467 0.5 1469 0.5 
0 2641 2.5 1434 0.5 1435 0.5 1468 0.5 1467 0.5 1469 0.5 
NanList DIR 0
d
21
0 0 -4.1118 0 0 -4.1118 0 0 4.1118 0 0 4.1118 0 0 4.1118 0 0 0 0 0 0 
s	13
1478 1480 1547 1549 
1478 1479 1480 1547 1548 1549 
b
2 0
0.525995 0.949327 0.0697553
1479 0 0 1
1548 0 0 1
g
0
1 2 0 0 1 2 0 2 4
t
2
26
9809.67 1891.15 100
9809.67 1891.15 -100
a
4
70
1480 1477 1549 1546 
1 1478 1 1548 0 1547 0 2640 0.5 2641 0.5 
1 1479 1 1548 0 2640 0.5 2641 0.5 
2 1548 1 1478 0 1479 0 2640 0.5 2641 0.5 
2 1547 1 1478 0 2640 0.5 2641 0.5 
0 2640 2 1478 0.5 1479 0.5 1548 0.5 1547 0.5 
0 2641 2 1478 0.5 1479 0.5 1548 0.5 1547 0.5 
NanList DIR 0
d
18
0 0 -10.8526 0 0 -10.8526 0 0 10.8526 0 0 10.8526 0 0 0 0 0 0 
s	14
1563 1570 1595 1601 
1563 1564 1565 1566 1567 1568 1569 1570 1595 1596 1597 1598 1599 1600 1601 
b
2 0
0.663227 0.192214 0.0860558
1564 0 0 2
1565 0 0 3
1566 0 0 2
1567 0 0 2
1568 0 0 2
1569 0 0 1
1596 0 0 2
1597 0 0 3
1598 0 0 3
1599 0 0 2
1600 0 0 2
g
0
1 2 0 0 1 2 0 2 4
t
2
28
10311.7 1078.24 100
10311.7 1078.24 -100
a
4
74
1570 1562 1601 1594 
1 1564 1 1596 0 1597 0 1595 0 2640 0.5 2641 0.5 
1 1565 1 1596 0 1597 0 1598 0 2640 0.5 2641 0.5 
1 1563 1 1596 0 1595 0 2640 0.5 2641 0.5 
1 1566 1 1597 0 1598 0 2640 0.5 2641 0.5 
1 1567 1 1598 0 1599 0 2640 0.5 2641 0.5 
1 1568 1 1599 0 1600 0 2640 0.5 2641 0.5 
1 1569 1 1600 0 2640 0.5 2641 0.5 
2 1596 1 1564 0 1565 0 1563 0 2640 0.5 2641 0.5 
2 1597 1 1564 0 1565 0 1566 0 2640 0.5 2641 0.5 
2 1598 1 1565 0 1566 0 1567 0 2640 0.5 2641 0.5 
2 1595 1 1564 0 1563 0 2640 0.5 2641 0.5 
2 1599 1 1567 0 1568 0 2640 0.5 2641 0.5 
2 1600 1 1568 0 1569 0 2640 0.5 2641 0.5 
0 2640 6.5 1564 0.5 1565 0.5 1563 0.5 1566 0.5 1567 0.5 1568 0.5 1569 0.5 1596 0.5 1597 0.5 1598 0.5 1595 0.5 1599 0.5 1600 0.5 
0 2641 6.5 1564 0.5 1565 0.5 1563 0.5 1566 0.5 1567 0.5 1568 0.5 1569 0.5 1596 0.5 1597 0.5 1598 0.5 1595 0.5 1599 0.5 1600 0.5 
NanList DIR 0
d
45
0 0 -12.1597 0 0 -12.1597 0 0 -12.1597 0 0 -12.1597 0 0 -12.1597 0 0 -12.1597 0 0 -12.1597 0 0 12.1597 0 0 12.1597 0 0 12.1597 0 0 12.1597 0 0 12.1597 0 0 12.1597 0 0 0 0 0 0 
s	15
1607 1612 1644 1648 1679 1681 1712 1714 
1607 1608 1609 1610 1611 1612 1644 1645 1646 1647 1648 1679 1680 1681 1712 1713 1714 
b
4 0
0.0641713 0.348893 0.890233
1608 0 0 1
1609 0 0 3
1610 0 0 3
1611 0 0 3
1645 0 0 2
1646 0 0 2
1647 0 0 3
1680 0 0 3
1713 0 0 2
g
0
1 2 0 0 1 2 0 2 4
t
2
30
10343.8 2036.73 100
10343.8 2036.73 -100
a
8
78
1612 1606 1648 1643 1681 1678 1714 1711 
1 1610 1 1680 0 1646 0 1647 0 1712 0 1713 0 1679 0 2640 0.5 2641 0.5 
1 1609 1 1680 0 1646 0 1647 0 1645 0 2640 0.5 2641 0.5 
1 1608 1 1646 0 1644 0 1645 0 2640 0.5 2641 0.5 
1 1611 1 1680 0 1647 0 1713 0 2640 0.5 2641 0.5 
1 1607 1 1644 0 2640 0.5 2641 0.5 
2 1646 1 1610 0 1609 0 1608 0 2640 0.5 2641 0.5 
2 1647 1 1610 0 1609 0 1611 0 2640 0.5 2641 0.5 
2 1644 1 1608 0 1607 0 2640 0.5 2641 0.5 
2 1645 1 1609 0 1608 0 2640 0.5 2641 0.5 
2 1680 1 1610 0 1609 0 1611 0 1712 0 1713 0 2640 0.5 2641 0.5 
2 1679 1 1610 0 1712 0 2640 0.5 2641 0.5 
3 1712 1 1610 0 1680 0 1679 0 2640 0.5 2641 0.5 
3 1713 1 1610 0 1680 0 1611 0 2640 0.5 2641 0.5 
0 2640 6.5 1610 0.5 1609 0.5 1608 0.5 1611 0.5 1607 0.5 1646 0.5 1647 0.5 1644 0.5 1645 0.5 1680 0.5 1679 0.5 1712 0.5 1713 0.5 
0 2641 6.5 1610 0.5 1609 0.5 1608 0.5 1611 0.5 1607 0.5 1646 0.5 1647 0.5 1644 0.5 1645 0.5 1680 0.5 1679 0.5 1712 0.5 1713 0.5 
NanList DIR 0
d
45
0 0 -25.0692 0 0 -25.0692 0 0 -25.0692 0 0 -25.0692 0 0 -25.0692 0 0 0 0 0 0 0 0 0 0 0 0 0 0 0 0 0 0 0 0 18.2319 0 0 18.2319 0 0 0 0 0 0 
s	16
1943 1945 1975 1978 
1943 1944 1945 1975 1976 1977 1978 
b
2 0
0.0630958 0.457702 0.020023
1944 0 0 2
1976 0 0 1
1977 0 0 1
g
0
1 2 0 0 1 2 0 2 4
t
2
32
12501.1 2130.6 100
12501.1 2130.6 -100
a
4
86
1945 1942 1978 1974 
1 1943 1 1976 0 1975 0 2640 0.5 2641 0.5 
1 1944 1 1976 0 1977 0 2640 0.5 2641 0.5 
2 1976 1 1943 0 1944 0 2640 0.5 2641 0.5 
2 1975 1 1943 0 2640 0.5 2641 0.5 
2 1977 1 1944 0 2640 0.5 2641 0.5 
0 2640 2.5 1943 0.5 1944 0.5 1976 0.5 1975 0.5 1977 0.5 
0 2641 2.5 1943 0.5 1944 0.5 1976 0.5 1975 0.5 1977 0.5 
NanList DIR 0
d
21
0 0 -5.59448 0 0 -5.59448 0 0 5.59448 0 0 5.59448 0 0 5.59448 0 0 0 0 0 0 
s	17
1961 1970 1995 2004 
1961 1962 1963 1964 1965 1966 1967 1968 1969 1970 1995 1996 1997 1998 1999 2000 2001 2002 2003 2004 
b
2 0
0.902208 0.970634 0.23828
1962 0 0 2
1963 0 0 3
1964 0 0 3
1965 0 0 3
1966 0 0 2
1967 0 0 3
1968 0 0 3
1969 0 0 2
1996 0 0 2
1997 0 0 3
1998 0 0 3
1999 0 0 2
2000 0 0 3
2001 0 0 3
2002 0 0 3
2003 0 0 2
g
0
1 2 0 0 1 2 0 2 4
t
2
34
12938 1416.25 100
12938 1416.25 -100
a
4
90
1970 1960 2004 1994 
1 1962 1 1996 0 1997 0 1995 0 2640 0.5 2641 0.5 
1 1963 1 1996 0 1997 0 1998 0 2640 0.5 2641 0.5 
1 1964 1 1997 0 1998 0 1999 0 2640 0.5 2641 0.5 
1 1965 1 1998 0 1999 0 2000 0 2640 0.5 2641 0.5 
1 1966 1 1999 0 2000 0 2001 0 2640 0.5 2641 0.5 
1 1967 1 2000 0 2001 0 2002 0 2640 0.5 2641 0.5 
1 1968 1 2001 0 2002 0 2003 0 2640 0.5 2641 0.5 
1 1961 1 1996 0 1995 0 2640 0.5 2641 0.5 
1 1969 1 2002 0 2003 0 2640 0.5 2641 0.5 
2 1996 1 1962 0 1963 0 1961 0 2640 0.5 2641 0.5 
2 1997 1 1962 0 1963 0 1964 0 2640 0.5 2641 0.5 
2 1998 1 1963 0 1964 0 1965 0 2640 0.5 2641 0.5 
2 1999 1 1964 0 1965 0 1966 0 2640 0.5 2641 0.5 
2 2000 1 1965 0 1966 0 1967 0 2640 0.5 2641 0.5 
2 2001 1 1966 0 1967 0 1968 0 2640 0.5 2641 0.5 
2 2002 1 1967 0 1968 0 1969 0 2640 0.5 2641 0.5 
2 1995 1 1962 0 1961 0 2640 0.5 2641 0.5 
2 2003 1 1968 0 1969 0 2640 0.5 2641 0.5 
0 2640 9 1962 0.5 1963 0.5 1964 0.5 1965 0.5 1966 0.5 1967 0.5 1968 0.5 1961 0.5 1969 0.5 1996 0.5 1997 0.5 1998 0.5 1999 0.5 2000 0.5 2001 0.5 2002 0.5 1995 0.5 2003 0.5 
0 2641 9 1962 0.5 1963 0.5 1964 0.5 1965 0.5 1966 0.5 1967 0.5 1968 0.5 1961 0.5 1969 0.5 1996 0.5 1997 0.5 1998 0.5 1999 0.5 2000 0.5 2001 0.5 2002 0.5 1995 0.5 2003 0.5 
NanList DIR 0
d
60
0 0 -12.466 0 0 -12.466 0 0 -12.466 0 0 -12.466 0 0 -12.466 0 0 -12.466 0 0 -12.466 0 0 -12.466 0 0 -12.466 0 0 12.466 0 0 12.466 0 0 12.466 0 0 12.466 0 0 12.466 0 0 12.466 0 0 12.466 0 0 12.466 0 0 12.466 0 0 0 0 0 0 
s	18
2207 2208 2209 2239 2240 2241 2242 2273 2274 2275 2305 2306 2307 2308 2372 2373 2374 2405 2406 2407 
2207 2208 2209 2239 2240 2241 2242 2273 2274 2275 2305 2306 2307 2308 2372 2373 2374 2405 2406 2407 
b
5 0
0.53976 0.266666 0.85092
2208 0 0 1
2240 0 0 1
2241 0 0 2
2274 0 0 3
2307 0 0 2
2406 0 0 1
b
2 0
0.512535 0.760249 0.375207
2306 0 0 1
2373 0 0 1
g
0
1 2 0 0 1 2 0 2 4
t
2
36
14490.2 2322.83 100
14490.2 2322.83 -100
a
11
94
2209 2206 2242 2238 2275 2272 2308 2304 2374 2407 2404 
1 2306 1 2274 0 2273 0 2373 0 2406 0 2405 0 2640 0.5 2641 0.5 
1 2305 1 2373 0 2372 0 2640 0.5 2641 0.5 
1 2307 1 2274 0 2406 0 2640 0.5 2641 0.5 
1 2240 1 2274 0 2273 0 2207 0 2640 0.5 2641 0.5 
1 2241 1 2274 0 2207 0 2208 0 2640 0.5 2641 0.5 
1 2239 1 2273 0 2640 0.5 2641 0.5 
2 2274 1 2306 0 2240 0 2241 0 2307 0 2640 0.5 2641 0.5 
2 2273 1 2306 0 2240 0 2239 0 2640 0.5 2641 0.5 
2 2207 1 2240 0 2241 0 2640 0.5 2641 0.5 
2 2208 1 2241 0 2640 0.5 2641 0.5 
2 2373 1 2306 0 2305 0 2640 0.5 2641 0.5 
2 2372 1 2305 0 2640 0.5 2641 0.5 
2 2406 1 2306 0 2307 0 2640 0.5 2641 0.5 
2 2405 1 2306 0 2640 0.5 2641 0.5 
0 2640 7 2306 0.5 2305 0.5 2307 0.5 2240 0.5 2241 0.5 2239 0.5 2274 0.5 2273 0.5 2207 0.5 2208 0.5 2373 0.5 2372 0.5 2406 0.5 2405 0.5 
0 2641 7 2306 0.5 2305 0.5 2307 0.5 2240 0.5 2241 0.5 2239 0.5 2274 0.5 2273 0.5 2207 0.5 2208 0.5 2373 0.5 2372 0.5 2406 0.5 2405 0.5 
NanList DIR 0
d
48
0 0 -11.9278 0 0 -11.9278 0 0 -11.9278 0 0 -11.9278 0 0 -11.9278 0 0 -11.9278 0 0 11.9278 0 0 11.9278 0 0 11.9278 0 0 11.9278 0 0 11.9278 0 0 11.9278 0 0 11.9278 0 0 11.9278 0 0 0 0 0 0 
s	19
2339 2341 2370 2372 
2339 2340 2341 2370 2371 2372 
b
2 0
0.0392803 0.531606 0.667724
2340 0 0 1
2371 0 0 1
g
0
1 2 0 0 1 2 0 2 4
t
2
38
14639.2 2088.44 100
14639.2 2088.44 -100
a
4
105
2341 2338 2372 2369 
1 2340 1 2370 0 2371 0 2640 0.5 2641 0.5 
1 2339 1 2370 0 2640 0.5 2641 0.5 
2 2370 1 2340 0 2339 0 2640 0.5 2641 0.5 
2 2371 1 2340 0 2640 0.5 2641 0.5 
0 2640 2 2340 0.5 2339 0.5 2370 0.5 2371 0.5 
0 2641 2 2340 0.5 2339 0.5 2370 0.5 2371 0.5 
NanList DIR 0
d
18
0 0 -6.59096 0 0 -6.59096 0 0 6.59096 0 0 6.59096 0 0 0 0 0 0 
s	20
2603 2605 2635 2638 
2603 2604 2605 2635 2636 2637 2638 
b
2 0
0.93081 0.931835 0.437638
2604 0 0 2
2636 0 0 1
2637 0 0 1
g
0
1 2 0 0 1 2 0 2 4
t
2
40
16550.3 2200.67 100
16550.3 2200.67 -100
a
4
109
2605 2602 2638 2634 
1 2604 1 2635 0 2636 0 2637 0 2640 0.5 2641 0.5 
1 2603 1 2635 0 2636 0 2640 0.5 2641 0.5 
2 2635 1 2604 0 2603 0 2640 0.5 2641 0.5 
2 2636 1 2604 0 2603 0 2640 0.5 2641 0.5 
2 2637 1 2604 0 2640 0.5 2641 0.5 
0 2640 2.5 2604 0.5 2603 0.5 2635 0.5 2636 0.5 2637 0.5 
0 2641 2.5 2604 0.5 2603 0.5 2635 0.5 2636 0.5 2637 0.5 
NanList DIR 0
d
21
0 0 -3.82283 0 0 -3.82283 0 0 3.82283 0 0 3.82283 0 0 3.82283 0 0 0 0 0 0 
