33 2 0.1 0.3 1 0 24 1
p
0
30
1000 0 0
988.94 63.8962 0
977.881 127.792 0
966.821 191.689 0
955.929 255.614 0
945.249 319.575 0
934.867 383.586 0
924.87 447.66 0
915.192 511.783 0
905.81 575.953 0
896.713 640.165 0
887.876 704.415 0
879.272 768.699 0
870.874 833.012 0
862.658 897.35 0
854.595 961.709 0
846.66 1026.08 0
838.825 1090.47 0
831.066 1154.87 0
823.355 1219.28 0
815.665 1283.69 0
807.971 1348.1 0
800.245 1412.5 0
792.462 1476.9 0
784.594 1541.29 0
776.616 1605.66 0
768.501 1670.01 0
760.221 1734.34 0
751.752 1798.64 0
743.067 1862.92 0
734.184 1927.16 0
p
1
30
1200 0 0
1196.1 72.8862 0
1192.21 145.772 0
1188.17 218.638 0
1183.95 291.486 0
1179.35 364.3 0
1174.06 437.051 0
1167.63 509.686 0
1159.7 582.149 0
1150.86 654.546 0
1141.12 726.838 0
1130.71 799.047 0
1119.9 871.204 0
1108.97 943.347 0
1098.24 1015.52 0
1087.99 1087.75 0
1078.51 1160.07 0
1070.06 1232.52 -12.5315
1062.71 1305.1 -12.5315
1056.21 1377.77 -12.5315
1051.19 1450.51 -12.5315
1048.12 1523.34 -12.5315
1047.34 1596.27 -12.5315
1049.2 1669.29 -12.5315
1052.79 1742.29 -12.5315
1056.7 1815.25 0
1060.61 1888.21 0
1064.52 1961.17 0
1068.43 2034.13 0
1072.34 2107.09 0
1076.25 2180.04 0
p
2
30
1400 0 0
1408.65 77.0781 0
1417.31 154.156 0
1425.06 231.335 0
1431.79 308.617 0
1436.83 386.045 0
1439.36 463.632 0
1438.3 541.324 0
1432.66 618.937 0
1424.12 696.31 0
1410.91 773.113 0
1390.63 848.564 0
1359.85 920.881 0
1317.14 987.651 0
1269.86 1052.55 0
1219.29 1115.87 0
1169.12 1179.77 0
1122.93 1246.17 12.5315
1084.1 1316.18 12.5315
1055.22 1389.75 12.5315
1039.19 1466.27 12.5315
1037.21 1543.87 12.5315
1049.16 1620.3 12.5315
1073.28 1693.8 12.5315
1105.33 1764.4 12.5315
1140.46 1833.71 0
1171.38 1904.92 0
1189.96 1980.18 0
1193.4 2057.84 14.4182
1195.67 2135.89 14.4182
1198.83 2213.98 14.4182
p
3
30
1600 0 0
1597.9 69.9128 0
1595.81 139.826 0
1592.66 209.733 0
1588.41 279.609 0
1582.74 349.425 0
1575.4 419.147 0
1565.92 488.719 0
1552.59 557.907 0
1538.44 626.923 0
1523.27 695.821 0
1507.99 764.79 0
1490.23 833.484 0
1476.3 903.674 0
1462.15 973.645 0
1448.69 1043.82 0
1435.53 1114.03 0
1422.7 1184.25 0
1410.04 1254.46 0
1397.37 1324.67 0
1384.46 1394.91 0
1371.02 1465.15 0
1356.7 1535.31 0
1341.13 1605.24 0
1323.92 1674.74 0
1304.86 1743.67 0
1284.12 1811.99 0
1262.97 1880.11 14.4182
1244.51 1948.96 14.4182
1230.35 2018.54 14.4182
1220.08 2088.49 14.4182
p
4
30
1800 0 0
1789.7 81.3384 0
1779.4 162.677 0
1770.27 244.154 0
1762.88 325.819 0
1758.13 407.706 0
1757.09 489.777 0
1761.01 571.854 0
1770.06 653.626 0
1779.91 735.375 0
1788.94 817.225 0
1794.4 899.315 0
1793.28 981.437 0
1783.97 1062.86 0
1766.49 1143 0
1740.55 1220.88 0
1706.78 1295.87 0
1666.29 1367.67 0
1620.5 1436.47 0
1571 1502.88 0
1519.46 1567.86 0
1467.55 1632.58 0
1416.89 1698.2 0
1369.06 1765.73 0
1325.52 1835.87 0
1287.16 1908.75 -14.4182
1254.05 1984.02 -14.4182
1227.52 2061.81 -14.4182
1203.2 2140.51 -14.4182
1178.98 2219.27 -14.4182
1154.73 2298.02 -14.4182
p
5
30
2000 0 0
2003.35 74.2781 0
2006.71 148.556 0
2009.23 222.877 0
2010.75 297.232 0
2010.9 371.618 0
2009.32 446.007 0
2005.68 520.353 0
1999.68 594.583 0
1991.07 668.603 0
1979.67 742.3 0
1965.37 815.552 0
1948.12 888.237 0
1927.9 960.227 0
1904.67 1031.39 0
1879.44 1101.93 0
1852.29 1171.84 0
1823.49 1241.17 0
1793.24 1309.96 0
1761.7 1378.25 0
1728.97 1446.06 0
1695.08 1513.37 0
1660.05 1580.17 0
1623.84 1646.43 0
1586.39 1712.07 0
1547.59 1777.01 0
1507.33 1841.16 0
1465.45 1904.36 0
1421.79 1966.47 0
1376.15 2027.29 0
1328.76 2086.84 0
p
6
30
2200 0 0
2193.15 83.9812 0
2186.3 167.962 0
2180.22 252.002 0
2174.3 336.054 0
2168.6 420.122 0
2162.94 504.192 0
2157.01 588.244 0
2150.41 672.244 0
2142.61 756.14 0
2132.94 839.847 0
2120.68 923.223 0
2105.02 1006.06 0
2085.2 1088.04 0
2060.53 1168.76 0
2031.49 1248.13 0
1997.87 1325.81 0
1959.81 1401.57 0
1917.52 1475.24 0
1871.29 1546.72 0
1821.46 1615.97 0
1768.43 1683.04 0
1712.64 1748.07 0
1654.55 1811.28 0
1594.63 1872.96 0
1533.39 1933.49 0
1471.32 1993.3 0
1408.95 2052.84 0
1346.62 2112.46 0
1284.1 2171.92 0
1221.52 2231.35 0
p
7
30
2400 0 0
2395.38 83.0106 0
2390.77 166.021 0
2385.75 249.004 0
2381.47 332.039 0
2378 415.12 0
2375.05 498.221 0
2372.82 581.352 0
2371.34 664.507 0
2370.47 747.685 0
2370.18 830.876 0
2370.42 914.078 0
2371.11 997.286 0
2372.2 1080.5 0
2373.62 1163.71 0
2375.3 1246.92 0
2377.18 1330.13 0
2379.19 1413.33 0
2381.26 1496.54 0
2383.33 1579.74 0
2385.33 1662.93 0
2387.19 1746.13 0
2388.84 1829.32 0
2390.23 1912.5 0
2391.29 1995.68 0
2391.95 2078.86 0
2392.15 2162.03 0
2391.83 2245.18 0
2390.94 2328.33 -12.3218
2389.54 2411.46 -12.3218
2388.13 2494.59 -12.3218
p
8
30
2600 0 0
2600.17 80.8143 0
2600.33 161.629 0
2599.82 242.45 0
2600.12 323.271 0
2601.28 404.094 0
2602.51 484.934 0
2603.92 565.788 0
2605.33 646.661 0
2606.67 727.549 0
2607.74 808.453 0
2608.38 889.373 0
2608.72 970.3 0
2609.34 1051.22 0
2609.92 1132.12 0
2609.71 1213.01 0
2608.89 1293.93 0
2607.14 1374.83 0
2604.24 1455.72 0
2599.98 1536.57 0
2594.13 1617.35 0
2586.46 1698.02 0
2576.75 1778.52 0
2564.77 1858.79 0
2550.29 1938.74 0
2533.07 2018.26 0
2512.88 2097.2 0
2489.48 2175.41 0
2462.66 2252.69 0
2432.19 2328.81 12.3218
2398.55 2403.75 12.3218
p
9
30
2800 0 0
2807.58 75.6739 0
2815.16 151.348 0
2821.83 227.117 0
2828.53 302.886 0
2835.08 378.676 0
2840.99 454.528 0
2846.23 530.441 0
2850.64 606.423 -11.0961
2854.12 682.465 -11.0961
2856.56 758.567 -11.0961
2857.82 834.72 -11.0961
2857.55 910.922 -11.0961
2854.66 987.165 -11.0961
2847.64 1063.34 0
2835.41 1139.12 0
2821.54 1214.66 0
2805.78 1289.91 0
2788.59 1364.88 0
2769.98 1439.54 0
2751.69 1514.28 0
2733.46 1589.09 0
2715.34 1664.04 0
2697.19 1739.1 0
2678.67 1814.22 0
2659.31 1889.27 0
2638.51 1964.06 0
2615.51 2038.27 0
2589.38 2111.5 0
2559.02 2183.1 -5.61157
2524.33 2252.8 -5.61157
p
10
30
3000 0 0
2993.04 87.3203 0
2986.08 174.641 0
2968.98 261.02 0
2948.81 346.842 0
2925.04 431.938 0
2902.96 517.523 0
2885.02 603.847 11.0961
2874.07 691.021 11.0961
2870.75 778.588 11.0961
2875.77 866.04 11.0961
2888.63 952.862 11.0961
2908.23 1038.72 0
2934.12 1123.2 0
2964.65 1206.24 0
2995.86 1288.93 -6.55224
3023.04 1373 -6.55224
3043.89 1458.8 -6.55224
3054.38 1546.38 0
3049.18 1634.27 0
3027.8 1719.65 0
2990.85 1799.73 0
2940.7 1872.73 0
2880.62 1938.4 0
2814.2 1998.24 0
2745.03 2055.22 0
2676.7 2113.23 0
2613.17 2176.25 0
2557.45 2246 5.61157
2507.44 2320 5.61157
2464.59 2398.59 0
p
11
30
3200 0 0
3202.64 75.2735 0
3205.28 150.547 0
3200.84 226.146 0
3193.96 301.605 0
3183.16 376.803 0
3170.75 451.762 0
3156.81 526.411 0
3141.24 600.638 0
3123.33 674.212 0
3103 747.05 0
3082.26 819.906 0
3061.97 893.176 0
3043.42 967.048 0
3028.22 1041.71 0
3018.26 1117.15 0
3015.73 1193.07 0
3022.32 1268.62 6.55224
3036.9 1342.88 6.55224
3059.43 1415.07 6.55224
3090.34 1484.3 6.55224
3129.81 1549.53 0
3176.61 1610.46 0
3228.37 1667.92 0
3282.03 1723.93 0
3334.01 1781.31 0
3380.23 1842.82 0
3416.15 1910.16 0
3441.37 1981.87 13.7656
3468.89 2053.11 13.7656
3499.06 2123.5 13.7656
p
12
30
3400 0 0
3408.41 56.5774 0
3416.82 113.155 0
3424.48 169.897 0
3432.17 226.649 0
3439.29 283.517 0
3446.12 340.429 0
3452.79 397.395 0
3459.39 454.429 0
3465.28 511.709 0
3469.17 569.509 0
3469.79 627.827 0
3472.4 686.025 0
3476.27 744.255 0
3479.42 802.83 0
3482.8 861.361 0
3487.54 919.771 0
3492.84 978.145 0
3498.53 1036.49 0
3504.43 1094.85 0
3510.38 1153.26 0
3516.28 1211.77 0
3522.05 1270.42 0
3527.62 1329.23 0
3532.88 1388.19 0
3537.57 1447.3 0
3541.18 1506.54 0
3542.76 1565.84 0
3540.63 1625.06 0
3532.01 1683.59 -1.36191
3515.55 1740.06 -1.36191
p
13
30
3600 0 0
3597.85 80.9978 0
3595.7 161.996 0
3592.23 242.944 0
3590.44 323.958 0
3592.13 405.045 0
3593.18 486.18 0
3595.07 567.373 0
3599.32 648.534 0
3609.56 729.222 0
3630.13 808.122 0
3661.48 883.682 0
3704.59 953.727 0
3762.55 1013.39 0
3831.89 1060.46 0
3889.84 1119.93 0
3929.49 1191.48 14.2344
3942.71 1271.08 14.2344
3932.24 1350.89 14.2344
3894.63 1423.28 14.2344
3837.46 1483.63 14.2344
3771.58 1536.42 14.2344
3703.84 1587.89 14.2344
3637.85 1641.69 0
3576.78 1700.1 1.36191
3528 1767.55 1.36191
3487.59 1839.82 -13.7656
3468.37 1920.6 -13.7656
3480.34 2002.79 -13.7656
3500.18 2083.85 -13.7656
3520.59 2164.69 -13.7656
p
14
30
3800 0 0
3788.05 69.9893 0
3776.1 139.979 0
3767.46 210.568 0
3760.58 281.339 0
3756.9 352.402 0
3756.35 423.649 0
3759.84 494.938 0
3768.18 566.006 0
3782.48 636.37 0
3803.99 705.235 0
3832.5 771.989 0
3867.29 836.239 0
3902.71 900.341 0
3932.33 967.669 0
3956.22 1036.86 -14.2344
3971.57 1108 -14.2344
3975.51 1180.2 -14.2344
3966.77 1251.71 -14.2344
3946.64 1320.83 -14.2344
3915.56 1385.6 -14.2344
3875.23 1445.12 -14.2344
3828.4 1499.92 -14.2344
3778.21 1551.9 -14.2344
3727.6 1603.57 -14.2344
3678.31 1656.47 -14.2344
3630.76 1711.01 0
3585.22 1767.44 0
3541.66 1825.66 13.7656
3500.12 1885.61 13.7656
3461.42 1947.85 13.7656
p
15
30
4000 0 0
3998.94 75.7056 0
3997.87 151.411 0
3997.62 227.047 0
3997.43 302.724 0
3997.41 378.403 0
3997.48 454.084 0
3997.54 529.765 0
3997.48 605.444 0
3997.23 681.12 0
3996.66 756.792 0
3995.7 832.458 0
3994.25 908.118 0
3992.2 983.769 14.2344
3989.61 1059.42 14.2344
3986.99 1135.07 14.2344
3984.45 1210.75 14.2344
3981.76 1286.44 14.2344
3978.83 1362.13 14.2344
3975.85 1437.8 0
3972.86 1513.48 0
3969.88 1589.16 0
3966.9 1664.84 0
3963.91 1740.52 0
3960.93 1816.2 0
3957.94 1891.88 0
3954.96 1967.56 0
3951.98 2043.23 0
3948.99 2118.91 0
3946.01 2194.59 0
3943.02 2270.27 0
p
16
30
4200 0 0
4204.28 75.9842 0
4208.55 151.968 0
4212.83 227.953 0
4217.11 303.937 0
4221.39 379.921 0
4225.66 455.905 0
4229.94 531.889 0
4234.22 607.874 0
4238.49 683.858 0
4242.77 759.842 0
4247.05 835.826 0
4251.33 911.81 0
4255.6 987.794 0
4259.88 1063.78 0
4264.16 1139.76 0
4268.43 1215.75 0
4272.71 1291.73 0
4276.99 1367.72 0
4281.27 1443.7 0
4285.54 1519.68 0
4289.82 1595.67 0
4294.1 1671.65 0
4298.37 1747.64 0
4302.65 1823.62 0
4306.93 1899.6 0
4311.21 1975.59 0
4315.48 2051.57 0
4319.76 2127.56 0
4324.04 2203.54 0
4328.31 2279.53 0
p
17
30
4400 0 0
4399.51 76.093 0
4399.01 152.186 0
4398.52 228.279 0
4398.02 304.372 0
4397.53 380.465 0
4397.04 456.558 0
4396.54 532.651 0
4396.05 608.744 0
4395.55 684.837 0
4395.06 760.93 0
4394.57 837.023 0
4394.07 913.116 0
4393.58 989.209 0
4393.08 1065.3 0
4392.59 1141.4 0
4392.1 1217.49 0
4391.6 1293.58 0
4391.11 1369.67 0
4390.61 1445.77 0
4390.12 1521.86 0
4389.63 1597.95 0
4389.13 1674.05 0
4388.64 1750.14 0
4388.15 1826.23 0
4387.65 1902.33 0
4387.16 1978.42 0
4386.66 2054.51 0
4386.17 2130.6 0
4385.68 2206.7 0
4385.18 2282.79 0
p
18
30
4600 0 0
4593.71 78.7921 0
4587.42 157.584 0
4581.12 236.376 0
4574.83 315.169 0
4568.54 393.961 0
4562.25 472.753 0
4555.95 551.545 0
4549.66 630.337 0
4543.37 709.129 0
4537.08 787.921 0
4530.78 866.714 0
4524.49 945.506 0
4518.2 1024.3 0
4511.91 1103.09 0
4505.61 1181.88 0
4499.32 1260.67 0
4493.03 1339.47 0
4486.74 1418.26 0
4480.45 1497.05 0
4474.15 1575.84 0
4467.86 1654.64 0
4461.57 1733.43 0
4455.28 1812.22 0
4448.98 1891.01 0
4442.69 1969.8 0
4436.4 2048.6 0
4430.11 2127.39 0
4423.81 2206.18 0
4417.52 2284.97 0
4411.23 2363.76 0
p
19
30
4800 0 0
4796.55 79.8634 0
4793.09 159.727 0
4789.6 239.589 0
4786.06 319.448 0
4782.46 399.305 0
4778.77 479.157 0
4774.97 559.005 0
4771.06 638.847 0
4767 718.682 0
4762.79 798.51 0
4758.41 878.328 0
4753.85 958.135 0
4749.08 1037.93 0
4744.2 1117.72 0
4739.23 1197.5 0
4734.19 1277.29 0
4729.14 1357.06 0
4724.11 1436.85 0
4719.14 1516.63 0
4714.27 1596.42 0
4709.53 1676.22 0
4704.97 1756.03 0
4700.63 1835.85 0
4696.55 1915.68 0
4692.75 1995.53 0
4689.29 2075.39 0
4686.2 2155.27 0
4683.52 2235.16 0
4681.29 2315.07 0
4679.45 2394.98 0
p
20
30
5000 0 0
4987.74 78.6222 0
4975.48 157.244 0
4963.31 235.881 0
4951.26 314.536 0
4939.36 393.215 0
4927.68 471.926 0
4916.24 550.673 0
4905.1 629.464 0
4894.3 708.303 0
4883.88 787.194 0
4873.89 866.141 0
4864.38 945.148 0
4855.38 1024.22 0
4846.73 1103.33 0
4838.42 1182.47 0
4830.37 1261.65 0
4822.54 1340.85 0
4814.84 1420.06 0
4807.22 1499.28 0
4799.62 1578.5 0
4791.97 1657.72 0
4784.21 1736.93 0
4776.27 1816.11 0
4768.09 1895.28 0
4759.61 1974.4 0
4750.76 2053.49 0
4741.48 2132.53 0
4731.7 2211.5 0
4721.36 2290.4 0
4710.52 2369.24 0
p
21
30
5200 0 0
5202.85 70.6479 0
5205.69 141.296 0
5208.54 211.944 0
5211.38 282.592 0
5214.23 353.239 0
5217.07 423.887 0
5219.92 494.535 0
5222.77 565.183 0
5225.61 635.831 0
5228.46 706.479 0
5231.3 777.127 0
5234.15 847.775 0
5237 918.422 0
5239.84 989.07 0
5242.69 1059.72 0
5245.53 1130.37 0
5248.38 1201.01 0
5251.22 1271.66 0
5254.07 1342.31 0
5256.92 1412.96 0
5259.76 1483.61 0
5262.61 1554.25 0
5265.45 1624.9 0
5268.3 1695.55 0
5271.14 1766.2 0
5273.99 1836.84 0
5276.84 1907.49 0
5279.68 1978.14 0
5282.53 2048.79 0
5285.37 2119.44 0
p
22
30
5400 0 0
5409.42 61.1826 0
5418.84 122.365 0
5426.18 183.842 0
5430.67 245.635 0
5434.05 307.568 0
5436 369.647 0
5436.89 431.833 0
5437.1 494.096 0
5437.01 556.411 0
5437 618.757 0
5437.46 681.107 0
5438.73 743.43 0
5441.15 805.685 0
5444.92 867.825 0
5450.29 929.792 0
5457.42 991.52 0
5466.47 1052.94 0
5477.51 1113.98 0
5490.62 1174.58 0
5505.78 1234.67 0
5522.96 1294.2 0
5542.08 1353.15 0
5563.01 1411.49 0
5585.59 1469.24 0
5609.62 1526.44 0
5634.86 1583.14 0
5661.04 1639.44 0
5687.87 1695.45 0
5715.06 1751.3 0
5742.47 1807.1 0
p
23
30
5600 0 0
5600.14 58.4921 0
5600.28 116.984 0
5600.73 175.547 0
5602.46 234.152 0
5604.35 292.711 0
5606.52 351.263 0
5608.83 409.812 0
5611.14 468.363 0
5613.36 526.925 0
5615.43 585.512 0
5617.34 644.14 0
5619.14 702.827 0
5620.94 761.587 0
5622.52 820.437 0
5624.01 879.379 0
5625.5 938.405 0
5627.16 997.497 0
5629.19 1056.62 0
5631.87 1115.73 0
5635.54 1174.77 0
5640.47 1233.67 -13.8458
5646.62 1292.42 -13.8458
5654.17 1350.95 -13.8458
5663.32 1409.17 -13.8458
5674.19 1466.99 -13.8458
5686.69 1524.42 -13.8458
5700.67 1581.49 -13.8458
5715.96 1638.24 -13.8458
5732.33 1694.69 -13.8458
5749.49 1750.9 -13.8458
p
24
30
5800 0 0
5808.21 77.4021 0
5816.43 154.804 0
5827.01 231.897 0
5838.69 308.792 0
5848.29 386.001 0
5854.54 463.549 0
5855.39 541.383 0
5848.67 619.065 0
5836.17 696.235 0
5817.77 772.496 0
5794.49 847.695 0
5767.84 921.975 0
5740.63 996.151 0
5714.9 1070.8 0
5692.81 1146.41 0
5676.19 1223.18 13.8458
5666.41 1300.84 13.8458
5664.27 1378.89 13.8458
5671 1456.55 13.8458
5686.87 1532.83 13.8458
5711.36 1606.81 13.8458
5743.56 1677.89 13.8458
5782.1 1745.93 13.8458
5825.73 1811.06 0
5873.59 1873.4 0
5924.47 1933.48 0
5977.08 1992.16 0
6030.14 2050.47 -14.9808
6082.89 2109.02 -14.9808
6136.4 2167.03 -14.9808
p
25
30
6000 0 0
5995.96 72.0895 0
5991.93 144.179 0
5986.22 216.168 0
5978.29 287.974 0
5968.3 359.561 0
5955.49 430.758 0
5939.18 501.316 0
5918.67 570.869 0
5897.33 640.286 0
5875.72 709.711 0
5855.2 779.537 0
5837.08 850.065 0
5821.43 921.15 0
5809.03 992.828 0
5800.36 1064.99 0
5795.84 1137.46 0
5795.87 1210 0
5799.77 1282.4 0
5807.64 1354.44 0
5819.34 1425.97 0
5834.68 1496.83 0
5853.48 1566.9 0
5875.55 1636.08 0
5900.67 1704.3 0
5928.61 1771.5 0
5959.08 1837.67 0
5991.81 1902.84 0
6026.34 1967.16 14.9808
6062.38 2030.74 14.9808
6100.91 2092.93 14.9808
p
26
30
6200 0 0
6196.68 68.0984 0
6193.36 136.197 0
6188.84 204.225 0
6182.72 272.138 0
6175 339.907 0
6165.2 407.441 0
6153.18 474.664 0
6139.12 541.557 0
6123.83 608.222 0
6107.64 674.715 0
6091.12 741.157 0
6074.88 807.687 0
6058.97 874.31 0
6043.84 941.109 0
6029.79 1008.13 0
6017.11 1075.4 0
6006.09 1142.92 0
5996.97 1210.69 0
5989.98 1278.68 0
5985.33 1346.83 0
5983.16 1415.08 0
5983.61 1483.34 0
5986.76 1551.53 0
5992.65 1619.54 0
6001.28 1687.28 0
6012.59 1754.66 0
6026.5 1821.61 0
6042.85 1888.06 0
6061.29 1954.01 -14.9808
6080.77 2019.7 -14.9808
p
27
30
6400 0 0
6403.51 59.2142 0
6407.03 118.428 0
6409.16 177.757 0
6409.84 237.163 0
6408.93 296.632 0
6406.31 356.124 0
6402.02 415.598 0
6395.72 474.987 0
6388.9 534.277 0
6381.43 593.51 0
6373.75 652.721 0
6365.98 711.921 0
6358.22 771.122 0
6350.55 830.327 0
6343 889.538 0
6335.57 948.756 0
6328.29 1007.98 0
6321.14 1067.22 0
6314.13 1126.48 0
6307.28 1185.75 0
6300.58 1245.05 0
6294.02 1304.38 0
6287.58 1363.72 0
6281.2 1423.08 0
6274.74 1482.45 0
6267.99 1541.8 0
6260.6 1601.09 -13.727
6252.71 1660.34 -13.727
6246.38 1719.72 -13.727
6241.74 1779.07 -13.727
p
28
30
6600 0 0
6607.26 69.5585 0
6614.52 139.117 0
6621.22 208.73 0
6627.23 278.409 0
6633.42 348.069 0
6639.65 417.725 0
6646.01 487.372 0
6652.44 557.009 0
6658.11 626.726 0
6662.65 696.525 0
6664.13 766.486 0
6661.57 836.454 0
6653.84 906.11 0
6640.15 974.951 0
6621.35 1042.72 0
6597.4 1109.04 0
6568.83 1173.71 0
6536.32 1236.72 0
6500.67 1298.22 0
6462.79 1358.55 0
6423.66 1418.23 0
6384.34 1477.86 0
6345.96 1538.13 0
6309.7 1599.71 13.727
6276.34 1662.89 13.727
6245.02 1727.25 13.727
6216.2 1792.96 13.727
6189.14 1859.55 0
6162.35 1926.28 -4.67763
6135.1 1992.76 -4.67763
p
29
30
6800 0 0
6802.5 70.4326 0
6804.99 140.865 0
6806.66 211.328 0
6807.31 281.814 0
6808.23 352.3 0
6809.26 422.793 0
6810.52 493.292 0
6811.94 563.793 0
6810.99 634.359 0
6806.75 704.867 0
6799.13 775.131 0
6787.3 844.883 0
6770.89 913.786 0
6749.5 981.427 0
6723.36 1047.48 0
6693.89 1112.25 0
6661.39 1175.67 0
6626.46 1237.94 0
6589.66 1299.25 0
6551.5 1359.85 0
6512.44 1419.99 0
6472.9 1479.9 0
6433.28 1539.84 0
6393.93 1600.02 0
6355.2 1660.65 0
6317.39 1721.94 0
6280.8 1784.07 0
6245.41 1847.06 0
6209.92 1910.23 4.67763
6173.11 1972.98 4.67763
p
30
30
7000 0 0
6991.28 84.6389 0
6982.56 169.278 0
6973.98 253.926 0
6965.64 338.596 0
6959.04 423.429 0
6954.74 508.431 0
6953.67 593.579 0
6956.93 678.754 0
6962.21 763.889 0
6969.2 848.947 0
6975.72 934.039 0
6979.56 1019.24 0
6978.02 1104.42 0
6968.14 1188.98 0
6947.63 1271.63 0
6916.73 1351.12 0
6875.09 1425.87 0
6823.51 1494.65 0
6763.41 1556.82 0
6696.59 1612.53 0
6625.01 1662.8 0
6550.63 1709.47 0
6475.37 1755.03 0
6401.24 1802.37 0
6330.57 1854.46 0
6266.17 1913.86 0
6210.37 1981.32 0
6161.88 2054.44 14.9808
6121.1 2132.72 14.9808
6081.81 2211.79 14.9808
p
31
30
7200 0 0
7192.54 67.3303 0
7185.08 134.661 0
7177.62 201.991 0
7170.17 269.321 0
7162.71 336.651 0
7155.25 403.982 0
7147.79 471.312 0
7140.33 538.642 0
7132.87 605.973 0
7125.42 673.303 0
7117.96 740.633 0
7110.5 807.963 0
7103.04 875.294 0
7095.58 942.624 0
7088.12 1009.95 0
7080.67 1077.28 0
7073.21 1144.61 0
7065.75 1211.95 0
7058.29 1279.28 0
7050.83 1346.61 0
7043.37 1413.94 0
7035.91 1481.27 0
7028.46 1548.6 0
7021 1615.93 0
7013.54 1683.26 0
7006.08 1750.59 0
6998.62 1817.92 0
6991.16 1885.25 0
6983.71 1952.58 0
6976.25 2019.91 0
p
32
30
7400 0 0
7393.85 84.5379 0
7387.69 169.076 0
7381.54 253.614 0
7375.39 338.152 0
7369.24 422.689 0
7363.08 507.227 0
7356.93 591.765 0
7350.78 676.303 0
7344.63 760.841 0
7338.47 845.379 0
7332.32 929.917 0
7326.17 1014.45 0
7320.01 1098.99 0
7313.86 1183.53 0
7307.71 1268.07 0
7301.56 1352.61 0
7295.4 1437.14 0
7289.25 1521.68 0
7283.1 1606.22 0
7276.95 1690.76 0
7270.79 1775.3 0
7264.64 1859.83 0
7258.49 1944.37 0
7252.34 2028.91 0
7246.18 2113.45 0
7240.03 2197.99 0
7233.88 2282.52 0
7227.72 2367.06 0
7221.57 2451.6 0
7215.42 2536.14 0
p
33
30
7600 0 0
7607.29 73.819 0
7614.58 147.638 0
7621.65 221.48 0
7628.46 295.347 0
7634.91 369.247 0
7640.92 443.187 0
7646.41 517.17 0
7651.29 591.197 0
7655.51 665.269 0
7658.99 739.383 0
7661.67 813.535 0
7663.48 887.719 0
7664.36 961.925 0
7664.54 1036.14 0
7664.03 1110.36 0
7662.9 1184.58 0
7661.24 1258.8 0
7659.12 1333 0
7656.6 1407.2 0
7653.77 1481.4 0
7650.69 1555.58 0
7647.42 1629.76 0
7644.04 1703.94 0
7640.62 1778.11 0
7637.21 1852.29 0
7633.89 1926.47 0
7630.73 2000.65 0
7627.79 2074.84 0
7625.14 2149.04 0
7622.79 2223.23 0
p
34
30
7800 0 0
7798.24 75.49 0
7796.48 150.98 0
7794.68 226.468 0
7792.83 301.954 0
7790.92 377.438 0
7788.92 452.92 0
7786.8 528.397 0
7784.55 603.871 0
7782.14 679.339 0
7779.55 754.801 0
7776.76 830.255 0
7773.75 905.701 0
7770.51 981.138 0
7766.98 1056.56 0
7763.12 1131.97 0
7758.91 1207.36 0
7754.31 1282.74 0
7749.29 1358.08 0
7743.8 1433.4 0
7737.83 1508.68 0
7731.34 1583.92 0
7724.31 1659.11 0
7716.7 1734.26 0
7708.5 1809.34 0
7699.69 1884.36 0
7690.24 1959.31 0
7680.14 2034.18 0
7669.38 2108.97 0
7658.04 2183.68 0
7646.49 2258.36 0
p
35
30
8000 0 0
7995.94 79.2882 0
7991.88 158.576 0
7987.82 237.865 0
7983.76 317.153 0
7979.7 396.441 0
7975.64 475.729 0
7971.58 555.017 0
7967.52 634.305 0
7963.45 713.594 0
7959.39 792.882 0
7955.33 872.17 0
7951.27 951.458 0
7947.21 1030.75 0
7943.15 1110.03 0
7939.09 1189.32 0
7935.03 1268.61 0
7930.97 1347.9 0
7926.91 1427.19 0
7922.85 1506.48 0
7918.79 1585.76 0
7914.73 1665.05 0
7910.67 1744.34 0
7906.61 1823.63 0
7902.55 1902.92 0
7898.48 1982.2 0
7894.42 2061.49 0
7890.36 2140.78 0
7886.3 2220.07 0
7882.24 2299.36 0
7878.18 2378.65 0
p
36
30
8200 0 0
8197.53 85.6565 0
8195.06 171.313 0
8192.59 256.969 0
8190.12 342.626 0
8187.65 428.282 0
8185.18 513.939 0
8182.71 599.595 0
8180.24 685.252 0
8177.77 770.908 0
8175.3 856.565 0
8172.83 942.221 0
8170.36 1027.88 0
8167.89 1113.53 0
8165.42 1199.19 0
8162.95 1284.85 0
8160.48 1370.5 0
8158.01 1456.16 0
8155.54 1541.82 0
8153.07 1627.47 0
8150.6 1713.13 0
8148.13 1798.79 0
8145.67 1884.44 0
8143.2 1970.1 0
8140.73 2055.76 0
8138.26 2141.41 0
8135.79 2227.07 0
8133.32 2312.73 0
8130.85 2398.38 0
8128.38 2484.04 0
8125.91 2569.69 0
p
37
30
8400 0 0
8405.25 76.5878 0
8410.5 153.176 0
8413.79 229.881 0
8414.59 306.679 0
8412.31 383.494 0
8407.69 460.265 0
8401.39 536.98 0
8394.32 613.674 0
8387.39 690.398 0
8381.58 767.205 0
8377.84 844.107 0
8376.49 921.047 0
8378.14 997.932 0
8383.17 1074.63 0
8391.83 1150.98 0
8404.23 1226.8 0
8420.36 1301.95 0
8440.07 1376.29 0
8463.08 1449.74 0
8488.99 1522.31 0
8517.33 1594.05 0
8547.51 1665.11 0
8578.86 1735.72 0
8610.67 1806.17 0
8642.16 1876.78 0
8672.52 1947.89 0
8700.88 2019.85 0
8726.97 2092.69 0
8752.31 2165.91 -9.61086
8776.84 2239.53 -9.61086
p
38
30
8600 0 0
8596.89 69.6642 0
8593.79 139.328 0
8591.3 209.042 0
8589.84 278.807 0
8589.96 348.619 0
8591.06 418.429 0
8593.17 488.229 0
8596.27 558.003 0
8600.27 627.741 0
8605.15 697.432 0
8610.92 767.066 0
8617 836.682 0
8623.36 906.29 0
8629.84 975.906 0
8636.35 1045.55 0
8642.81 1115.22 0
8649.2 1184.94 0
8655.5 1254.71 0
8661.75 1324.53 0
8668 1394.39 0
8674.33 1464.29 0
8680.85 1534.22 0
8687.7 1604.15 0
8695.04 1674.07 0
8703.07 1743.94 0
8712.03 1813.73 0
8722.17 1883.37 0
8733.81 1952.78 0
8747.29 2021.87 0
8762.58 2090.58 0
p
39
30
8800 0 0
8799.26 75.9484 0
8798.53 151.897 0
8797.42 227.828 0
8795.96 303.745 0
8794.2 379.65 0
8793.12 455.575 0
8792.88 531.515 0
8793.08 607.463 0
8793.91 683.417 0
8795.33 759.373 0
8797.26 835.329 0
8799.63 911.283 0
8802.35 987.236 0
8805.29 1063.19 0
8808.36 1139.15 0
8811.42 1215.11 0
8814.33 1291.08 0
8816.97 1367.07 0
8819.22 1443.07 0
8820.94 1519.09 0
8822.02 1595.12 0
8822.35 1671.15 0
8821.85 1747.18 0
8820.44 1823.21 0
8818.07 1899.21 0
8814.71 1975.18 0
8810.35 2051.1 0
8805.01 2126.96 0
8798.74 2202.76 9.61086
8791.69 2278.51 9.61086
p
40
30
9000 0 0
9004.81 62.5427 0
9009.62 125.085 0
9014.43 187.628 0
9019.24 250.171 0
9024.04 312.714 0
9028.85 375.256 0
9033.66 437.799 0
9038.47 500.342 0
9043.28 562.884 0
9048.09 625.427 0
9052.9 687.97 0
9057.71 750.513 0
9062.51 813.055 0
9067.32 875.598 0
9072.13 938.141 0
9076.94 1000.68 0
9081.75 1063.23 0
9086.56 1125.77 0
9091.37 1188.31 0
9096.18 1250.85 0
9100.98 1313.4 0
9105.79 1375.94 0
9110.6 1438.48 0
9115.41 1501.03 0
9120.22 1563.57 0
9125.03 1626.11 0
9129.84 1688.65 0
9134.65 1751.2 0
9139.46 1813.74 0
9144.26 1876.28 0
p
41
30
9200 0 0
9207.98 76.8346 0
9215.96 153.669 0
9223.8 230.516 0
9231.52 307.371 0
9239.17 384.233 0
9246.84 461.091 0
9254.65 537.93 0
9262.81 614.731 0
9271.56 691.466 0
9281.15 768.099 0
9291.88 844.581 0
9304.05 920.851 0
9317.94 996.834 0
9333.82 1072.44 0
9351.7 1147.62 0
9371.71 1222.29 0
9393.9 1296.38 0
9418.29 1369.82 0
9444.85 1442.55 0
9473.53 1514.52 0
9504.21 1585.72 0
9536.79 1656.13 0
9571.1 1725.77 0
9606.94 1794.69 0
9644.11 1862.96 0
9682.37 1930.67 0
9721.46 1997.94 0
9761.1 2064.91 0
9801.02 2131.73 0
9841.08 2198.5 0
p
42
30
9400 0 0
9397.9 72.7834 0
9395.8 145.567 0
9394.14 218.364 0
9393.02 291.175 0
9392.66 363.997 0
9393.26 436.825 0
9395.01 509.644 0
9398.08 582.431 0
9402.62 655.156 0
9408.77 727.78 0
9416.65 800.258 0
9426.38 872.534 0
9438.06 944.547 0
9451.8 1016.22 0
9467.12 1087.61 0
9484.01 1158.67 0
9502.33 1229.41 0
9521.94 1299.83 0
9542.73 1369.95 0
9564.61 1439.77 0
9587.47 1509.3 0
9611.23 1578.55 0
9635.84 1647.55 0
9661.22 1716.28 0
9687.31 1784.78 0
9714.08 1853.04 0
9741.46 1921.08 0
9769.43 1988.91 0
9797.95 2056.53 0
9826.9 2123.97 0
p
43
30
9600 0 0
9605.4 81.1251 0
9610.8 162.25 0
9616.39 243.357 0
9622.29 324.439 0
9628.67 405.48 0
9635.73 486.462 0
9643.61 567.364 0
9652.34 648.179 0
9661.9 728.904 0
9672.23 809.539 0
9683.27 890.087 0
9695.08 970.539 0
9707.62 1050.89 0
9720.85 1131.15 0
9734.74 1211.3 0
9749.25 1291.35 0
9764.33 1371.31 0
9779.92 1451.17 0
9795.94 1530.96 0
9812.32 1610.68 0
9828.97 1690.35 0
9845.78 1769.98 0
9862.64 1849.6 0
9879.44 1929.22 0
9896.05 2008.88 0
9912.34 2088.59 0
9927.9 2168.4 -14.1263
9941.59 2248.51 -14.1263
9953.38 2328.96 -14.1263
9964.79 2409.48 -14.1263
p
44
30
9800 0 0
9811.03 75.8585 0
9822.06 151.717 0
9832.69 227.656 0
9842.77 303.688 0
9852.09 379.842 0
9860.4 456.152 0
9867.31 532.658 0
9872.68 609.359 0
9876.76 686.206 0
9879.84 763.168 0
9882.01 840.235 0
9884.8 917.295 0
9888.07 994.357 0
9891.99 1071.39 0
9896.59 1148.37 0
9901.89 1225.29 0
9907.8 1302.17 0
9914.26 1379.03 0
9921.1 1455.92 0
9928.06 1532.88 0
9934.63 1609.99 0
9941.61 1687.18 0
9948.48 1764.46 0
9954.9 1841.83 0
9960.26 1919.28 0
9963.64 1996.78 0
9963.64 2074.24 0
9959.79 2151.53 14.1263
9955.37 2228.73 14.1263
9949.31 2305.72 14.1263
p
45
30
10000 0 0
9995.3 80.096 0
9990.59 160.192 0
9986.54 240.319 0
9983.54 320.494 0
9982.25 400.724 0
9983.49 480.976 0
9988.03 561.149 0
9996.4 641.079 0
10008.8 720.579 0
10025 799.48 0
10044.7 877.687 0
10066.1 955.5 0
10088.5 1033.11 0
10110.4 1110.83 0
10130.7 1188.95 0
10148.3 1267.64 0
10162.1 1346.97 0
10171.4 1426.87 0
10175.4 1507.11 0
10173.8 1587.37 0
10166.4 1667.27 0
10153.5 1746.48 0
10135.6 1824.73 0
10113.4 1901.93 0
10088.1 1978.21 0
10061 2053.89 0
10033.5 2129.51 0
10007.4 2205.65 0
9983.52 2282.52 14.1263
9959.22 2359.42 14.1263
p
46
30
10200 0 0
10207.2 90.5584 0
10214.5 181.117 0
10215.1 272.182 0
10210.6 363.308 0
10202.4 454.405 0
10189.7 545.253 0
10174.2 635.824 0
10158.1 726.328 0
10145.1 817.166 0
10137.9 908.2 0
10137.4 999.55 0
10145.5 1090.42 0
10162.8 1179.97 0
10189.6 1267.27 0
10225.3 1351.52 0
10269.3 1432.21 0
10320.1 1509.21 0
10376.3 1582.88 0
10436.1 1653.94 0
10498 1723.48 0
10560.2 1792.75 0
10621 1863.01 0
10678.9 1935.38 0
10732.3 2010.67 0
10780.5 2089 0
10825.5 2169.19 0
10869.2 2250.26 0
10912.7 2331.53 0
10956.1 2412.81 0
10999.6 2494.08 0
p
47
30
10400 0 0
10400.6 73.8721 0
10401.2 147.744 0
10395.9 221.619 0
10387.8 295.348 0
10379 369.188 0
10370.2 443.207 0
10362.8 517.525 0
10358.2 592.186 0
10358.7 667.168 0
10359.4 742.544 0
10363.5 817.669 0
10370.4 892.618 0
10380.2 967.208 0
10393 1041.31 0
10408.6 1114.8 0
10426.9 1187.62 0
10447.8 1259.72 0
10471.1 1331.09 0
10496.6 1401.74 0
10524.1 1471.72 0
10553.4 1541.06 0
10584.3 1609.84 0
10616.5 1678.11 0
10649.6 1746 0
10683.3 1813.63 0
10717 1881.21 0
10750.3 1948.98 0
10782.4 2017.26 20.1616
10812.3 2086.44 20.1616
10839.6 2156.48 20.1616
p
48
30
10600 0 0
10591.8 77.6265 0
10583.7 155.253 0
10567.9 232.066 0
10545.2 307.433 0
10520.2 382.299 0
10493.8 456.788 0
10471.3 532.5 0
10458.1 610.214 0
10461.9 689.114 0
10488.2 764.152 0
10528.5 834.082 0
10580.4 897.439 0
10639.2 955.835 0
10699.7 1012.76 0
10757.3 1072.13 0
10807.3 1136.96 0
10845.2 1208.32 13.9666
10869.1 1284.66 13.9666
10883 1362.71 13.9666
10887.7 1441.34 13.9666
10882.8 1519.77 13.9666
10870.6 1597.43 0
10858.6 1674.78 0
10848.1 1752.51 0
10839.8 1830.85 0
10835.8 1909.73 0
10839 1988.6 0
10850.7 2066.65 0
10869.8 2143.36 0
10889.1 2220.2 0
p
49
30
10800 0 0
10805.8 56.0005 0
10811.7 112.001 0
10815.9 168.327 0
10820.5 224.664 0
10824.6 281.029 0
10828.7 337.449 0
10832.4 393.954 0
10835.7 450.532 0
10838.7 507.175 0
10841.4 563.873 0
10844 620.609 0
10846.4 677.37 0
10848.8 734.141 0
10851.2 790.911 0
10853.9 847.668 0
10856.8 904.402 0
10860 961.106 0
10863.7 1017.77 0
10868 1074.38 0
10873 1130.94 0
10878.7 1187.42 0
10885.1 1243.82 -13.9666
10891.6 1300.22 -13.9666
10897.7 1356.67 -13.9666
10903.6 1413.17 -13.9666
10909.3 1469.71 -13.9666
10914.5 1526.28 -13.9666
10918.9 1582.94 -13.9666
10922.2 1639.72 -13.9666
10925.6 1696.49 -13.9666
p
50
30
11000 0 0
11010.3 77.7529 0
11020.6 155.506 0
11033.8 232.718 0
11050.8 309.111 0
11066.9 385.814 0
11082.1 462.691 0
11094.8 539.959 0
11104 617.705 0
11108.7 695.889 0
11108.3 774.361 0
11102.7 852.904 0
11092.3 931.294 0
11077.7 1009.36 0
11060.2 1087.05 0
11041.3 1164.44 0
11023.1 1241.76 0
11006.7 1319.2 0
10989.7 1396.56 0
10971.7 1473.76 0
10953.2 1550.86 13.9666
10935.7 1628.11 13.9666
10918.3 1705.32 13.9666
10901.6 1782.76 13.9666
10884.9 1860.2 0
10867.7 1937.57 -26.3191
10851.1 2015.04 -26.3191
10836 2092.79 -26.3191
10822.8 2170.85 -26.3191
10812.3 2249.25 -26.3191
10804.7 2327.98 0
p
51
30
11200 0 0
11193.5 79.3109 0
11187 158.622 0
11180 237.83 0
11174.7 317.289 0
11169.4 396.72 0
11164.2 476.165 0
11158.8 555.602 0
11152.8 635.005 0
11145.9 714.346 0
11137.9 793.594 0
11128.5 872.717 0
11117.5 951.682 0
11104.7 1030.46 0
11090 1109.02 0
11073.5 1187.35 0
11055.2 1265.45 0
11035.6 1343.35 0
11016.7 1421.37 0
10999.2 1499.63 0
10983.8 1578.26 0
10971 1657.39 0
10960.4 1736.83 0
10950.2 1816.34 0
10939.5 1895.77 0
10927.1 1974.95 0
10912.2 2053.66 0
10894.1 2131.74 -26.3191
10873 2209.11 -26.3191
10848.7 2285.54 -26.3191
10821.2 2360.92 0
p
52
30
11400 0 0
11399.9 67.5429 0
11399.8 135.086 0
11399.7 202.629 0
11399.6 270.172 0
11399.5 337.715 0
11399.4 405.258 0
11399.3 472.801 0
11399.2 540.344 0
11399.1 607.886 0
11399 675.429 0
11398.9 742.972 0
11398.9 810.515 0
11398.8 878.058 0
11398.7 945.601 0
11398.6 1013.14 0
11398.5 1080.69 0
11398.4 1148.23 0
11398.3 1215.77 0
11398.2 1283.32 0
11398.1 1350.86 0
11398 1418.4 0
11397.9 1485.94 0
11397.8 1553.49 0
11397.7 1621.03 0
11397.6 1688.57 0
11397.5 1756.12 0
11397.4 1823.66 0
11397.3 1891.2 0
11397.2 1958.75 0
11397.1 2026.29 0
p
53
30
11600 0 0
11595.1 69.914 0
11590.3 139.828 0
11585.4 209.742 0
11580.5 279.656 0
11575.7 349.57 0
11570.8 419.484 0
11565.9 489.398 0
11561.1 559.312 0
11556.2 629.226 0
11551.3 699.14 0
11546.4 769.054 0
11541.6 838.968 0
11536.7 908.882 0
11531.8 978.796 0
11527 1048.71 0
11522.1 1118.62 0
11517.2 1188.54 0
11512.4 1258.45 0
11507.5 1328.37 0
11502.6 1398.28 0
11497.8 1468.19 0
11492.9 1538.11 0
11488 1608.02 0
11483.2 1677.94 0
11478.3 1747.85 0
11473.4 1817.76 0
11468.5 1887.68 0
11463.7 1957.59 0
11458.8 2027.51 0
11453.9 2097.42 0
p
54
30
11800 0 0
11799.5 76.9127 0
11799 153.825 0
11799.3 230.744 0
11799.8 307.662 0
11800.5 384.584 0
11801.6 461.51 0
11802.9 538.44 0
11804.4 615.376 0
11806.2 692.318 0
11808.1 769.266 0
11810.2 846.223 0
11812.5 923.188 0
11814.8 1000.16 0
11817.2 1077.15 0
11819.7 1154.14 0
11822.2 1231.15 0
11824.7 1308.17 0
11827.2 1385.21 0
11829.6 1462.26 0
11832 1539.32 0
11834.3 1616.4 0
11836.4 1693.49 0
11838.4 1770.59 0
11840.2 1847.71 0
11841.8 1924.85 0
11843.1 2002 0
11844.2 2079.16 0
11845.1 2156.33 0
11845.6 2233.52 -6.0822
11845.9 2310.71 -6.0822
p
55
30
12000 0 0
11999.1 78.4394 0
11998.3 156.879 0
11998.6 235.332 0
11998.9 313.788 0
11999.6 392.253 0
12000.4 470.728 0
12001.2 549.218 0
12002 627.723 0
12002.5 706.246 0
12002.7 784.787 0
12002.5 863.346 0
12001.9 941.921 0
12000.8 1020.51 0
11999.2 1099.1 0
11997 1177.7 0
11994.2 1256.29 0
11990.8 1334.87 0
11986.6 1413.42 0
11981.6 1491.94 0
11975.8 1570.42 0
11969.1 1648.83 0
11961.5 1727.17 0
11952.9 1805.41 0
11943.3 1883.54 0
11932.6 1961.54 0
11920.8 2039.38 0
11907.8 2117.04 0
11893.5 2194.49 0
11877.9 2271.7 6.0822
11861.2 2348.69 6.0822
p
56
30
12200 0 0
12209.4 79.6031 0
12218.8 159.206 0
12228.7 238.76 0
12238 318.379 0
12246.8 398.072 0
12254.7 477.872 0
12261.3 557.807 0
12266.2 637.891 0
12269.1 718.12 0
12269.4 798.459 0
12267.5 878.823 0
12263.2 959.157 0
12256.7 1039.4 0
12247.9 1119.48 0
12236.9 1199.34 0
12223.6 1278.92 0
12208.2 1358.17 0
12190.7 1437.04 0
12171.8 1515.67 0
12151.7 1594.04 0
12130.4 1672.19 0
12108.2 1750.12 0
12085 1827.82 0
12060.8 1905.28 0
12035.6 1982.44 0
12009.2 2059.25 0
11981.5 2135.65 0
11952.4 2211.56 0
11921.6 2286.88 -7.31264
11889.5 2361.65 -7.31264
p
57
30
12400 0 0
12396.8 87.3894 0
12393.6 174.779 0
12391.7 262.126 0
12390.6 349.538 0
12390.9 436.977 0
12392.8 524.429 0
12396.2 611.875 0
12401.1 699.294 0
12407.4 786.669 0
12414.9 873.995 0
12422.1 961.367 0
12428.3 1048.83 0
12432.6 1136.43 0
12434.1 1224.15 0
12432 1311.89 -12.6285
12424.4 1399.3 -12.6285
12410.9 1485.97 -12.6285
12391.1 1571.43 -12.6285
12364.6 1655.11 -12.6285
12331.7 1736.61 -12.6285
12293.2 1815.75 -12.6285
12249.8 1892.52 -12.6285
12202.4 1967.05 0
12151.8 2039.7 0
12099.3 2111.05 0
12045.9 2181.88 0
11993 2253.11 0
11941.3 2325.29 7.31264
11889.9 2397.74 7.31264
11838.4 2470.18 0
p
58
30
12600 0 0
12597 68.0438 0
12594 136.088 0
12589.4 204.148 0
12584.4 272.137 0
12578.8 340.085 0
12572.8 407.996 0
12566.4 475.886 0
12559.8 543.776 0
12552.9 611.692 0
12545.6 679.656 0
12538.4 747.728 0
12531.1 815.917 0
12523.7 884.219 0
12516 952.605 0
12507.7 1021.02 0
12498.8 1089.38 0
12488.7 1157.58 0
12477.2 1225.49 0
12464 1293.01 12.6285
12449.6 1360.26 12.6285
12434.2 1427.27 12.6285
12417.6 1493.96 12.6285
12399.8 1560.26 12.6285
12380.6 1626.19 12.6285
12360.4 1691.76 12.6285
12339.2 1757.03 12.6285
12317.3 1822.03 12.6285
12294.5 1886.76 12.6285
12270.7 1951.07 0
12245.7 2015 0
p
59
30
12800 0 0
12788.4 72.9417 0
12776.8 145.883 0
12769.5 219.476 0
12762.6 293.159 0
12756.8 367.045 0
12751.7 441.079 0
12746.7 515.206 0
12741.2 589.364 0
12734.9 663.483 0
12727.2 737.479 0
12718.1 811.302 0
12707.3 884.866 0
12694.6 958.094 0
12680 1030.91 0
12663.4 1103.24 0
12644.7 1175.03 0
12624 1246.21 0
12601.2 1316.75 0
12576.4 1386.63 0
12549.8 1455.82 0
12521.5 1524.35 0
12491.5 1592.23 0
12460.2 1659.51 0
12427.7 1726.26 0
12394.1 1792.55 0
12359.8 1858.49 0
12325 1924.18 0
12290 1989.77 0
12254.9 2055.39 0
12219.9 2121.01 0
p
60
30
13000 0 0
12995.4 74.3378 0
12990.8 148.676 0
12986.2 223.013 0
12981.5 297.351 0
12976.9 371.689 0
12972.3 446.027 0
12967.7 520.364 0
12963.1 594.702 0
12958.5 669.04 0
12953.8 743.378 0
12949.2 817.715 0
12944.6 892.053 0
12940 966.391 0
12935.4 1040.73 0
12930.8 1115.07 0
12926.2 1189.4 0
12921.5 1263.74 0
12916.9 1338.08 0
12912.3 1412.42 0
12907.7 1486.76 0
12903.1 1561.09 0
12898.5 1635.43 0
12893.8 1709.77 0
12889.2 1784.11 0
12884.6 1858.44 0
12880 1932.78 0
12875.4 2007.12 0
12870.8 2081.46 0
12866.1 2155.79 0
12861.5 2230.13 0
p
61
30
13200 0 0
13204.1 66.8639 0
13208.2 133.728 0
13212.3 200.592 0
13216.4 267.456 0
13220.5 334.32 0
13224.6 401.184 0
13228.7 468.047 0
13232.8 534.911 0
13237 601.775 0
13241.1 668.639 0
13245.2 735.503 0
13249.3 802.367 0
13253.4 869.231 0
13257.5 936.095 0
13261.6 1002.96 0
13265.7 1069.82 0
13269.8 1136.69 0
13273.9 1203.55 0
13278 1270.41 0
13282.1 1337.28 0
13286.2 1404.14 0
13290.3 1471.01 0
13294.4 1537.87 0
13298.5 1604.73 0
13302.7 1671.6 0
13306.8 1738.46 0
13310.9 1805.33 0
13315 1872.19 0
13319.1 1939.05 0
13323.2 2005.92 0
p
62
30
13400 0 0
13399.4 66.2393 0
13398.7 132.479 0
13398.1 198.718 0
13397.5 264.957 0
13396.9 331.196 0
13396.2 397.436 0
13395.6 463.675 0
13395 529.914 0
13394.3 596.153 0
13393.7 662.393 0
13393.1 728.632 0
13392.4 794.871 0
13391.8 861.11 0
13391.2 927.35 0
13390.6 993.589 0
13389.9 1059.83 0
13389.3 1126.07 0
13388.7 1192.31 0
13388 1258.55 0
13387.4 1324.79 0
13386.8 1391.02 0
13386.1 1457.26 0
13385.5 1523.5 0
13384.9 1589.74 0
13384.3 1655.98 0
13383.6 1722.22 0
13383 1788.46 0
13382.4 1854.7 0
13381.7 1920.94 0
13381.1 1987.18 0
p
63
30
13600 0 0
13607.3 88.5155 0
13614.6 177.031 0
13620.1 265.687 0
13623 354.494 0
13622.1 443.411 0
13616.1 532.243 0
13603.8 620.611 0
13586.3 708.266 0
13562.5 794.637 0
13534 879.74 0
13500.7 963.21 0
13467.5 1046.62 0
13440.3 1132.07 0
13423.4 1219.91 0
13417.8 1308.98 0
13426 1397.79 0
13448.4 1484.22 0
13484.4 1566.26 0
13532 1642.64 0
13588.8 1713.15 0
13651.7 1778.79 0
13717.9 1841.61 0
13784.3 1904.34 0
13847.8 1969.82 0
13905.1 2040.46 0
13953.5 2117.13 0
13992.8 2198.74 0
14020 2285.44 -27.3666
14037.8 2374.77 -27.3666
14052.9 2464.59 -27.3666
p
64
30
13800 0 0
13796.3 68.5154 0
13792.6 137.031 0
13789.4 205.591 0
13786.8 274.203 0
13785.7 342.914 0
13786.6 411.736 0
13791.3 480.679 0
13797.6 549.599 0
13804.5 618.629 0
13814.2 687.818 0
13821.5 757.471 0
13832.6 827.826 -10.463
13839.4 898.788 -10.463
13845.1 970.392 -10.463
13849.2 1042.33 -10.463
13852.7 1114.2 -10.463
13856.1 1185.64 -10.463
13859.7 1256.48 0
13863.6 1326.78 0
13867.9 1396.77 0
13872.7 1466.8 0
13878 1537.21 0
13883.9 1608.17 0
13890.4 1679.67 0
13897.8 1751.45 0
13906.5 1823.1 0
13917.1 1894.16 0
13931 1964.1 0
13950.9 2032.1 0
13978.5 2097.15 0
p
65
30
14000 0 0
14003.3 81.2762 0
14006.6 162.552 0
14007.2 243.923 0
14003.7 325.311 0
13993.9 406.376 0
13976.2 486.409 0
13952.4 565.138 0
13925.8 643.17 0
13898.5 720.974 0
13874.7 799.778 10.463
13858 880.031 10.463
13852.6 961.6 10.463
13858.5 1043.06 10.463
13876 1122.89 10.463
13903.6 1200.04 0
13938.6 1274.32 0
13978 1346.59 0
14018.2 1418.35 0
14056 1491.26 0
14088.7 1566.29 0
14115.6 1643.18 0
14134.7 1722.15 0
14144.5 1802.82 0
14144.6 1884.15 0
14136.6 1965.22 0
14123 2045.7 0
14106.9 2125.84 0
14091.2 2206.04 0
14077.9 2286.44 0
14067.1 2367.27 -27.3666
p
66
30
14200 0 0
14203.9 80.8798 0
14207.8 161.76 0
14210.2 242.694 0
14209.5 323.682 0
14203.9 404.555 0
14191.8 484.877 0
14173.8 564.312 0
14150.6 642.677 0
14123.4 719.97 0
14095.7 797.159 0
14070.1 874.89 0
14049 953.745 0
14035 1033.83 0
14029.5 1114.71 0
14033.2 1195.55 0
14045.3 1275.54 0
14063.8 1354.37 0
14085.4 1432.45 0
14106.1 1510.76 -27.3666
14122.4 1590.13 -27.3666
14132.7 1670.5 -27.3666
14138.2 1751.32 -27.3666
14138.9 1832.31 -27.3666
14135.6 1913.23 -27.3666
14130.3 1994.02 -27.3666
14125.7 2074.8 -27.3666
14124.2 2155.63 -27.3666
14124.8 2236.46 -27.3666
14119.5 2317.21 -27.3666
14111.7 2397.96 -27.3666
p
67
30
14400 0 0
14416.7 74.7367 0
14433.3 149.473 0
14437 227.293 0
14427.4 306.09 0
14405.2 383.987 0
14375.1 460.327 0
14344.8 536.121 0
14318.6 612.376 0
14293.6 688.654 0
14272.5 765.568 0
14251.4 842.269 0
14229.5 918.422 0
14207.2 994.062 0
14186 1069.82 -7.11794
14167.2 1146.18 -7.11794
14151.1 1223.13 -7.11794
14138 1300.67 -7.11794
14133.6 1379.38 0
14136.5 1458.82 0
14144.1 1538.55 0
14152.2 1618.88 0
14163.2 1698.38 0
14174.4 1777.58 0
14184.5 1856.87 0
14193.5 1937.06 0
14197.6 2019.07 0
14199.7 2101.35 0
14187.3 2182.24 0
14152.9 2255.76 0
14116.5 2326.99 0
p
68
30
14600 0 0
14581.7 87.4238 0
14563.4 174.848 0
14549.3 263.074 0
14538.6 351.771 0
14529.1 440.496 0
14515.5 528.511 0
14491.1 614.149 0
14453.4 695.146 0
14404.8 770.687 0
14351.3 843.301 0
14297.8 916.091 0
14250.1 992.428 0
14212.4 1073.7 7.11794
14186.2 1159.19 7.11794
14173.3 1247.71 7.11794
14174.3 1337.52 0
14191.3 1426.09 0
14223.5 1510.72 0
14267.9 1590.13 0
14319.5 1665.22 0
14372.3 1739.28 0
14414 1819.58 0
14436.1 1906.69 0
14431.6 1996.16 0
14399.3 2080 0
14345.2 2152.46 0
14276.4 2212.39 0
14202.6 2266.9 24.6537
14130.7 2324.47 24.6537
14058.2 2381.97 24.6537
p
69
30
14800 0 0
14802.1 67.4585 0
14804.2 134.917 0
14806.2 202.376 0
14808.3 269.834 0
14810.4 337.293 0
14812.5 404.751 0
14814.5 472.21 0
14816.6 539.668 0
14818.7 607.127 0
14820.8 674.585 0
14822.8 742.044 0
14824.9 809.502 0
14827 876.961 0
14829.1 944.419 0
14831.1 1011.88 0
14833.2 1079.34 0
14835.3 1146.79 0
14837.4 1214.25 0
14839.5 1281.71 0
14841.5 1349.17 0
14843.6 1416.63 0
14845.7 1484.09 0
14847.8 1551.55 0
14849.8 1619 0
14851.9 1686.46 0
14854 1753.92 0
14856.1 1821.38 0
14858.1 1888.84 0
14860.2 1956.3 0
14862.3 2023.76 0
p
70
30
15000 0 0
14997.6 73.0226 0
14995.1 146.045 0
14992.7 219.068 0
14990.2 292.09 0
14987.8 365.113 0
14985.3 438.135 0
14982.9 511.158 0
14980.4 584.18 0
14978 657.203 0
14975.5 730.226 0
14973.1 803.248 0
14970.6 876.271 0
14968.2 949.293 0
14965.7 1022.32 0
14963.3 1095.34 0
14960.8 1168.36 0
14958.4 1241.38 0
14955.9 1314.41 0
14953.5 1387.43 0
14951 1460.45 0
14948.6 1533.47 0
14946.1 1606.5 0
14943.7 1679.52 0
14941.2 1752.54 0
14938.8 1825.56 0
14936.3 1898.59 0
14933.9 1971.61 0
14931.4 2044.63 0
14929 2117.65 0
14926.5 2190.68 0
p
71
30
15200 0 0
15198.4 82.5305 0
15196.8 165.061 0
15195.2 247.592 0
15193.5 330.122 0
15191.9 412.653 0
15190.3 495.183 0
15188.7 577.714 0
15187.1 660.244 0
15185.5 742.775 0
15183.9 825.305 0
15182.3 907.836 0
15180.6 990.366 0
15179 1072.9 0
15177.4 1155.43 0
15175.8 1237.96 0
15174.2 1320.49 0
15172.6 1403.02 0
15171 1485.55 0
15169.3 1568.08 0
15167.7 1650.61 0
15166.1 1733.14 0
15164.5 1815.67 0
15162.9 1898.2 0
15161.3 1980.73 0
15159.7 2063.26 0
15158.1 2145.79 0
15156.4 2228.32 0
15154.8 2310.85 0
15153.2 2393.38 0
15151.6 2475.92 0
p
72
30
15400 0 0
15402.8 76.5703 0
15405.5 153.141 0
15408.3 229.711 0
15411 306.281 0
15413.8 382.852 0
15416.5 459.422 0
15419.3 535.992 0
15422 612.563 0
15424.8 689.133 0
15427.5 765.703 0
15430.3 842.274 0
15433.1 918.844 0
15435.8 995.414 0
15438.6 1071.98 0
15441.3 1148.55 0
15444.1 1225.13 0
15446.8 1301.7 0
15449.6 1378.27 0
15452.3 1454.84 0
15455.1 1531.41 0
15457.9 1607.98 0
15460.6 1684.55 0
15463.4 1761.12 0
15466.1 1837.69 0
15468.9 1914.26 0
15471.6 1990.83 0
15474.4 2067.4 0
15477.1 2143.97 0
15479.9 2220.54 0
15482.6 2297.11 0
p
73
30
15600 0 0
15599.2 73.2896 0
15598.4 146.579 0
15597.6 219.869 0
15596.8 293.158 0
15596.1 366.448 0
15595.3 439.738 0
15594.5 513.027 0
15593.7 586.317 0
15592.9 659.606 0
15592.1 732.896 0
15591.3 806.186 0
15590.5 879.475 0
15589.8 952.765 0
15589 1026.05 0
15588.2 1099.34 0
15587.4 1172.63 0
15586.6 1245.92 0
15585.8 1319.21 0
15585 1392.5 0
15584.2 1465.79 0
15583.5 1539.08 0
15582.7 1612.37 0
15581.9 1685.66 0
15581.1 1758.95 0
15580.3 1832.24 0
15579.5 1905.53 0
15578.7 1978.82 0
15577.9 2052.11 0
15577.2 2125.4 0
15576.4 2198.69 0
p
74
30
15800 0 0
15793.9 61.1574 0
15787.7 122.315 0
15781.6 183.472 0
15775.4 244.63 0
15769.3 305.787 0
15763.2 366.944 0
15757 428.102 0
15750.9 489.259 0
15744.7 550.417 0
15738.6 611.574 0
15732.4 672.731 0
15726.3 733.889 0
15720.2 795.046 0
15714 856.204 0
15707.9 917.361 0
15701.7 978.518 0
15695.6 1039.68 0
15689.5 1100.83 0
15683.3 1161.99 0
15677.2 1223.15 0
15671 1284.31 0
15664.9 1345.46 0
15658.8 1406.62 0
15652.6 1467.78 0
15646.5 1528.94 0
15640.3 1590.09 0
15634.2 1651.25 0
15628 1712.41 0
15621.9 1773.56 0
15615.8 1834.72 0
p
75
30
16000 0 0
15989.4 71.9448 0
15978.9 143.89 0
15968.3 215.835 0
15957.8 287.779 0
15947.2 359.724 0
15936.7 431.669 0
15926.1 503.614 0
15915.6 575.559 0
15905 647.504 0
15894.5 719.448 0
15883.9 791.393 0
15873.4 863.338 0
15862.8 935.283 0
15852.3 1007.23 0
15841.7 1079.17 0
15831.2 1151.12 0
15820.6 1223.06 0
15810.1 1295.01 0
15799.5 1366.95 0
15789 1438.9 0
15778.4 1510.84 0
15767.9 1582.79 0
15757.3 1654.73 0
15746.8 1726.68 0
15736.2 1798.62 0
15725.7 1870.57 0
15715.1 1942.51 0
15704.6 2014.46 0
15694 2086.4 0
15683.5 2158.35 0
p
76
30
16200 0 0
16191 74.2467 0
16182 148.493 0
16172.9 222.74 0
16163.9 296.987 0
16154.9 371.233 0
16145.9 445.48 0
16136.9 519.727 0
16127.8 593.973 0
16118.8 668.22 0
16109.8 742.467 0
16100.8 816.714 0
16091.8 890.96 0
16082.8 965.207 0
16073.7 1039.45 0
16064.7 1113.7 0
16055.7 1187.95 0
16046.7 1262.19 0
16037.7 1336.44 0
16028.6 1410.69 0
16019.6 1484.93 0
16010.6 1559.18 0
16001.6 1633.43 0
15992.6 1707.67 0
15983.5 1781.92 0
15974.5 1856.17 0
15965.5 1930.41 0
15956.5 2004.66 0
15947.5 2078.91 0
15938.4 2153.15 0
15929.4 2227.4 0
p
77
30
16400 0 0
16406.9 77.7674 0
16413.8 155.535 0
16420.7 233.302 0
16427.6 311.07 0
16434.4 388.837 0
16441.3 466.605 0
16448.2 544.372 0
16455.1 622.14 0
16462 699.907 0
16468.9 777.674 0
16475.8 855.442 0
16482.7 933.209 0
16489.5 1010.98 0
16496.4 1088.74 0
16503.3 1166.51 0
16510.2 1244.28 0
16517.1 1322.05 0
16524 1399.81 0
16530.9 1477.58 0
16537.8 1555.35 0
16544.7 1633.12 0
16551.5 1710.88 0
16558.4 1788.65 0
16565.3 1866.42 0
16572.2 1944.19 0
16579.1 2021.95 0
16586 2099.72 0
16592.9 2177.49 0
16599.8 2255.26 0
16606.6 2333.02 0
p
78
30
16600 0 0
16602.7 64.5483 0
16605.3 129.097 0
16608 193.644 0
16610.6 258.193 0
16613.1 322.744 0
16615.6 387.296 0
16618 451.852 0
16620.3 516.409 0
16622.6 580.968 0
16624.9 645.528 0
16627.2 710.089 0
16629.5 774.648 0
16631.8 839.207 0
16634.2 903.764 0
16636.6 968.318 0
16639.2 1032.87 0
16641.8 1097.42 0
16644.5 1161.96 0
16647.4 1226.5 0
16650.4 1291.03 0
16653.6 1355.55 0
16656.9 1420.06 0
16660.5 1484.57 0
16664.3 1549.06 0
16668.3 1613.54 0
16672.5 1678 0
16677 1742.45 0
16681.8 1806.88 0
16686.9 1871.29 -5.60299
16692 1935.7 -5.60299
p
79
30
16800 0 0
16795.8 63.682 0
16791.6 127.364 0
16787.6 191.053 0
16783.6 254.749 0
16779.7 318.454 0
16776 382.169 0
16772.5 445.896 0
16769.1 509.627 0
16765.8 573.365 0
16762.7 637.11 0
16759.6 700.862 0
16756.7 764.619 0
16753.8 828.381 0
16751.1 892.148 0
16748.4 955.919 0
16745.9 1019.7 0
16743.4 1083.47 0
16741 1147.26 0
16738.7 1211.04 0
16736.4 1274.83 0
16734.2 1338.62 0
16732.1 1402.42 0
16730 1466.21 0
16728 1530.01 0
16726 1593.81 0
16724.1 1657.61 0
16722.2 1721.42 0
16720.3 1785.22 0
16718.5 1849.02 5.60299
16716.8 1912.83 5.60299
s	0
50 58 83 91 
50 51 52 53 54 55 56 57 58 83 84 85 86 87 88 89 90 91 
b
2 0
0.783099 0.394383 0.840188
51 0 0 2
52 0 0 3
53 0 0 3
54 0 0 3
55 0 0 3
56 0 0 2
57 0 0 2
84 0 0 2
85 0 0 3
86 0 0 3
87 0 0 3
88 0 0 3
89 0 0 3
90 0 0 1
g
0
2 2 0 0 1 2 0 2 4
t
2
0
1062.75 1496.11 100
1062.75 1496.11 -100
a
4
0
58 49 91 82 
1 53 1 84 0 87 0 85 0 86 0 2640 0.5 2641 0.5 
1 51 1 84 0 85 0 83 0 2640 0.5 2641 0.5 
1 52 1 84 0 85 0 86 0 2640 0.5 2641 0.5 
1 54 1 87 0 86 0 88 0 2640 0.5 2641 0.5 
1 55 1 87 0 88 0 89 0 2640 0.5 2641 0.5 
1 56 1 87 0 88 0 89 0 2640 0.5 2641 0.5 
1 57 1 89 0 90 0 2640 0.5 2641 0.5 
1 50 1 84 0 2640 0.5 2641 0.5 
2 84 1 53 0 51 0 52 0 50 0 2640 0.5 2641 0.5 
2 87 1 53 0 54 0 55 0 56 0 2640 0.5 2641 0.5 
2 85 1 53 0 51 0 52 0 2640 0.5 2641 0.5 
2 86 1 53 0 52 0 54 0 2640 0.5 2641 0.5 
2 88 1 54 0 55 0 56 0 2640 0.5 2641 0.5 
2 89 1 55 0 56 0 57 0 2640 0.5 2641 0.5 
2 83 1 51 0 2640 0.5 2641 0.5 
2 90 1 57 0 2640 0.5 2641 0.5 
0 2640 8 53 0.5 51 0.5 52 0.5 54 0.5 55 0.5 56 0.5 57 0.5 50 0.5 84 0.5 87 0.5 85 0.5 86 0.5 88 0.5 89 0.5 83 0.5 90 0.5 
0 2641 8 53 0.5 51 0.5 52 0.5 54 0.5 55 0.5 56 0.5 57 0.5 50 0.5 84 0.5 87 0.5 85 0.5 86 0.5 88 0.5 89 0.5 83 0.5 90 0.5 
NanList DIR 0
d
54
0 0 -12.5315 0 0 -12.5315 0 0 -12.5315 0 0 -12.5315 0 0 -12.5315 0 0 -12.5315 0 0 -12.5315 0 0 -12.5315 0 0 12.5315 0 0 12.5315 0 0 12.5315 0 0 12.5315 0 0 12.5315 0 0 12.5315 0 0 12.5315 0 0 12.5315 0 0 0 0 0 0 
s	1
94 97 126 130 157 163 
94 95 96 97 126 127 128 129 130 157 158 159 160 161 162 163 
b
3 0
0.197551 0.911647 0.79844
95 0 0 2
96 0 0 3
127 0 0 1
128 0 0 2
129 0 0 2
158 0 0 2
159 0 0 2
160 0 0 3
161 0 0 2
162 0 0 1
g
0
2 2 0 0 1 2 0 2 4
t
2
2
1219.34 2073.55 100
1219.34 2073.55 -100
a
6
4
97 93 130 125 163 156 
1 160 1 95 0 96 0 128 0 94 0 129 0 2640 0.5 2641 0.5 
1 159 1 95 0 128 0 94 0 129 0 2640 0.5 2641 0.5 
1 157 1 127 0 126 0 2640 0.5 2641 0.5 
1 158 1 128 0 127 0 2640 0.5 2641 0.5 
1 161 1 95 0 96 0 2640 0.5 2641 0.5 
1 162 1 96 0 2640 0.5 2641 0.5 
2 95 1 160 0 159 0 161 0 2640 0.5 2641 0.5 
2 96 1 160 0 161 0 162 0 2640 0.5 2641 0.5 
2 94 1 160 0 159 0 2640 0.5 2641 0.5 
2 128 1 160 0 159 0 158 0 2640 0.5 2641 0.5 
2 127 1 157 0 158 0 2640 0.5 2641 0.5 
2 129 1 160 0 159 0 2640 0.5 2641 0.5 
2 126 1 157 0 2640 0.5 2641 0.5 
0 2640 6.5 160 0.5 159 0.5 157 0.5 158 0.5 161 0.5 162 0.5 95 0.5 96 0.5 94 0.5 128 0.5 127 0.5 129 0.5 126 0.5 
0 2641 6.5 160 0.5 159 0.5 157 0.5 158 0.5 161 0.5 162 0.5 95 0.5 96 0.5 94 0.5 128 0.5 127 0.5 129 0.5 126 0.5 
NanList DIR 0
d
45
0 0 -14.4182 0 0 -14.4182 0 0 -14.4182 0 0 -14.4182 0 0 -14.4182 0 0 -14.4182 0 0 14.4182 0 0 14.4182 0 0 14.4182 0 0 14.4182 0 0 14.4182 0 0 14.4182 0 0 14.4182 0 0 0 0 0 0 
s	2
259 262 293 295 
259 260 261 262 293 294 295 
b
2 0
0.277775 0.76823 0.335223
260 0 0 1
261 0 0 1
294 0 0 2
g
0
2 2 0 0 1 2 0 2 4
t
2
4
2399.87 2393.39 100
2399.87 2393.39 -100
a
4
10
262 258 295 292 
1 259 1 294 0 293 0 2640 0.5 2641 0.5 
1 260 1 294 0 293 0 2640 0.5 2641 0.5 
1 261 1 294 0 2640 0.5 2641 0.5 
2 294 1 259 0 260 0 261 0 2640 0.5 2641 0.5 
2 293 1 259 0 260 0 2640 0.5 2641 0.5 
0 2640 2.5 259 0.5 260 0.5 261 0.5 294 0.5 293 0.5 
0 2641 2.5 259 0.5 260 0.5 261 0.5 294 0.5 293 0.5 
NanList DIR 0
d
21
0 0 -12.3218 0 0 -12.3218 0 0 -12.3218 0 0 12.3218 0 0 12.3218 0 0 0 0 0 0 
s	3
305 311 337 342 
305 306 307 308 309 310 311 337 338 339 340 341 342 
b
2 0
0.628871 0.477397 0.55397
306 0 0 2
307 0 0 3
308 0 0 2
309 0 0 2
310 0 0 1
338 0 0 2
339 0 0 3
340 0 0 3
341 0 0 2
g
0
2 2 0 0 1 2 0 2 4
t
2
6
2865.96 788.42 100
2865.96 788.42 -100
a
4
14
311 304 342 336 
1 306 1 338 0 339 0 337 0 2640 0.5 2641 0.5 
1 307 1 338 0 339 0 340 0 2640 0.5 2641 0.5 
1 305 1 338 0 337 0 2640 0.5 2641 0.5 
1 308 1 339 0 340 0 2640 0.5 2641 0.5 
1 309 1 340 0 341 0 2640 0.5 2641 0.5 
1 310 1 341 0 2640 0.5 2641 0.5 
2 338 1 306 0 307 0 305 0 2640 0.5 2641 0.5 
2 339 1 306 0 307 0 308 0 2640 0.5 2641 0.5 
2 340 1 307 0 308 0 309 0 2640 0.5 2641 0.5 
2 337 1 306 0 305 0 2640 0.5 2641 0.5 
2 341 1 309 0 310 0 2640 0.5 2641 0.5 
0 2640 5.5 306 0.5 307 0.5 305 0.5 308 0.5 309 0.5 310 0.5 338 0.5 339 0.5 340 0.5 337 0.5 341 0.5 
0 2641 5.5 306 0.5 307 0.5 305 0.5 308 0.5 309 0.5 310 0.5 338 0.5 339 0.5 340 0.5 337 0.5 341 0.5 
NanList DIR 0
d
39
0 0 -11.0961 0 0 -11.0961 0 0 -11.0961 0 0 -11.0961 0 0 -11.0961 0 0 -11.0961 0 0 11.0961 0 0 11.0961 0 0 11.0961 0 0 11.0961 0 0 11.0961 0 0 0 0 0 0 
s	4
326 328 358 360 
326 327 328 358 359 360 
b
2 0
0.95223 0.513401 0.364784
327 0 0 1
359 0 0 1
g
0
2 2 0 0 1 2 0 2 4
t
2
8
2537.06 2250.48 100
2537.06 2250.48 -100
a
4
18
328 325 360 357 
1 327 1 358 0 359 0 2640 0.5 2641 0.5 
1 326 1 358 0 2640 0.5 2641 0.5 
2 358 1 327 0 326 0 2640 0.5 2641 0.5 
2 359 1 327 0 2640 0.5 2641 0.5 
0 2640 2 327 0.5 326 0.5 358 0.5 359 0.5 
0 2641 2 327 0.5 326 0.5 358 0.5 359 0.5 
NanList DIR 0
d
18
0 0 -5.61157 0 0 -5.61157 0 0 5.61157 0 0 5.61157 0 0 0 0 0 0 
s	5
345 348 380 384 
345 346 347 348 380 381 382 383 384 
b
2 0
0.717297 0.635712 0.916195
346 0 0 2
347 0 0 2
381 0 0 1
382 0 0 2
383 0 0 1
g
0
2 2 0 0 1 2 0 2 4
t
2
10
3038.83 1375.94 100
3038.83 1375.94 -100
a
4
22
348 344 384 379 
1 345 1 381 0 380 0 2640 0.5 2641 0.5 
1 346 1 381 0 382 0 2640 0.5 2641 0.5 
1 347 1 382 0 383 0 2640 0.5 2641 0.5 
2 381 1 345 0 346 0 2640 0.5 2641 0.5 
2 382 1 346 0 347 0 2640 0.5 2641 0.5 
2 380 1 345 0 2640 0.5 2641 0.5 
2 383 1 347 0 2640 0.5 2641 0.5 
0 2640 3.5 345 0.5 346 0.5 347 0.5 381 0.5 382 0.5 380 0.5 383 0.5 
0 2641 3.5 345 0.5 346 0.5 347 0.5 381 0.5 382 0.5 380 0.5 383 0.5 
NanList DIR 0
d
27
0 0 -6.55224 0 0 -6.55224 0 0 -6.55224 0 0 6.55224 0 0 6.55224 0 0 6.55224 0 0 6.55224 0 0 0 0 0 0 
s	6
391 392 393 394 455 456 457 458 459 460 490 491 492 493 
391 392 393 394 455 456 457 458 459 460 490 491 492 493 
b
2 0
0.0163006 0.606969 0.141603
392 0 0 1
393 0 0 2
458 0 0 2
459 0 0 1
b
2 0
0.804177 0.137232 0.242887
456 0 0 2
457 0 0 1
491 0 0 1
492 0 0 2
g
0
2 2 0 0 1 2 0 2 4
t
2
12
3488.14 1984.49 100
3488.14 1984.49 -100
a
5
26
394 390 460 493 489 
1 457 1 491 0 392 0 492 0 391 0 2640 0.5 2641 0.5 
1 455 1 491 0 490 0 2640 0.5 2641 0.5 
1 456 1 491 0 492 0 2640 0.5 2641 0.5 
1 458 1 392 0 393 0 2640 0.5 2641 0.5 
1 459 1 393 0 2640 0.5 2641 0.5 
2 491 1 457 0 455 0 456 0 2640 0.5 2641 0.5 
2 492 1 457 0 456 0 2640 0.5 2641 0.5 
2 490 1 455 0 2640 0.5 2641 0.5 
2 392 1 457 0 458 0 2640 0.5 2641 0.5 
2 393 1 458 0 459 0 2640 0.5 2641 0.5 
2 391 1 457 0 2640 0.5 2641 0.5 
0 2640 5.5 457 0.5 455 0.5 456 0.5 458 0.5 459 0.5 491 0.5 492 0.5 490 0.5 392 0.5 393 0.5 391 0.5 
0 2641 5.5 457 0.5 455 0.5 456 0.5 458 0.5 459 0.5 491 0.5 492 0.5 490 0.5 392 0.5 393 0.5 391 0.5 
NanList DIR 0
d
39
0 0 -13.7656 0 0 -13.7656 0 0 -13.7656 0 0 -13.7656 0 0 -13.7656 0 0 13.7656 0 0 13.7656 0 0 13.7656 0 0 13.7656 0 0 13.7656 0 0 13.7656 0 0 0 0 0 0 
s	7
425 427 453 455 
425 426 427 453 454 455 
b
2 0
0.12979 0.400944 0.156679
426 0 0 1
454 0 0 1
g
0
2 2 0 0 1 2 0 2 4
t
2
14
3538.08 1722.82 100
3538.08 1722.82 -100
a
4
31
427 424 455 452 
1 426 1 453 0 454 0 2640 0.5 2641 0.5 
1 425 1 453 0 2640 0.5 2641 0.5 
2 453 1 426 0 425 0 2640 0.5 2641 0.5 
2 454 1 426 0 2640 0.5 2641 0.5 
0 2640 2 426 0.5 425 0.5 453 0.5 454 0.5 
0 2641 2 426 0.5 425 0.5 453 0.5 454 0.5 
NanList DIR 0
d
18
0 0 -1.36191 0 0 -1.36191 0 0 1.36191 0 0 1.36191 0 0 0 0 0 0 
s	8
445 452 477 488 508 514 
445 446 447 448 449 450 451 452 477 478 479 480 481 482 483 484 485 486 487 488 508 509 510 511 512 513 514 
b
3 0
0.218257 0.998924 0.108809
446 0 0 2
447 0 0 2
448 0 0 2
449 0 0 3
450 0 0 3
451 0 0 3
478 0 0 2
479 0 0 2
480 0 0 3
481 0 0 4
482 0 0 2
483 0 0 2
484 0 0 2
485 0 0 3
486 0 0 2
487 0 0 1
509 0 0 1
510 0 0 2
511 0 0 2
512 0 0 2
513 0 0 1
g
0
2 2 0 0 1 2 0 2 4
t
2
16
3897.74 1330.1 100
3897.74 1330.1 -100
a
6
35
452 444 488 476 514 507 
1 481 1 448 0 446 0 447 0 512 0 513 0 2640 0.5 2641 0.5 
1 480 1 446 0 445 0 511 0 512 0 2640 0.5 2641 0.5 
1 482 1 448 0 449 0 446 0 447 0 2640 0.5 2641 0.5 
1 479 1 445 0 510 0 511 0 2640 0.5 2641 0.5 
1 483 1 448 0 449 0 447 0 2640 0.5 2641 0.5 
1 484 1 448 0 449 0 450 0 2640 0.5 2641 0.5 
1 485 1 449 0 450 0 451 0 2640 0.5 2641 0.5 
1 477 1 509 0 508 0 2640 0.5 2641 0.5 
1 478 1 509 0 510 0 2640 0.5 2641 0.5 
1 486 1 450 0 451 0 2640 0.5 2641 0.5 
1 487 1 451 0 2640 0.5 2641 0.5 
2 448 1 481 0 482 0 483 0 484 0 2640 0.5 2641 0.5 
2 449 1 482 0 483 0 484 0 485 0 2640 0.5 2641 0.5 
2 446 1 481 0 480 0 482 0 2640 0.5 2641 0.5 
2 447 1 481 0 482 0 483 0 2640 0.5 2641 0.5 
2 450 1 484 0 485 0 486 0 2640 0.5 2641 0.5 
2 451 1 485 0 486 0 487 0 2640 0.5 2641 0.5 
2 445 1 480 0 479 0 2640 0.5 2641 0.5 
2 509 1 477 0 478 0 2640 0.5 2641 0.5 
2 510 1 479 0 478 0 2640 0.5 2641 0.5 
2 511 1 480 0 479 0 2640 0.5 2641 0.5 
2 512 1 481 0 480 0 2640 0.5 2641 0.5 
2 508 1 477 0 2640 0.5 2641 0.5 
2 513 1 481 0 2640 0.5 2641 0.5 
0 2640 12 481 0.5 480 0.5 482 0.5 479 0.5 483 0.5 484 0.5 485 0.5 477 0.5 478 0.5 486 0.5 487 0.5 448 0.5 449 0.5 446 0.5 447 0.5 450 0.5 451 0.5 445 0.5 509 0.5 510 0.5 511 0.5 512 0.5 508 0.5 513 0.5 
0 2641 12 481 0.5 480 0.5 482 0.5 479 0.5 483 0.5 484 0.5 485 0.5 477 0.5 478 0.5 486 0.5 487 0.5 448 0.5 449 0.5 446 0.5 447 0.5 450 0.5 451 0.5 445 0.5 509 0.5 510 0.5 511 0.5 512 0.5 508 0.5 513 0.5 
NanList DIR 0
d
78
0 0 -14.2344 0 0 -14.2344 0 0 -14.2344 0 0 -14.2344 0 0 -14.2344 0 0 -14.2344 0 0 -14.2344 0 0 -14.2344 0 0 -14.2344 0 0 -14.2344 0 0 -14.2344 0 0 14.2344 0 0 14.2344 0 0 14.2344 0 0 14.2344 0 0 14.2344 0 0 14.2344 0 0 14.2344 0 0 14.2344 0 0 14.2344 0 0 14.2344 0 0 14.2344 0 0 14.2344 0 0 14.2344 0 0 0 0 0 0 
s	9
780 790 808 816 
780 781 782 783 784 785 786 787 788 789 790 808 809 810 811 812 813 814 815 816 
b
2 0
0.61264 0.839112 0.512932
781 0 0 2
782 0 0 2
783 0 0 2
784 0 0 2
785 0 0 3
786 0 0 3
787 0 0 2
788 0 0 2
789 0 0 2
809 0 0 2
810 0 0 3
811 0 0 3
812 0 0 3
813 0 0 3
814 0 0 4
815 0 0 2
g
0
2 2 0 0 1 2 0 2 4
t
2
18
5692.54 1492.55 100
5692.54 1492.55 -100
a
4
41
790 779 816 807 
1 781 1 810 0 809 0 808 0 2640 0.5 2641 0.5 
1 784 1 810 0 811 0 812 0 2640 0.5 2641 0.5 
1 785 1 813 0 811 0 812 0 2640 0.5 2641 0.5 
1 786 1 813 0 814 0 812 0 2640 0.5 2641 0.5 
1 788 1 813 0 814 0 815 0 2640 0.5 2641 0.5 
1 780 1 809 0 808 0 2640 0.5 2641 0.5 
1 782 1 810 0 809 0 2640 0.5 2641 0.5 
1 783 1 810 0 811 0 2640 0.5 2641 0.5 
1 787 1 813 0 814 0 2640 0.5 2641 0.5 
1 789 1 814 0 815 0 2640 0.5 2641 0.5 
2 810 1 781 0 784 0 782 0 783 0 2640 0.5 2641 0.5 
2 813 1 785 0 786 0 788 0 787 0 2640 0.5 2641 0.5 
2 814 1 786 0 788 0 787 0 789 0 2640 0.5 2641 0.5 
2 809 1 781 0 780 0 782 0 2640 0.5 2641 0.5 
2 811 1 784 0 785 0 783 0 2640 0.5 2641 0.5 
2 812 1 784 0 785 0 786 0 2640 0.5 2641 0.5 
2 808 1 781 0 780 0 2640 0.5 2641 0.5 
2 815 1 788 0 789 0 2640 0.5 2641 0.5 
0 2640 9 781 0.5 784 0.5 785 0.5 786 0.5 788 0.5 780 0.5 782 0.5 783 0.5 787 0.5 789 0.5 810 0.5 813 0.5 814 0.5 809 0.5 811 0.5 812 0.5 808 0.5 815 0.5 
0 2641 9 781 0.5 784 0.5 785 0.5 786 0.5 788 0.5 780 0.5 782 0.5 783 0.5 787 0.5 789 0.5 810 0.5 813 0.5 814 0.5 809 0.5 811 0.5 812 0.5 808 0.5 815 0.5 
NanList DIR 0
d
60
0 0 -13.8458 0 0 -13.8458 0 0 -13.8458 0 0 -13.8458 0 0 -13.8458 0 0 -13.8458 0 0 -13.8458 0 0 -13.8458 0 0 -13.8458 0 0 -13.8458 0 0 13.8458 0 0 13.8458 0 0 13.8458 0 0 13.8458 0 0 13.8458 0 0 13.8458 0 0 13.8458 0 0 13.8458 0 0 0 0 0 0 
s	10
820 823 853 856 887 889 1018 1021 
820 821 822 823 853 854 855 856 887 888 889 1018 1019 1020 1021 
b
4 0
0.524287 0.637552 0.296032
821 0 0 1
822 0 0 3
854 0 0 1
855 0 0 3
888 0 0 2
1019 0 0 1
1020 0 0 1
g
0
2 2 0 0 1 2 0 2 4
t
2
20
6085.99 2071.82 100
6085.99 2071.82 -100
a
8
45
823 819 856 852 889 886 1021 1017 
1 821 1 855 0 854 0 1019 0 1020 0 1018 0 2640 0.5 2641 0.5 
1 822 1 855 0 1019 0 1020 0 2640 0.5 2641 0.5 
1 820 1 855 0 2640 0.5 2641 0.5 
2 855 1 821 0 822 0 888 0 820 0 2640 0.5 2641 0.5 
2 854 1 821 0 888 0 887 0 2640 0.5 2641 0.5 
2 853 1 888 0 887 0 2640 0.5 2641 0.5 
1 888 1 855 0 854 0 853 0 2640 0.5 2641 0.5 
1 887 1 854 0 853 0 2640 0.5 2641 0.5 
2 1019 1 821 0 822 0 2640 0.5 2641 0.5 
2 1020 1 821 0 822 0 2640 0.5 2641 0.5 
2 1018 1 821 0 2640 0.5 2641 0.5 
0 2640 5.5 821 0.5 822 0.5 820 0.5 855 0.5 854 0.5 853 0.5 888 0.5 887 0.5 1019 0.5 1020 0.5 1018 0.5 
0 2641 5.5 821 0.5 822 0.5 820 0.5 855 0.5 854 0.5 853 0.5 888 0.5 887 0.5 1019 0.5 1020 0.5 1018 0.5 
NanList DIR 0
d
39
0 0 -14.9808 0 0 -14.9808 0 0 -14.9808 0 0 14.9808 0 0 14.9808 0 0 14.9808 0 0 -14.9808 0 0 -14.9808 0 0 14.9808 0 0 14.9808 0 0 14.9808 0 0 0 0 0 0 
s	11
918 922 948 952 
918 919 920 921 922 948 949 950 951 952 
b
2 0
0.292517 0.972775 0.493583
919 0 0 2
920 0 0 3
921 0 0 2
949 0 0 2
950 0 0 3
951 0 0 2
g
0
2 2 0 0 1 2 0 2 4
t
2
22
6256.09 1692.88 100
6256.09 1692.88 -100
a
4
53
922 917 952 947 
1 919 1 949 0 950 0 948 0 2640 0.5 2641 0.5 
1 920 1 949 0 950 0 951 0 2640 0.5 2641 0.5 
1 921 1 949 0 950 0 951 0 2640 0.5 2641 0.5 
1 918 1 949 0 948 0 2640 0.5 2641 0.5 
2 949 1 919 0 920 0 921 0 918 0 2640 0.5 2641 0.5 
2 950 1 919 0 920 0 921 0 2640 0.5 2641 0.5 
2 948 1 919 0 918 0 2640 0.5 2641 0.5 
2 951 1 920 0 921 0 2640 0.5 2641 0.5 
0 2640 4 919 0.5 920 0.5 921 0.5 918 0.5 949 0.5 950 0.5 948 0.5 951 0.5 
0 2641 4 919 0.5 920 0.5 921 0.5 918 0.5 949 0.5 950 0.5 948 0.5 951 0.5 
NanList DIR 0
d
30
0 0 -13.727 0 0 -13.727 0 0 -13.727 0 0 -13.727 0 0 13.727 0 0 13.727 0 0 13.727 0 0 13.727 0 0 0 0 0 0 
s	12
953 955 986 988 
953 954 955 986 987 988 
b
2 0
0.769914 0.526745 0.771358
954 0 0 1
987 0 0 1
g
0
2 2 0 0 1 2 0 2 4
t
2
24
6170.12 1950.56 100
6170.12 1950.56 -100
a
4
57
955 952 988 985 
1 953 1 987 0 986 0 2640 0.5 2641 0.5 
1 954 1 987 0 2640 0.5 2641 0.5 
2 987 1 953 0 954 0 2640 0.5 2641 0.5 
2 986 1 953 0 2640 0.5 2641 0.5 
0 2640 2 953 0.5 954 0.5 987 0.5 986 0.5 
0 2641 2 953 0.5 954 0.5 987 0.5 986 0.5 
NanList DIR 0
d
18
0 0 -4.67763 0 0 -4.67763 0 0 4.67763 0 0 4.67763 0 0 0 0 0 0 
s	13
1250 1252 1316 1318 
1250 1251 1252 1316 1317 1318 
b
2 0
0.283315 0.891529 0.400229
1251 0 0 1
1317 0 0 1
g
0
2 2 0 0 1 2 0 2 4
t
2
26
8779.89 2221.68 100
8779.89 2221.68 -100
a
4
61
1252 1249 1318 1315 
1 1251 1 1316 0 1317 0 2640 0.5 2641 0.5 
1 1250 1 1316 0 2640 0.5 2641 0.5 
2 1316 1 1251 0 1250 0 2640 0.5 2641 0.5 
2 1317 1 1251 0 2640 0.5 2641 0.5 
0 2640 2 1251 0.5 1250 0.5 1316 0.5 1317 0.5 
0 2641 2 1251 0.5 1250 0.5 1316 0.5 1317 0.5 
NanList DIR 0
d
18
0 0 -9.61086 0 0 -9.61086 0 0 9.61086 0 0 9.61086 0 0 0 0 0 0 
s	14
1446 1450 1480 1483 1514 1516 
1446 1447 1448 1449 1450 1480 1481 1482 1483 1514 1515 1516 
b
3 0
0.919026 0.807725 0.352458
1447 0 0 2
1448 0 0 3
1449 0 0 2
1481 0 0 2
1482 0 0 3
1515 0 0 2
g
0
2 2 0 0 1 2 0 2 4
t
2
28
9954.99 2275.92 100
9954.99 2275.92 -100
a
6
65
1450 1445 1483 1479 1516 1513 
1 1447 1 1481 0 1482 0 1480 0 1514 0 2640 0.5 2641 0.5 
1 1448 1 1481 0 1482 0 1514 0 1515 0 2640 0.5 2641 0.5 
1 1446 1 1481 0 1480 0 2640 0.5 2641 0.5 
1 1449 1 1482 0 1515 0 2640 0.5 2641 0.5 
2 1481 1 1447 0 1448 0 1446 0 2640 0.5 2641 0.5 
2 1482 1 1447 0 1448 0 1449 0 2640 0.5 2641 0.5 
2 1480 1 1447 0 1446 0 2640 0.5 2641 0.5 
2 1514 1 1447 0 1448 0 2640 0.5 2641 0.5 
2 1515 1 1448 0 1449 0 2640 0.5 2641 0.5 
0 2640 4.5 1447 0.5 1448 0.5 1446 0.5 1449 0.5 1481 0.5 1482 0.5 1480 0.5 1514 0.5 1515 0.5 
0 2641 4.5 1447 0.5 1448 0.5 1446 0.5 1449 0.5 1481 0.5 1482 0.5 1480 0.5 1514 0.5 1515 0.5 
NanList DIR 0
d
33
0 0 -14.1263 0 0 -14.1263 0 0 -14.1263 0 0 -14.1263 0 0 14.1263 0 0 14.1263 0 0 14.1263 0 0 14.1263 0 0 14.1263 0 0 0 0 0 0 
s	15
1543 1547 1579 1582 1610 1615 1675 1680 1710 1713 
1543 1544 1545 1546 1547 1579 1580 1581 1582 1610 1611 1612 1613 1614 1615 1675 1676 1677 1678 1679 1680 1710 1711 1712 1713 
b
5 0
0.525995 0.949327 0.0697553
1544 0 0 3
1545 0 0 5
1546 0 0 1
1580 0 0 2
1581 0 0 5
1611 0 0 1
1612 0 0 2
1613 0 0 3
1614 0 0 2
1676 0 0 2
1677 0 0 4
1678 0 0 5
1679 0 0 3
1711 0 0 3
1712 0 0 3
g
0
2 2 0 0 1 2 0 2 4
t
2
30
10845.6 2126.03 100
10845.6 2126.03 -100
a
10
71
1547 1542 1582 1578 1615 1609 1680 1674 1713 1709 
1 1677 1 1544 0 1581 0 1580 0 1543 0 1613 0 1611 0 1612 0 1579 0 2640 0.5 2641 0.5 
1 1678 1 1544 0 1581 0 1545 0 1580 0 1543 0 1613 0 2640 0.5 2641 0.5 
1 1676 1 1580 0 1611 0 1612 0 1579 0 2640 0.5 2641 0.5 
1 1679 1 1544 0 1581 0 1545 0 2640 0.5 2641 0.5 
1 1675 1 1611 0 1610 0 2640 0.5 2641 0.5 
2 1544 1 1677 0 1581 0 1678 0 1580 0 1710 0 1711 0 1712 0 1679 0 2640 0.5 2641 0.5 
2 1545 1 1581 0 1678 0 1711 0 1712 0 1679 0 2640 0.5 2641 0.5 
2 1543 1 1677 0 1581 0 1678 0 1580 0 2640 0.5 2641 0.5 
2 1546 1 1712 0 2640 0.5 2641 0.5 
2 1613 1 1677 0 1678 0 1710 0 1711 0 2640 0.5 2641 0.5 
2 1611 1 1677 0 1676 0 1675 0 2640 0.5 2641 0.5 
2 1612 1 1677 0 1676 0 1710 0 2640 0.5 2641 0.5 
2 1614 1 1710 0 1711 0 1712 0 2640 0.5 2641 0.5 
2 1610 1 1675 0 2640 0.5 2641 0.5 
3 1581 1 1544 0 1677 0 1678 0 1545 0 1543 0 1679 0 2640 0.5 2641 0.5 
3 1580 1 1544 0 1677 0 1678 0 1543 0 1676 0 2640 0.5 2641 0.5 
3 1579 1 1677 0 1676 0 2640 0.5 2641 0.5 
1 1710 1 1544 0 1613 0 1612 0 1614 0 2640 0.5 2641 0.5 
1 1711 1 1544 0 1545 0 1613 0 1614 0 2640 0.5 2641 0.5 
1 1712 1 1544 0 1545 0 1614 0 1546 0 2640 0.5 2641 0.5 
0 2640 10 1677 0.5 1678 0.5 1676 0.5 1679 0.5 1675 0.5 1544 0.5 1545 0.5 1543 0.5 1546 0.5 1613 0.5 1611 0.5 1612 0.5 1614 0.5 1610 0.5 1581 0.5 1580 0.5 1579 0.5 1710 0.5 1711 0.5 1712 0.5 
0 2641 10 1677 0.5 1678 0.5 1676 0.5 1679 0.5 1675 0.5 1544 0.5 1545 0.5 1543 0.5 1546 0.5 1613 0.5 1611 0.5 1612 0.5 1614 0.5 1610 0.5 1581 0.5 1580 0.5 1579 0.5 1710 0.5 1711 0.5 1712 0.5 
NanList DIR 0
d
66
0 0 -26.3191 0 0 -26.3191 0 0 -26.3191 0 0 -26.3191 0 0 -26.3191 0 0 0 0 0 0 0 0 0 0 0 0 0 0 0 0 0 0 0 0 0 0 0 0 0 0 0 0 0 20.1616 0 0 20.1616 0 0 20.1616 0 0 -26.3191 0 0 -26.3191 0 0 -26.3191 0 0 0 0 0 0 
s	16
1601 1602 1603 1604 1605 1606 1639 1640 1641 1642 1643 1644 1645 1646 1647 1648 1670 1671 1672 1673 1674 
1601 1602 1603 1604 1605 1606 1639 1640 1641 1642 1643 1644 1645 1646 1647 1648 1670 1671 1672 1673 1674 
b
2 0
0.663227 0.192214 0.0860558
1602 0 0 1
1603 0 0 3
1604 0 0 3
1605 0 0 2
1640 0 0 2
1641 0 0 2
1642 0 0 2
1643 0 0 2
1644 0 0 1
b
2 0
0.0641713 0.348893 0.890233
1645 0 0 1
1646 0 0 2
1647 0 0 3
1671 0 0 3
1672 0 0 2
1673 0 0 1
g
0
2 2 0 0 1 2 0 2 4
t
2
32
10902.5 1484.05 100
10902.5 1484.05 -100
a
6
81
1606 1600 1648 1638 1674 1669 
1 1641 1 1602 0 1603 0 1604 0 2640 0.5 2641 0.5 
1 1646 1 1670 0 1671 0 1672 0 2640 0.5 2641 0.5 
1 1647 1 1671 0 1672 0 1673 0 2640 0.5 2641 0.5 
1 1639 1 1602 0 1601 0 2640 0.5 2641 0.5 
1 1640 1 1602 0 1603 0 2640 0.5 2641 0.5 
1 1642 1 1603 0 1604 0 2640 0.5 2641 0.5 
1 1643 1 1604 0 1605 0 2640 0.5 2641 0.5 
1 1644 1 1670 0 1605 0 2640 0.5 2641 0.5 
1 1645 1 1670 0 1671 0 2640 0.5 2641 0.5 
2 1602 1 1641 0 1639 0 1640 0 2640 0.5 2641 0.5 
2 1603 1 1641 0 1640 0 1642 0 2640 0.5 2641 0.5 
2 1604 1 1641 0 1642 0 1643 0 2640 0.5 2641 0.5 
2 1605 1 1643 0 1644 0 2640 0.5 2641 0.5 
2 1601 1 1639 0 2640 0.5 2641 0.5 
2 1670 1 1646 0 1644 0 1645 0 2640 0.5 2641 0.5 
2 1671 1 1646 0 1647 0 1645 0 2640 0.5 2641 0.5 
2 1672 1 1646 0 1647 0 2640 0.5 2641 0.5 
2 1673 1 1647 0 2640 0.5 2641 0.5 
0 2640 9 1641 0.5 1646 0.5 1647 0.5 1639 0.5 1640 0.5 1642 0.5 1643 0.5 1644 0.5 1645 0.5 1602 0.5 1603 0.5 1604 0.5 1605 0.5 1601 0.5 1670 0.5 1671 0.5 1672 0.5 1673 0.5 
0 2641 9 1641 0.5 1646 0.5 1647 0.5 1639 0.5 1640 0.5 1642 0.5 1643 0.5 1644 0.5 1645 0.5 1602 0.5 1603 0.5 1604 0.5 1605 0.5 1601 0.5 1670 0.5 1671 0.5 1672 0.5 1673 0.5 
NanList DIR 0
d
60
0 0 -13.9666 0 0 -13.9666 0 0 -13.9666 0 0 -13.9666 0 0 -13.9666 0 0 -13.9666 0 0 -13.9666 0 0 -13.9666 0 0 -13.9666 0 0 13.9666 0 0 13.9666 0 0 13.9666 0 0 13.9666 0 0 13.9666 0 0 13.9666 0 0 13.9666 0 0 13.9666 0 0 13.9666 0 0 0 0 0 0 
s	17
1811 1813 1844 1846 
1811 1812 1813 1844 1845 1846 
b
2 0
0.0630958 0.457702 0.020023
1812 0 0 1
1845 0 0 1
g
0
2 2 0 0 1 2 0 2 4
t
2
34
11857.7 2291.16 100
11857.7 2291.16 -100
a
4
87
1813 1810 1846 1843 
1 1812 1 1844 0 1845 0 2640 0.5 2641 0.5 
1 1811 1 1844 0 2640 0.5 2641 0.5 
2 1844 1 1812 0 1811 0 2640 0.5 2641 0.5 
2 1845 1 1812 0 2640 0.5 2641 0.5 
0 2640 2 1812 0.5 1811 0.5 1844 0.5 1845 0.5 
0 2641 2 1812 0.5 1811 0.5 1844 0.5 1845 0.5 
NanList DIR 0
d
18
0 0 -6.0822 0 0 -6.0822 0 0 6.0822 0 0 6.0822 0 0 0 0 0 0 
s	18
1877 1879 1909 1911 
1877 1878 1879 1909 1910 1911 
b
2 0
0.902208 0.970634 0.23828
1878 0 0 1
1910 0 0 1
g
0
2 2 0 0 1 2 0 2 4
t
2
36
11910.6 2342.89 100
11910.6 2342.89 -100
a
4
91
1879 1876 1911 1908 
1 1878 1 1909 0 1910 0 2640 0.5 2641 0.5 
1 1877 1 1909 0 2640 0.5 2641 0.5 
2 1909 1 1878 0 1877 0 2640 0.5 2641 0.5 
2 1910 1 1878 0 2640 0.5 2641 0.5 
0 2640 2 1878 0.5 1877 0.5 1909 0.5 1910 0.5 
0 2641 2 1878 0.5 1877 0.5 1909 0.5 1910 0.5 
NanList DIR 0
d
18
0 0 -7.31264 0 0 -7.31264 0 0 7.31264 0 0 7.31264 0 0 0 0 0 0 
s	19
1896 1904 1933 1943 
1896 1897 1898 1899 1900 1901 1902 1903 1904 1933 1934 1935 1936 1937 1938 1939 1940 1941 1942 1943 
b
2 0
0.53976 0.266666 0.85092
1897 0 0 2
1898 0 0 3
1899 0 0 3
1900 0 0 3
1901 0 0 3
1902 0 0 3
1903 0 0 2
1934 0 0 1
1935 0 0 2
1936 0 0 2
1937 0 0 3
1938 0 0 2
1939 0 0 2
1940 0 0 2
1941 0 0 3
1942 0 0 2
g
0
2 2 0 0 1 2 0 2 4
t
2
38
12375.3 1599.28 100
12375.3 1599.28 -100
a
4
95
1904 1895 1943 1932 
1 1900 1 1937 0 1940 0 1938 0 1939 0 2640 0.5 2641 0.5 
1 1897 1 1936 0 1934 0 1935 0 2640 0.5 2641 0.5 
1 1898 1 1936 0 1937 0 1935 0 2640 0.5 2641 0.5 
1 1899 1 1936 0 1937 0 1938 0 2640 0.5 2641 0.5 
1 1901 1 1940 0 1941 0 1939 0 2640 0.5 2641 0.5 
1 1902 1 1940 0 1941 0 1942 0 2640 0.5 2641 0.5 
1 1896 1 1934 0 1933 0 2640 0.5 2641 0.5 
1 1903 1 1941 0 1942 0 2640 0.5 2641 0.5 
2 1936 1 1897 0 1898 0 1899 0 2640 0.5 2641 0.5 
2 1937 1 1900 0 1898 0 1899 0 2640 0.5 2641 0.5 
2 1940 1 1900 0 1901 0 1902 0 2640 0.5 2641 0.5 
2 1941 1 1901 0 1902 0 1903 0 2640 0.5 2641 0.5 
2 1934 1 1897 0 1896 0 2640 0.5 2641 0.5 
2 1935 1 1897 0 1898 0 2640 0.5 2641 0.5 
2 1938 1 1900 0 1899 0 2640 0.5 2641 0.5 
2 1939 1 1900 0 1901 0 2640 0.5 2641 0.5 
2 1942 1 1902 0 1903 0 2640 0.5 2641 0.5 
2 1933 1 1896 0 2640 0.5 2641 0.5 
0 2640 9 1900 0.5 1897 0.5 1898 0.5 1899 0.5 1901 0.5 1902 0.5 1896 0.5 1903 0.5 1936 0.5 1937 0.5 1940 0.5 1941 0.5 1934 0.5 1935 0.5 1938 0.5 1939 0.5 1942 0.5 1933 0.5 
0 2641 9 1900 0.5 1897 0.5 1898 0.5 1899 0.5 1901 0.5 1902 0.5 1896 0.5 1903 0.5 1936 0.5 1937 0.5 1940 0.5 1941 0.5 1934 0.5 1935 0.5 1938 0.5 1939 0.5 1942 0.5 1933 0.5 
NanList DIR 0
d
60
0 0 -12.6285 0 0 -12.6285 0 0 -12.6285 0 0 -12.6285 0 0 -12.6285 0 0 -12.6285 0 0 -12.6285 0 0 -12.6285 0 0 12.6285 0 0 12.6285 0 0 12.6285 0 0 12.6285 0 0 12.6285 0 0 12.6285 0 0 12.6285 0 0 12.6285 0 0 12.6285 0 0 12.6285 0 0 0 0 0 0 
s	20
2107 2108 2109 2110 2165 2166 2167 2168 2169 2170 2171 2172 2173 2174 2175 2176 2197 2198 2199 2200 2201 2202 2203 2204 2205 2206 2207 2208 2209 2240 2241 2242 2272 2273 2274 2275 
2107 2108 2109 2110 2165 2166 2167 2168 2169 2170 2171 2172 2173 2174 2175 2176 2197 2198 2199 2200 2201 2202 2203 2204 2205 2206 2207 2208 2209 2240 2241 2242 2272 2273 2274 2275 
b
5 0
0.512535 0.760249 0.375207
2108 0 0 1
2109 0 0 1
2175 0 0 1
2207 0 0 3
2208 0 0 3
2241 0 0 4
2273 0 0 3
2274 0 0 6
b
2 0
0.0392803 0.531606 0.667724
2166 0 0 2
2167 0 0 2
2168 0 0 2
2169 0 0 2
2170 0 0 2
2171 0 0 2
2172 0 0 2
2173 0 0 2
2198 0 0 1
2199 0 0 2
2200 0 0 2
2201 0 0 2
2202 0 0 2
2203 0 0 2
2204 0 0 2
2205 0 0 2
2206 0 0 1
g
0
2 2 0 0 1 2 0 2 4
t
2
40
14113.3 2056.14 100
14113.3 2056.14 -100
a
10
99
2110 2106 2176 2164 2209 2196 2242 2239 2275 2271 
1 2207 1 2273 0 2274 0 2240 0 2241 0 2272 0 2640 0.5 2641 0.5 
1 2208 1 2273 0 2274 0 2240 0 2241 0 2640 0.5 2641 0.5 
1 2199 1 2168 0 2166 0 2167 0 2640 0.5 2641 0.5 
1 2204 1 2170 0 2171 0 2172 0 2640 0.5 2641 0.5 
1 2206 1 2273 0 2240 0 2173 0 2640 0.5 2641 0.5 
1 2198 1 2165 0 2166 0 2640 0.5 2641 0.5 
1 2200 1 2168 0 2167 0 2640 0.5 2641 0.5 
1 2201 1 2168 0 2169 0 2640 0.5 2641 0.5 
1 2202 1 2170 0 2169 0 2640 0.5 2641 0.5 
1 2203 1 2170 0 2171 0 2640 0.5 2641 0.5 
1 2205 1 2172 0 2173 0 2640 0.5 2641 0.5 
1 2197 1 2165 0 2640 0.5 2641 0.5 
2 2168 1 2199 0 2200 0 2201 0 2640 0.5 2641 0.5 
2 2170 1 2204 0 2202 0 2203 0 2640 0.5 2641 0.5 
2 2165 1 2198 0 2197 0 2640 0.5 2641 0.5 
2 2166 1 2199 0 2198 0 2640 0.5 2641 0.5 
2 2167 1 2199 0 2200 0 2640 0.5 2641 0.5 
2 2169 1 2201 0 2202 0 2640 0.5 2641 0.5 
2 2171 1 2204 0 2203 0 2640 0.5 2641 0.5 
2 2172 1 2204 0 2205 0 2640 0.5 2641 0.5 
2 2173 1 2206 0 2205 0 2640 0.5 2641 0.5 
1 2175 1 2273 0 2274 0 2640 0.5 2641 0.5 
2 2174 1 2273 0 2640 0.5 2641 0.5 
3 2273 1 2207 0 2240 0 2208 0 2241 0 2206 0 2108 0 2175 0 2174 0 2640 0.5 2641 0.5 
3 2274 1 2207 0 2208 0 2241 0 2108 0 2175 0 2107 0 2109 0 2640 0.5 2641 0.5 
3 2272 1 2207 0 2240 0 2640 0.5 2641 0.5 
2 2240 1 2273 0 2207 0 2208 0 2206 0 2272 0 2640 0.5 2641 0.5 
2 2241 1 2273 0 2274 0 2207 0 2208 0 2640 0.5 2641 0.5 
1 2108 1 2273 0 2274 0 2640 0.5 2641 0.5 
1 2107 1 2274 0 2640 0.5 2641 0.5 
1 2109 1 2274 0 2640 0.5 2641 0.5 
0 2640 15.5 2207 0.5 2208 0.5 2199 0.5 2204 0.5 2206 0.5 2198 0.5 2200 0.5 2201 0.5 2202 0.5 2203 0.5 2205 0.5 2197 0.5 2168 0.5 2170 0.5 2165 0.5 2166 0.5 2167 0.5 2169 0.5 2171 0.5 2172 0.5 2173 0.5 2175 0.5 2174 0.5 2273 0.5 2274 0.5 2272 0.5 2240 0.5 2241 0.5 2108 0.5 2107 0.5 2109 0.5 
0 2641 15.5 2207 0.5 2208 0.5 2199 0.5 2204 0.5 2206 0.5 2198 0.5 2200 0.5 2201 0.5 2202 0.5 2203 0.5 2205 0.5 2197 0.5 2168 0.5 2170 0.5 2165 0.5 2166 0.5 2167 0.5 2169 0.5 2171 0.5 2172 0.5 2173 0.5 2175 0.5 2174 0.5 2273 0.5 2274 0.5 2272 0.5 2240 0.5 2241 0.5 2108 0.5 2107 0.5 2109 0.5 
NanList DIR 0
d
99
0 0 -27.3666 0 0 -27.3666 0 0 -27.3666 0 0 -27.3666 0 0 -27.3666 0 0 -27.3666 0 0 -27.3666 0 0 -27.3666 0 0 -27.3666 0 0 -27.3666 0 0 -27.3666 0 0 -27.3666 0 0 0 0 0 0 0 0 0 0 0 0 0 0 0 0 0 0 0 0 0 0 0 0 0 0 0 0 0 -27.3666 0 0 0 0 0 24.6537 0 0 24.6537 0 0 24.6537 0 0 0 0 0 0 0 0 -27.3666 0 0 -27.3666 0 0 -27.3666 0 0 0 0 0 0 
s	21
2124 2130 2155 2160 
2124 2125 2126 2127 2128 2129 2130 2155 2156 2157 2158 2159 2160 
b
2 0
0.93081 0.931835 0.437638
2125 0 0 2
2126 0 0 2
2127 0 0 3
2128 0 0 2
2129 0 0 1
2156 0 0 1
2157 0 0 3
2158 0 0 3
2159 0 0 3
g
0
2 2 0 0 1 2 0 2 4
t
2
42
13854.1 986.049 100
13854.1 986.049 -100
a
4
109
2130 2123 2160 2154 
1 2126 1 2156 0 2157 0 2158 0 2640 0.5 2641 0.5 
1 2127 1 2157 0 2158 0 2159 0 2640 0.5 2641 0.5 
1 2124 1 2156 0 2155 0 2640 0.5 2641 0.5 
1 2125 1 2156 0 2157 0 2640 0.5 2641 0.5 
1 2128 1 2158 0 2159 0 2640 0.5 2641 0.5 
1 2129 1 2159 0 2640 0.5 2641 0.5 
2 2156 1 2126 0 2124 0 2125 0 2640 0.5 2641 0.5 
2 2157 1 2126 0 2127 0 2125 0 2640 0.5 2641 0.5 
2 2158 1 2126 0 2127 0 2128 0 2640 0.5 2641 0.5 
2 2159 1 2127 0 2128 0 2129 0 2640 0.5 2641 0.5 
2 2155 1 2124 0 2640 0.5 2641 0.5 
0 2640 5.5 2126 0.5 2127 0.5 2124 0.5 2125 0.5 2128 0.5 2129 0.5 2156 0.5 2157 0.5 2158 0.5 2159 0.5 2155 0.5 
0 2641 5.5 2126 0.5 2127 0.5 2124 0.5 2125 0.5 2128 0.5 2129 0.5 2156 0.5 2157 0.5 2158 0.5 2159 0.5 2155 0.5 
NanList DIR 0
d
39
0 0 -10.463 0 0 -10.463 0 0 -10.463 0 0 -10.463 0 0 -10.463 0 0 -10.463 0 0 10.463 0 0 10.463 0 0 10.463 0 0 10.463 0 0 10.463 0 0 0 0 0 0 
s	22
2225 2229 2257 2260 
2225 2226 2227 2228 2229 2257 2258 2259 2260 
b
2 0
0.738534 0.284293 0.720952
2226 0 0 2
2227 0 0 2
2228 0 0 1
2258 0 0 2
2259 0 0 3
g
0
2 2 0 0 1 2 0 2 4
t
2
44
14173.5 1174.34 100
14173.5 1174.34 -100
a
4
113
2229 2224 2260 2256 
1 2226 1 2258 0 2259 0 2257 0 2640 0.5 2641 0.5 
1 2225 1 2258 0 2257 0 2640 0.5 2641 0.5 
1 2227 1 2258 0 2259 0 2640 0.5 2641 0.5 
1 2228 1 2259 0 2640 0.5 2641 0.5 
2 2258 1 2226 0 2225 0 2227 0 2640 0.5 2641 0.5 
2 2259 1 2226 0 2227 0 2228 0 2640 0.5 2641 0.5 
2 2257 1 2226 0 2225 0 2640 0.5 2641 0.5 
0 2640 3.5 2226 0.5 2225 0.5 2227 0.5 2228 0.5 2258 0.5 2259 0.5 2257 0.5 
0 2641 3.5 2226 0.5 2225 0.5 2227 0.5 2228 0.5 2258 0.5 2259 0.5 2257 0.5 
NanList DIR 0
d
27
0 0 -7.11794 0 0 -7.11794 0 0 -7.11794 0 0 -7.11794 0 0 7.11794 0 0 7.11794 0 0 7.11794 0 0 0 0 0 0 
s	23
2603 2605 2636 2638 
2603 2604 2605 2636 2637 2638 
b
2 0
0.687861 0.354049 0.639979
2604 0 0 1
2637 0 0 1
g
0
2 2 0 0 1 2 0 2 4
t
2
46
16703.6 1892.21 100
16703.6 1892.21 -100
a
4
117
2605 2602 2638 2635 
1 2603 1 2637 0 2636 0 2640 0.5 2641 0.5 
1 2604 1 2637 0 2640 0.5 2641 0.5 
2 2637 1 2603 0 2604 0 2640 0.5 2641 0.5 
2 2636 1 2603 0 2640 0.5 2641 0.5 
0 2640 2 2603 0.5 2604 0.5 2637 0.5 2636 0.5 
0 2641 2 2603 0.5 2604 0.5 2637 0.5 2636 0.5 
NanList DIR 0
d
18
0 0 -5.60299 0 0 -5.60299 0 0 5.60299 0 0 5.60299 0 0 0 0 0 0 
