33 0.1 0.1 0.3 1 0 19 1
p
0
30
1000 0 0
1001.52 71.604 0
1003.05 143.208 0
1004.67 214.81 0
1006.42 286.409 0
1008.35 358.003 0
1010.5 429.592 0
1012.93 501.172 0
1015.68 572.741 0
1018.81 644.296 0
1022.36 715.832 0
1026.39 787.344 0
1030.95 858.825 0
1036.08 930.27 0
1041.83 1001.67 0
1048.26 1073.01 0
1055.42 1144.29 0
1063.34 1215.49 0
1072.09 1286.6 0
1081.72 1357.6 0
1091.69 1428.55 0
1101.9 1499.47 0
1112.1 1570.4 0
1122.04 1641.36 0
1131.48 1712.38 0
1140.18 1783.5 0
1147.88 1854.72 0
1154.35 1926.06 0
1159.32 1997.52 0
1162.57 2069.07 0
1164.19 2140.67 0
p
1
30
1200 0 0
1211.78 64.643 0
1223.57 129.286 0
1235.35 193.929 0
1247.13 258.572 0
1258.91 323.215 0
1270.7 387.858 0
1282.48 452.501 0
1294.26 517.144 0
1306.04 581.787 0
1317.83 646.43 0
1329.61 711.074 0
1341.39 775.717 0
1353.17 840.36 0
1364.96 905.003 0
1376.74 969.646 0
1388.52 1034.29 0
1400.3 1098.93 0
1412.09 1163.57 0
1423.87 1228.22 0
1435.65 1292.86 0
1447.44 1357.5 0
1459.22 1422.15 0
1471 1486.79 0
1482.78 1551.43 0
1494.57 1616.08 0
1506.35 1680.72 0
1518.13 1745.36 0
1529.91 1810.01 0
1541.7 1874.65 0
1553.48 1939.29 0
p
2
30
1400 0 0
1408.78 66.4661 0
1417.55 132.932 0
1426.33 199.398 0
1435.11 265.864 0
1443.88 332.33 0
1452.66 398.797 0
1461.44 465.263 0
1470.21 531.729 0
1478.99 598.195 0
1487.76 664.661 0
1496.54 731.127 0
1505.32 797.593 0
1514.09 864.059 0
1522.87 930.525 0
1531.65 996.991 0
1540.42 1063.46 0
1549.2 1129.92 0
1557.98 1196.39 0
1566.75 1262.86 0
1575.53 1329.32 0
1584.31 1395.79 0
1593.08 1462.25 0
1601.86 1528.72 0
1610.64 1595.19 0
1619.41 1661.65 0
1628.19 1728.12 0
1636.96 1794.58 0
1645.74 1861.05 0
1654.52 1927.52 0
1663.29 1993.98 0
p
3
30
1600 0 0
1606.43 65.0323 0
1612.86 130.065 0
1619.3 195.097 0
1625.73 260.129 0
1632.16 325.161 0
1638.59 390.194 0
1645.02 455.226 0
1651.45 520.258 0
1657.89 585.291 0
1664.32 650.323 0
1670.75 715.355 0
1677.18 780.388 0
1683.61 845.42 0
1690.05 910.452 0
1696.48 975.484 0
1702.91 1040.52 0
1709.34 1105.55 0
1715.77 1170.58 0
1722.21 1235.61 0
1728.64 1300.65 0
1735.07 1365.68 0
1741.5 1430.71 0
1747.93 1495.74 0
1754.36 1560.78 0
1760.8 1625.81 0
1767.23 1690.84 0
1773.66 1755.87 0
1780.09 1820.9 0
1786.52 1885.94 0
1792.96 1950.97 0
p
4
30
1800 0 0
1804.59 79.1238 0
1809.17 158.248 0
1811.78 237.457 0
1811.72 316.716 0
1808.85 395.923 0
1803.21 475.001 0
1795.93 553.935 0
1787.16 632.709 0
1778.7 711.433 0
1770.55 790.09 0
1764.05 868.911 0
1760.01 947.818 0
1759.21 1026.75 0
1762.3 1105.59 0
1769.67 1184.13 0
1781.47 1262.19 0
1797.57 1339.58 0
1817.52 1416.19 0
1840.57 1492.06 0
1865.74 1567.36 0
1891.82 1642.37 0
1917.5 1717.49 0
1941.36 1793.1 0
1962.03 1869.5 0
1978.27 1946.83 0
1989.09 2025.01 0
1994.08 2103.74 -10.4102
1994.78 2182.86 -10.4102
1994.81 2262.16 -10.4102
1995.05 2341.45 -10.4102
p
5
30
2000 0 0
2002.36 70.3297 0
2004.72 140.659 0
2007 211.037 0
2008.46 281.496 0
2011.26 352 0
2011.5 422.726 0
2013.99 493.56 0
2013.23 564.805 0
2015.84 636.283 0
2014.59 708.551 0
2015.43 780.974 0
2016.57 853.667 0
2017.75 926.401 0
2019.22 998.921 0
2020.66 1071.07 0
2022.01 1142.78 0
2023.25 1214.13 0
2024.39 1285.28 0
2025.45 1356.48 0
2026.47 1427.92 0
2027.47 1499.77 0
2028.49 1572.05 0
2029.52 1644.67 0
2030.56 1717.43 0
2031.52 1790.09 0
2032.18 1862.45 0
2032.08 1934.37 0
2030.23 2005.84 0
2024.88 2076.88 10.4102
2015.09 2147.23 10.4102
p
6
30
2200 0 0
2192.83 76.3798 0
2185.66 152.76 0
2178.82 229.16 0
2172.76 305.618 0
2168.28 382.185 0
2165.86 458.846 0
2166.48 535.573 0
2170.19 612.245 0
2177.75 688.695 0
2188.63 764.789 0
2200.81 840.772 0
2213.42 916.725 0
2225.19 992.82 0
2235.48 1069.11 0
2243.33 1145.64 0
2248.06 1222.37 0
2249.14 1299.18 0
2246.22 1375.9 0
2239.17 1452.31 0
2228.04 1528.22 0
2213.08 1603.48 0
2194.74 1678.01 0
2173.61 1751.83 0
2150.41 1825.07 0
2125.96 1897.92 0
2101.16 1970.68 0
2076.97 2043.64 0
2054.25 2117.06 0
2032.94 2191.02 10.4102
2011.94 2265.09 10.4102
p
7
30
2400 0 0
2409.01 83.4129 0
2418.02 166.826 0
2426.99 250.241 0
2435.86 333.664 0
2444.6 417.1 0
2453.14 500.556 0
2461.41 584.038 0
2469.77 667.511 0
2478.24 750.971 0
2486.81 834.422 0
2495.55 917.853 0
2504.53 1001.26 0
2513.78 1084.64 0
2523.37 1167.98 0
2533.33 1251.29 0
2543.73 1334.54 0
2554.64 1417.75 0
2566.11 1500.89 0
2578 1584 0
2589.4 1667.19 0
2600.07 1750.48 0
2610.02 1833.86 0
2620.48 1917.19 0
2631.86 2000.39 0
2644.82 2083.37 0
2659.98 2165.96 0
2677.97 2247.99 0
2699.33 2329.2 0
2724.57 2409.32 -7.97833
2753.22 2488.3 -7.97833
p
8
30
2600 0 0
2591.44 82.1789 0
2582.89 164.358 0
2574.99 246.607 0
2567.86 328.933 0
2561.78 411.349 0
2556.99 493.861 0
2553.73 576.462 0
2551.84 659.12 0
2551.42 741.816 0
2552.34 824.522 0
2554.57 907.218 0
2558.03 989.885 0
2562.65 1072.5 0
2568.36 1155.06 0
2575.09 1237.55 0
2582.79 1319.96 0
2591.4 1402.28 0
2600.88 1484.5 0
2611.33 1566.62 0
2623.31 1648.52 0
2637.03 1730.18 0
2652.6 1811.51 0
2668.87 1892.72 0
2685.6 1973.84 0
2702.25 2054.99 0
2718.3 2136.24 0
2733.24 2217.69 0
2746.51 2299.4 0
2757.56 2381.42 7.97833
2766.39 2463.7 7.97833
p
9
30
2800 0 0
2808.5 69.74 0
2817 139.48 0
2825.8 209.141 0
2834.42 278.821 0
2843.02 348.514 0
2851.49 418.221 0
2859.77 487.952 0
2867.67 557.727 0
2875.12 627.554 0
2882.01 697.443 0
2888.23 767.399 0
2893.71 837.427 0
2898.38 907.524 0
2902.2 977.688 0
2905.15 1047.91 0
2907.22 1118.18 0
2908.47 1188.49 0
2908.96 1258.81 0
2908.81 1329.16 0
2908.14 1399.5 0
2907.86 1469.84 0
2908.34 1540.18 0
2910.1 1610.47 0
2913.59 1680.69 0
2919.19 1750.75 0
2927.2 1820.57 0
2937.77 1890.04 0
2950.92 1959.08 0
2966.61 2027.61 11.4297
2984.43 2095.66 11.4297
p
10
30
3000 0 0
2994.07 68.5904 0
2988.14 137.181 0
2984.02 205.985 0
2981.5 274.889 0
2979.79 343.817 0
2979 412.779 0
2978.92 481.755 0
2979.32 550.729 0
2980.03 619.693 0
2980.9 688.644 0
2981.81 757.583 0
2982.64 826.513 0
2983.35 895.44 0
2983.89 964.374 0
2984.25 1033.32 0
2984.49 1102.3 0
2984.66 1171.31 0
2984.9 1240.37 0
2985.37 1309.47 0
2986.31 1378.62 0
2987.3 1447.81 0
2988.48 1517.03 0
2989.83 1586.25 0
2991.37 1655.46 0
2993.1 1724.63 0
2995.04 1793.76 0
2997.17 1862.82 0
2999.27 1931.84 -11.4297
3000.6 2000.85 -11.4297
3001.1 2069.84 -11.4297
p
11
30
3200 0 0
3195.06 76.3404 0
3190.12 152.681 0
3185.19 228.999 0
3180.21 305.313 0
3175.18 381.629 0
3170.05 457.94 0
3164.83 534.243 0
3159.47 610.538 0
3153.95 686.822 0
3148.26 763.095 0
3142.38 839.353 0
3136.28 915.597 0
3129.95 991.823 0
3123.38 1068.03 0
3116.54 1144.22 0
3109.43 1220.39 0
3102.03 1296.53 0
3094.35 1372.65 0
3086.36 1448.75 0
3078.08 1524.82 0
3069.49 1600.86 0
3060.6 1676.88 0
3051.41 1752.87 0
3041.94 1828.83 0
3032.28 1904.78 11.4297
3022.9 1980.74 11.4297
3014.07 2056.76 11.4297
3005.55 2132.82 11.4297
2997.08 2208.89 0
2988.61 2284.96 0
p
12
30
3400 0 0
3397.5 72.3361 0
3394.99 144.672 0
3392.49 217.008 0
3389.99 289.344 0
3387.48 361.681 0
3384.98 434.017 0
3382.48 506.353 0
3379.97 578.689 0
3377.47 651.025 0
3374.97 723.361 0
3372.46 795.697 0
3369.96 868.033 0
3367.46 940.369 0
3364.95 1012.71 0
3362.45 1085.04 0
3359.95 1157.38 0
3357.44 1229.71 0
3354.94 1302.05 0
3352.44 1374.39 0
3349.93 1446.72 0
3347.43 1519.06 0
3344.93 1591.39 0
3342.42 1663.73 0
3339.92 1736.07 0
3337.42 1808.4 0
3334.91 1880.74 0
3332.41 1953.07 0
3329.91 2025.41 0
3327.4 2097.75 0
3324.9 2170.08 0
p
13
30
3600 0 0
3599.42 74.3919 0
3598.84 148.784 0
3598.26 223.176 0
3597.68 297.567 0
3597.11 371.959 0
3596.53 446.351 0
3595.95 520.743 0
3595.37 595.135 0
3594.79 669.527 0
3594.21 743.919 0
3593.63 818.31 0
3593.05 892.702 0
3592.47 967.094 0
3591.89 1041.49 0
3591.32 1115.88 0
3590.74 1190.27 0
3590.16 1264.66 0
3589.58 1339.05 0
3589 1413.45 0
3588.42 1487.84 0
3587.84 1562.23 0
3587.26 1636.62 0
3586.68 1711.01 0
3586.1 1785.4 0
3585.53 1859.8 0
3584.95 1934.19 0
3584.37 2008.58 0
3583.79 2082.97 0
3583.21 2157.36 0
3582.63 2231.76 0
p
14
30
3800 0 0
3802.2 74.5687 0
3804.41 149.137 0
3805.91 223.721 0
3806.42 298.321 0
3805.44 372.925 0
3802.41 447.493 0
3796.71 521.935 0
3787.69 596.097 0
3774.77 669.747 0
3757.61 742.614 0
3736.38 814.493 0
3711.88 885.393 0
3687.01 956.212 0
3663.34 1027.42 0
3642.92 1099.54 0
3627.74 1172.84 0
3619.56 1247.14 0
3619.27 1321.81 0
3627.43 1396.01 0
3644.09 1468.84 0
3668.73 1539.48 0
3700.34 1607.47 0
3737.52 1672.79 0
3778.63 1735.89 0
3821.87 1797.7 0
3865.29 1859.45 0
3906.8 1922.51 0
3945.19 1987.45 12.1523
3982.97 2052.9 12.1523
4021.01 2118.21 12.1523
p
15
30
4000 0 0
3990.09 65.4129 0
3980.18 130.826 0
3970.65 196.31 0
3961.61 261.871 0
3953.2 327.531 0
3945.58 393.302 0
3938.87 459.194 0
3933.23 525.217 0
3928.85 591.378 0
3925.99 657.683 0
3924.91 724.125 0
3925.83 790.674 0
3926.81 857.227 0
3927.9 923.813 0
3928.77 990.416 0
3929.31 1057.03 0
3929.62 1123.65 0
3929.84 1190.31 0
3929.29 1257 0
3928.31 1323.77 0
3927.01 1390.61 0
3925.64 1457.54 0
3924.54 1524.55 0
3924.15 1591.64 0
3925.06 1658.76 0
3928.04 1725.84 0
3934.1 1792.69 0
3944.55 1858.97 0
3960.47 1924.18 12.1523
3980.33 1988.26 12.1523
p
16
30
4200 0 0
4194.95 68.091 0
4189.9 136.182 0
4184.65 204.25 0
4179.12 272.291 0
4173.15 340.29 0
4166.58 408.229 0
4159.25 476.083 0
4151.02 543.828 0
4141.84 611.443 0
4131.79 678.927 0
4121.14 746.312 0
4110.27 813.656 0
4099.15 880.976 0
4088 948.293 0
4076.98 1015.63 0
4066.23 1083.02 0
4055.89 1150.46 0
4046.06 1217.97 0
4036.84 1285.57 0
4028.32 1353.25 0
4020.55 1421.02 0
4013.57 1488.87 0
4007.41 1556.79 0
4002.07 1624.78 0
3997.52 1692.83 0
3993.75 1760.92 0
3990.69 1829.04 0
3988.56 1897.22 -12.1523
3988.34 1965.36 -12.1523
3989.54 2033.61 -12.1523
p
17
30
4400 0 0
4412.27 77.9584 0
4424.55 155.917 0
4436.49 234.002 0
4446.77 312.454 0
4456.81 390.883 0
4466.39 469.41 0
4475.12 548.116 0
4483.44 626.873 0
4491.39 705.705 0
4499.08 784.596 0
4506.65 863.521 0
4514.24 942.453 0
4522.01 1021.36 0
4529.99 1100.2 0
4537.67 1179.01 0
4545.7 1257.82 0
4554.05 1336.63 0
4562.8 1415.42 0
4572.02 1494.23 0
4581.66 1573.06 0
4591.56 1651.95 0
4601.41 1730.92 0
4610.65 1809.98 0
4618.44 1889.15 0
4623.57 1968.42 0
4624.35 2047.69 -25.4288
4619.46 2126.66 -25.4288
4609.44 2205.38 -25.4288
4593.07 2283.57 -25.4288
4575.89 2361.69 -25.4288
p
18
30
4600 0 0
4611.79 79.8876 0
4623.58 159.775 0
4629.73 240.498 0
4628.28 321.747 0
4625.78 403.139 0
4622.7 484.722 0
4623.57 566.5 0
4625.66 648.226 0
4630.7 729.692 -12.5657
4638.99 810.704 -12.5657
4650.21 891.22 -12.5657
4664.53 971.031 -12.5657
4680.73 1050.41 -12.5657
4696.85 1129.92 -12.5657
4710.2 1210.24 -12.5657
4722.41 1290.72 -12.5657
4732.63 1371.49 0
4739.98 1452.56 0
4744.87 1533.76 0
4746.19 1615.09 0
4743.34 1696.42 0
4735.73 1777.54 0
4722.94 1858.13 0
4704.81 1937.84 0
4681.51 2016.33 0
4653.68 2093.54 0
4621.99 2169.61 0
4585.53 2243.83 0
4545.66 2316.64 0
4505.17 2389.21 0
p
19
30
4800 0 0
4799.66 96.9287 0
4799.33 193.857 0
4796.94 290.632 0
4788.87 387.063 0
4770.65 482.598 0
4740.23 575.626 0
4705.39 667.3 0
4674.71 760.245 12.5657
4654.73 855.396 12.5657
4651.21 952.258 12.5657
4665.74 1048.21 12.5657
4697.57 1140.33 12.5657
4746.05 1225.73 12.5657
4807.24 1303.62 0
4875.2 1376.25 0
4935.86 1454.62 0
4980.59 1542.09 0
5004.59 1636.55 0
5007.65 1733.82 0
4985.64 1828.76 0
4942.96 1916.86 0
4885.98 1997.41 0
4820.2 2072.03 0
4750.65 2143.88 0
4682.48 2217.02 0
4618.91 2293.77 7.48957
4554.17 2369.94 7.48957
4487.87 2445.07 7.48957
4421.29 2520.04 0
4354.72 2595.01 0
p
20
30
5000 0 0
4998.79 76.0708 0
4997.58 152.142 0
4995.07 228.182 0
4992.71 304.274 0
4990.28 380.381 0
4988.73 456.589 0
4988.53 532.87 0
4988.45 609.139 0
4988.79 685.44 0
4989.43 761.772 0
4990.34 838.132 0
4991.5 914.518 0
4992.98 990.925 0
4994.86 1067.34 0
4997.26 1143.77 0
5000.35 1220.18 0
5004.3 1296.56 0
5009.3 1372.88 0
5015.59 1449.11 0
5023.39 1525.21 0
5032.95 1601.12 0
5044.31 1676.81 0
5056.65 1752.18 0
5069.41 1827.53 0
5082.19 1902.95 0
5094.71 1978.47 -11.1525
5106.83 2054.07 -11.1525
5118.51 2129.74 -11.1525
5129.95 2205.46 -11.1525
5141.36 2281.2 -11.1525
p
21
30
5200 0 0
5195.83 73.6472 0
5191.66 147.294 0
5187.35 220.995 0
5183.07 294.756 0
5178.99 368.525 0
5175.45 442.347 0
5171.67 516.147 0
5167.8 589.958 0
5163.71 663.774 0
5159.46 737.598 0
5155.03 811.428 0
5150.48 885.264 0
5145.85 959.103 0
5141.21 1032.95 0
5136.64 1106.79 0
5132.25 1180.64 0
5128.12 1254.49 0
5124.38 1328.35 0
5121.14 1402.22 0
5118.52 1476.09 0
5116.64 1549.98 0
5115.62 1623.88 0
5115.57 1697.8 0
5116.57 1771.74 0
5118.68 1845.7 0
5121.91 1919.68 0
5126.03 1993.7 11.1525
5130.15 2067.73 11.1525
5133.83 2141.74 11.1525
5137.44 2215.71 11.1525
p
22
30
5400 0 0
5388.6 71.9666 0
5377.2 143.933 0
5365.38 215.839 0
5353.11 287.664 0
5340.96 359.493 0
5329.38 431.404 0
5318.05 503.375 0
5307.19 575.428 0
5296.84 647.566 0
5286.97 719.781 0
5277.59 792.071 0
5268.7 864.432 0
5260.28 936.857 0
5252.32 1009.34 0
5244.79 1081.87 0
5237.67 1154.44 0
5230.92 1227.05 0
5224.53 1299.68 0
5218.46 1372.34 0
5212.68 1445.01 0
5207.17 1517.7 0
5201.89 1590.4 0
5196.82 1663.12 0
5191.95 1735.85 0
5187.24 1808.6 0
5182.69 1881.37 0
5178.3 1954.18 0
5174.06 2027.03 0
5169.98 2099.95 0
5166.04 2172.94 0
p
23
30
5600 0 0
5586.32 81.5459 0
5572.64 163.092 0
5558.96 244.638 0
5545.27 326.183 0
5531.59 407.729 0
5517.91 489.275 0
5504.23 570.821 0
5490.55 652.367 0
5476.87 733.913 0
5463.18 815.459 0
5449.5 897.005 0
5435.82 978.55 0
5422.14 1060.1 0
5408.46 1141.64 0
5394.78 1223.19 0
5381.09 1304.73 0
5367.41 1386.28 0
5353.73 1467.83 0
5340.05 1549.37 0
5326.37 1630.92 0
5312.69 1712.46 0
5299 1794.01 0
5285.32 1875.56 0
5271.64 1957.1 0
5257.96 2038.65 0
5244.28 2120.19 0
5230.6 2201.74 0
5216.91 2283.28 0
5203.23 2364.83 0
5189.55 2446.38 0
p
24
30
5800 0 0
5795.77 68.391 0
5791.54 136.782 0
5787.32 205.173 0
5783.09 273.564 0
5778.86 341.955 0
5774.63 410.346 0
5770.41 478.737 0
5766.18 547.128 0
5761.95 615.519 0
5757.72 683.91 0
5753.5 752.301 0
5749.27 820.692 0
5745.04 889.083 0
5740.81 957.474 0
5736.59 1025.86 0
5732.36 1094.26 0
5728.13 1162.65 0
5723.9 1231.04 0
5719.67 1299.43 0
5715.45 1367.82 0
5711.22 1436.21 0
5706.99 1504.6 0
5702.76 1572.99 0
5698.54 1641.38 0
5694.31 1709.77 0
5690.08 1778.17 0
5685.85 1846.56 0
5681.63 1914.95 0
5677.4 1983.34 0
5673.17 2051.73 0
p
25
30
6000 0 0
5989.48 86.8055 0
5978.96 173.611 0
5968.44 260.416 0
5957.93 347.222 0
5947.41 434.027 0
5936.89 520.833 0
5926.37 607.638 0
5915.85 694.444 0
5905.33 781.249 0
5894.82 868.055 0
5884.3 954.86 0
5873.78 1041.67 0
5863.26 1128.47 0
5852.74 1215.28 0
5842.22 1302.08 0
5831.71 1388.89 0
5821.19 1475.69 0
5810.67 1562.5 0
5800.15 1649.3 0
5789.63 1736.11 0
5779.11 1822.91 0
5768.6 1909.72 0
5758.08 1996.53 0
5747.56 2083.33 0
5737.04 2170.14 0
5726.52 2256.94 0
5716 2343.75 0
5705.49 2430.55 0
5694.97 2517.36 0
5684.45 2604.16 0
p
26
30
6200 0 0
6192.3 77.9256 0
6184.59 155.851 0
6176.89 233.777 0
6169.18 311.703 0
6161.48 389.628 0
6153.78 467.554 0
6146.07 545.48 0
6138.37 623.405 0
6130.66 701.331 0
6122.96 779.256 0
6115.26 857.182 0
6107.55 935.108 0
6099.85 1013.03 0
6092.14 1090.96 0
6084.44 1168.88 0
6076.74 1246.81 0
6069.03 1324.74 0
6061.33 1402.66 0
6053.62 1480.59 0
6045.92 1558.51 0
6038.22 1636.44 0
6030.51 1714.36 0
6022.81 1792.29 0
6015.1 1870.22 0
6007.4 1948.14 0
5999.7 2026.07 0
5991.99 2103.99 0
5984.29 2181.92 0
5976.58 2259.84 0
5968.88 2337.77 0
p
27
30
6400 0 0
6394.56 75.3416 0
6389.12 150.683 0
6383.68 226.025 0
6378.24 301.366 0
6372.81 376.708 0
6367.37 452.049 0
6361.93 527.391 0
6356.49 602.733 0
6351.05 678.074 0
6345.61 753.416 0
6340.17 828.757 0
6334.73 904.099 0
6329.3 979.44 0
6323.86 1054.78 0
6318.42 1130.12 0
6312.98 1205.47 0
6307.54 1280.81 0
6302.1 1356.15 0
6296.66 1431.49 0
6291.22 1506.83 0
6285.79 1582.17 0
6280.35 1657.51 0
6274.91 1732.86 0
6269.47 1808.2 0
6264.03 1883.54 0
6258.59 1958.88 0
6253.15 2034.22 0
6247.71 2109.56 0
6242.28 2184.91 0
6236.84 2260.25 0
p
28
30
6600 0 0
6596.95 67.6823 0
6593.9 135.365 0
6590.85 203.047 0
6587.79 270.729 0
6584.74 338.411 0
6581.69 406.094 0
6578.64 473.776 0
6575.59 541.458 0
6572.54 609.14 0
6569.49 676.823 0
6566.43 744.505 0
6563.38 812.187 0
6560.33 879.869 0
6557.28 947.552 0
6554.23 1015.23 0
6551.18 1082.92 0
6548.13 1150.6 0
6545.07 1218.28 0
6542.02 1285.96 0
6538.97 1353.65 0
6535.92 1421.33 0
6532.87 1489.01 0
6529.82 1556.69 0
6526.77 1624.37 0
6523.71 1692.06 0
6520.66 1759.74 0
6517.61 1827.42 0
6514.56 1895.1 0
6511.51 1962.79 0
6508.46 2030.47 0
p
29
30
6800 0 0
6794.19 73.9848 0
6788.38 147.97 0
6782.56 221.954 0
6776.75 295.939 0
6770.94 369.924 0
6765.13 443.909 0
6759.31 517.894 0
6753.5 591.879 0
6747.69 665.863 0
6741.88 739.848 0
6736.06 813.833 0
6730.25 887.818 0
6724.44 961.803 0
6718.63 1035.79 0
6712.81 1109.77 0
6707 1183.76 0
6701.19 1257.74 0
6695.38 1331.73 0
6689.56 1405.71 0
6683.75 1479.7 0
6677.94 1553.68 0
6672.13 1627.67 0
6666.31 1701.65 0
6660.5 1775.64 0
6654.69 1849.62 0
6648.88 1923.61 0
6643.06 1997.59 0
6637.25 2071.57 0
6631.44 2145.56 0
6625.63 2219.54 0
p
30
30
7000 0 0
7000.28 79.3559 0
7000.57 158.712 0
7000.88 238.066 0
7001.25 317.42 0
7001.7 396.772 0
7002.25 476.123 0
7002.95 555.473 0
7003.83 634.82 0
7004.9 714.165 0
7006.22 793.506 0
7007.79 872.842 0
7009.65 952.172 0
7011.8 1031.5 0
7014.28 1110.81 0
7017.09 1190.11 0
7020.23 1269.41 0
7023.71 1348.69 0
7027.54 1427.96 0
7032.01 1507.2 0
7037.19 1586.4 0
7043.25 1665.55 0
7050.32 1744.61 0
7058.53 1823.58 0
7068.01 1902.41 0
7078.88 1981.07 0
7091.22 2059.52 0
7105.12 2137.73 0
7120.66 2215.64 0
7137.65 2293.28 13.3024
7155.14 2370.81 13.3024
p
31
30
7200 0 0
7187.71 77.1481 0
7175.41 154.296 0
7163.48 231.503 0
7151.97 308.777 0
7141.03 386.136 0
7130.78 463.593 0
7121.34 541.157 0
7112.78 618.831 0
7105.21 696.613 0
7098.7 774.499 0
7093.3 852.479 0
7089.09 930.542 0
7086.12 1008.67 0
7084.44 1086.85 0
7084.11 1165.06 0
7085.2 1243.27 0
7087.76 1321.46 0
7091.88 1399.6 0
7097.02 1477.69 0
7103.1 1555.72 0
7109.91 1633.71 0
7117.25 1711.65 0
7124.92 1789.57 0
7132.74 1867.47 0
7140.51 1945.38 0
7148.04 2023.31 0
7155.13 2101.27 0
7161.59 2179.28 -13.3024
7167.21 2257.34 -13.3024
7171.99 2335.43 -13.3024
p
32
30
7400 0 0
7410.85 77.4375 0
7421.69 154.875 0
7430.09 232.658 0
7437.36 310.566 0
7442.96 388.637 0
7446.79 466.836 0
7448.76 545.122 0
7448.77 623.452 0
7446.52 701.784 0
7440.92 780.011 0
7433.42 858.115 0
7424.31 936.074 0
7414.28 1013.92 0
7403.99 1091.7 0
7394.11 1169.5 0
7384.42 1247.31 0
7371.99 1324.77 0
7357.94 1401.99 0
7342.67 1478.99 0
7326.96 1555.9 0
7311.55 1632.83 0
7297.16 1709.91 0
7283.68 1787.12 0
7268.26 1863.99 0
7249.91 1940.28 0
7228.64 2015.86 0
7208.8 2091.79 0
7191.73 2168.34 13.3024
7179.73 2245.75 13.3024
7173.54 2323.82 13.3024
p
33
30
7600 0 0
7582.73 77.0552 0
7565.46 154.11 0
7550.77 231.734 0
7536.63 309.461 0
7523.56 387.384 0
7511.5 465.468 0
7500.39 543.686 0
7490.19 622.032 0
7481.19 700.571 0
7474.93 779.426 0
7469.23 858.327 0
7463.5 937.217 0
7456.59 1015.98 0
7447.37 1094.46 0
7434.74 1172.46 0
7419.07 1250.01 0
7405.51 1328.02 0
7393.14 1406.24 0
7381.21 1484.52 0
7368.62 1562.67 0
7354.29 1640.49 0
7337.15 1717.74 0
7317.61 1794.52 0
7300.9 1872.06 0
7288.84 1950.58 0
7281.87 2029.91 0
7272.34 2108.88 0
7258.1 2187 0
7235.56 2262.9 0
7203.96 2335.41 0
p
34
30
7800 0 0
7798.62 76.9279 0
7797.25 153.856 0
7795.87 230.784 0
7794.5 307.711 0
7793.12 384.639 0
7791.75 461.567 0
7790.37 538.495 0
7789 615.423 0
7787.62 692.351 0
7786.24 769.279 0
7784.87 846.206 0
7783.49 923.134 0
7782.12 1000.06 0
7780.74 1076.99 0
7779.37 1153.92 0
7777.99 1230.85 0
7776.62 1307.77 0
7775.24 1384.7 0
7773.87 1461.63 0
7772.49 1538.56 0
7771.11 1615.48 0
7769.74 1692.41 0
7768.36 1769.34 0
7766.99 1846.27 0
7765.61 1923.2 0
7764.24 2000.12 0
7762.86 2077.05 0
7761.49 2153.98 0
7760.11 2230.91 0
7758.73 2307.84 0
p
35
30
8000 0 0
7996.66 94.5778 0
7993.31 189.156 0
7989.97 283.733 0
7986.63 378.311 0
7983.29 472.889 0
7979.94 567.467 0
7976.6 662.045 0
7973.26 756.623 0
7969.92 851.2 0
7966.57 945.778 0
7963.23 1040.36 0
7959.89 1134.93 0
7956.55 1229.51 0
7953.2 1324.09 0
7949.86 1418.67 0
7946.52 1513.25 0
7943.18 1607.82 0
7939.83 1702.4 0
7936.49 1796.98 0
7933.15 1891.56 0
7929.81 1986.13 0
7926.46 2080.71 0
7923.12 2175.29 0
7919.78 2269.87 0
7916.44 2364.45 0
7913.09 2459.02 0
7909.75 2553.6 0
7906.41 2648.18 0
7903.07 2742.76 0
7899.72 2837.33 0
p
36
30
8200 0 0
8203.16 72.119 0
8206.32 144.238 0
8209.49 216.357 0
8212.65 288.476 0
8215.81 360.595 0
8218.97 432.714 0
8222.14 504.833 0
8225.3 576.952 0
8228.46 649.071 0
8231.62 721.19 0
8234.79 793.309 0
8237.95 865.428 0
8241.11 937.547 0
8244.27 1009.67 0
8247.44 1081.78 0
8250.6 1153.9 0
8253.76 1226.02 0
8256.92 1298.14 0
8260.09 1370.26 0
8263.25 1442.38 0
8266.41 1514.5 0
8269.57 1586.62 0
8272.74 1658.74 0
8275.9 1730.86 0
8279.06 1802.97 0
8282.22 1875.09 0
8285.39 1947.21 0
8288.55 2019.33 0
8291.71 2091.45 0
8294.87 2163.57 0
p
37
30
8400 0 0
8398.37 82.8464 0
8396.73 165.693 0
8395.25 248.539 0
8393.96 331.386 0
8392.94 414.235 0
8392.3 497.085 0
8392.14 579.934 0
8392.63 662.787 0
8393.89 745.633 0
8395.83 828.472 0
8398.5 911.295 0
8401.91 994.097 0
8406.05 1076.87 0
8410.93 1159.62 0
8416.5 1242.32 0
8422.76 1324.99 0
8429.67 1407.62 0
8437.19 1490.2 0
8445.28 1572.73 0
8453.89 1655.23 0
8462.97 1737.68 0
8472.45 1820.09 0
8482.26 1902.47 0
8492.35 1984.82 0
8502.63 2067.16 0
8513.04 2149.48 0
8523.5 2231.79 0
8534.1 2314.09 0
8545.08 2396.35 0
8556.24 2478.6 0
p
38
30
8600 0 0
8590.97 79.2639 0
8581.94 158.528 0
8573.34 237.843 0
8565.29 317.22 0
8557.97 396.675 0
8551.55 476.217 0
8546.16 555.848 0
8541.78 635.546 0
8538.53 715.308 0
8536.1 795.108 0
8534.48 874.937 0
8533.58 954.787 0
8533.32 1034.65 0
8533.61 1114.52 0
8534.4 1194.4 0
8535.63 1274.28 0
8537.24 1354.16 0
8539.17 1434.04 0
8541.4 1513.91 0
8543.87 1593.79 0
8546.56 1673.66 0
8549.42 1753.53 0
8552.44 1833.39 0
8555.58 1913.26 0
8558.83 1993.12 -12.1389
8561.89 2072.98 -12.1389
8564.12 2152.85 -12.1389
8566.71 2232.7 -12.1389
8569.86 2312.56 0
8573.05 2392.41 0
p
39
30
8800 0 0
8807.82 71.7805 0
8815.64 143.561 0
8822.64 215.438 0
8828.7 287.411 0
8833.52 359.492 0
8836.9 431.672 0
8838.66 503.932 0
8839.03 576.225 0
8837.98 648.528 0
8835.56 720.816 0
8831.86 793.066 0
8826.97 865.266 0
8820.96 937.408 0
8813.92 1009.49 0
8805.92 1081.52 0
8797.07 1153.5 0
8787.38 1225.44 0
8776.81 1297.32 0
8765.24 1369.14 0
8752.46 1440.85 0
8738.14 1512.37 0
8721.79 1583.56 0
8704.49 1654.6 0
8685.96 1725.41 0
8666.22 1795.93 0
8645.25 1866.11 0
8622.94 1935.87 0
8599.21 2005.11 12.1389
8574.19 2073.86 12.1389
8548.82 2142.46 12.1389
p
40
30
9000 0 0
8990.34 75.4729 0
8980.69 150.946 0
8971.87 226.52 0
8964.16 302.22 0
8958.04 378.075 0
8953.95 454.087 0
8952.29 530.221 0
8952.12 606.406 0
8953.31 682.614 0
8955.37 758.831 0
8957.73 835.053 0
8959.79 911.289 0
8960.91 987.537 0
8960.48 1063.77 0
8957.93 1139.95 0
8952.87 1215.98 0
8944.88 1291.73 0
8933.67 1367.07 0
8919.03 1441.82 0
8900.85 1515.81 0
8879.13 1588.87 0
8853.98 1660.88 0
8824.99 1731.5 0
8792.38 1800.61 0
8756.43 1868.14 0
8717.59 1934.15 0
8676.5 1998.91 0
8633.98 2062.88 0
8590.45 2126.3 12.1389
8544.96 2188.51 12.1389
p
41
30
9200 0 0
9215.01 62.3142 0
9230.02 124.628 0
9244.24 187.138 0
9257.47 249.874 0
9269.36 312.894 0
9279.61 376.228 0
9287.96 439.873 0
9294.18 503.8 0
9298.08 567.957 0
9300.25 632.238 0
9300.67 696.605 0
9299.48 761.015 0
9296.82 825.435 0
9292.83 889.84 0
9287.61 954.212 0
9281.26 1018.53 0
9273.86 1082.8 0
9265.49 1146.99 0
9256.19 1211.11 0
9246.03 1275.15 0
9235.04 1339.1 0
9223.25 1402.96 0
9210.68 1466.71 0
9197.34 1530.37 0
9183.25 1593.9 0
9168.39 1657.32 0
9152.77 1720.61 0
9136.37 1783.75 0
9119.18 1846.74 0
9101.3 1909.58 0
p
42
30
9400 0 0
9409 74.0437 0
9418 148.087 0
9426.89 222.139 0
9435.48 296.225 0
9443.45 370.379 0
9450.38 444.639 0
9455.73 519.036 0
9458.95 593.573 0
9459.43 668.206 0
9457.6 742.866 0
9453.2 817.478 0
9446.21 891.965 0
9436.66 966.253 0
9424.6 1040.27 0
9410.11 1113.96 0
9393.3 1187.27 0
9374.3 1260.16 0
9353.27 1332.61 0
9330.39 1404.62 0
9305.87 1476.2 0
9279.91 1547.37 0
9252.76 1618.19 0
9224.66 1688.71 0
9195.88 1759.02 0
9166.67 1829.18 0
9137.27 1899.29 0
9107.79 1969.38 0
9078.3 2039.48 0
9048.8 2109.57 0
9019.31 2179.67 0
p
43
30
9600 0 0
9605.47 77.1865 0
9610.93 154.373 0
9615.75 231.596 0
9619.64 308.868 0
9622.17 386.2 0
9622.89 463.578 0
9621.49 540.963 0
9618.77 618.347 0
9614.75 695.704 0
9609.74 773.029 0
9604.07 850.325 0
9598.07 927.607 0
9592.09 1004.89 0
9586.47 1082.19 0
9581.55 1159.52 0
9577.68 1236.88 0
9575.16 1314.26 0
9574.32 1391.65 0
9575.42 1469.02 0
9578.49 1546.32 -9.69063
9582.85 1623.59 -9.69063
9588.44 1700.81 -9.69063
9595.07 1777.95 -9.69063
9601.9 1855.03 0
9608.73 1932.11 0
9615.56 2009.19 0
9622.39 2086.28 0
9629.22 2163.36 0
9636.05 2240.44 0
9642.87 2317.52 0
p
44
30
9800 0 0
9814.52 79.6418 0
9829.05 159.284 0
9842.13 239.192 0
9853.31 319.412 0
9861.87 399.999 0
9867.12 480.934 0
9868.63 562.108 0
9867.82 643.337 0
9864.4 724.554 0
9858.17 805.648 0
9848.88 886.482 0
9835.96 966.864 0
9818.66 1046.5 0
9796.07 1124.94 0
9767.33 1201.58 0
9732.15 1275.79 0
9692.26 1347.82 0
9655.11 1421.3 0
9624.77 1497.58 9.69063
9606.61 1577.14 9.69063
9605.15 1658.29 9.69063
9623.23 1737.19 9.69063
9660.34 1809.28 0
9715.06 1869.76 0
9781.15 1918.56 0
9852.01 1960.98 0
9921.75 2005.47 0
9983.21 2060.73 -26.7879
10030.6 2128.6 -26.7879
10074.5 2199.03 -26.7879
p
45
30
10000 0 0
9994.93 69.0292 0
9989.86 138.058 0
9985.37 207.16 0
9981.6 276.326 0
9978.79 345.568 0
9977.25 414.885 0
9977.35 484.266 0
9978.13 553.646 0
9979.71 623.037 0
9981.45 692.433 0
9983.24 761.84 0
9984.9 831.265 0
9986.37 900.72 0
9987.72 970.229 0
9989.15 1039.83 0
9991.11 1109.58 0
9994.6 1179.54 0
9996.73 1249.54 0
9998.04 1319.64 0
9998.43 1389.79 0
9998.21 1460.05 0
9998.27 1530.51 0
9996.84 1601.2 0
9994.91 1672.18 0
9992.91 1743.45 0
9991.78 1814.95 0
9993.09 1886.53 0
9999.43 1957.78 0
10013.4 2027.88 24.6483
10032.6 2096.36 24.6483
p
46
30
10200 0 0
10205.8 74.1432 0
10211.5 148.286 0
10217.4 222.407 0
10223.4 296.513 0
10229.4 370.607 0
10235.3 444.708 0
10240.7 518.843 0
10245.5 592.99 0
10249.1 667.18 0
10251.7 741.43 0
10253.1 815.709 0
10253.4 889.994 0
10252.4 964.264 0
10250.1 1038.49 0
10246.1 1112.65 0
10240.3 1186.72 0
10233.3 1260.7 0
10224.3 1334.49 0
10213.5 1408.02 0
10199.1 1480.95 0
10180.8 1553.1 0
10160.2 1624.7 0
10137.2 1695.65 0
10113.3 1766.31 0
10090.2 1837.22 0
10069.8 1908.88 0
10053.6 1981.5 0
10043.6 2054.87 0
10041.8 2128.99 0
10040.3 2203.39 0
p
47
30
10400 0 0
10390.1 73.8529 0
10380.1 147.706 0
10370.7 221.607 0
10361.7 295.575 0
10353.6 369.631 0
10346.4 443.785 0
10340.4 518.037 0
10335.5 592.398 0
10331.8 666.839 0
10328.3 741.287 0
10324.6 815.729 0
10320.3 890.134 0
10315 964.462 0
10308.1 1038.66 0
10299.5 1112.66 0
10289.1 1186.39 0
10277 1259.87 0
10262.9 1333.02 0
10247.1 1405.87 0
10231 1478.7 0
10215.4 1551.63 0
10199.8 1624.56 0
10184 1697.45 0
10168 1770.31 0
10151.8 1843.12 0
10135.4 1915.89 0
10118.8 1988.61 0
10102.1 2061.3 0
10085.4 2133.96 0
10068.7 2206.61 0
p
48
30
10600 0 0
10599.8 68.0308 0
10599.5 136.062 0
10599.5 204.09 0
10599.7 272.117 0
10600.2 340.14 0
10601.2 408.157 0
10602.6 476.163 0
10604.5 544.155 0
10607 612.128 0
10609.9 680.079 0
10613.1 748.01 0
10616.3 815.93 0
10619.3 883.854 0
10621.5 951.796 0
10622.3 1019.76 0
10621.8 1087.73 0
10619.7 1155.67 0
10615.8 1223.55 0
10610.1 1291.3 0
10602.5 1358.88 0
10593.1 1426.24 0
10581.8 1493.35 0
10569 1560.18 0
10554.6 1626.74 0
10539 1693.03 0
10522.4 1759.1 0
10505 1824.99 0
10487.2 1890.78 -24.7068
10468.5 1956.23 -24.7068
10446.7 2020.95 -24.7068
p
49
30
10800 0 0
10810.7 67.8378 0
10821.3 135.676 0
10831.2 203.654 0
10840 271.784 0
10847.4 340.095 0
10853.2 408.589 0
10857.1 477.247 0
10858.9 546.03 0
10858.4 614.878 0
10855.6 683.721 0
10850.4 752.481 0
10842.7 821.078 0
10832.5 889.433 0
10819.7 957.467 0
10804.3 1025.09 0
10788.1 1092.56 0
10771.4 1159.93 0
10754.5 1227.28 0
10737.6 1294.66 0
10720.7 1362.1 0
10703.3 1429.52 0
10684.6 1496.76 0
10665.9 1564.17 0
10646.2 1631.46 0
10624.5 1698.33 0
10599.9 1764.28 0
10571 1828.54 0
10536.3 1889.89 0
10494.8 1947.05 0
10448.8 2000.74 0
p
50
30
11000 0 0
10992.7 79.233 0
10985.5 158.466 0
10978.6 237.734 0
10972.3 317.047 0
10966.8 396.421 0
10962.4 475.863 0
10959.2 555.373 0
10957.7 634.938 0
10957.9 714.53 0
10960.2 794.104 0
10964.7 873.604 0
10971.3 952.969 0
10979.9 1032.16 0
10990 1111.18 0
11000.7 1190.11 0
11008.6 1269.35 0
11011.7 1348.87 0
11007.7 1428.31 0
10994.4 1506.75 0
10970.7 1582.77 0
10936.1 1654.65 0
10890.9 1720.75 0
10836.6 1780.1 0
10775 1832.44 0
10708.2 1878.59 0
10638.2 1920.37 0
10567 1960.53 0
10496.1 2001.29 13.931
10424.7 2041.83 13.931
10353.1 2082 0
p
51
30
11200 0 0
11205.6 70.1143 0
11211.2 140.229 0
11216.8 210.343 0
11222.4 280.457 0
11228 350.572 0
11233.6 420.686 0
11239.3 490.8 0
11244.9 560.915 0
11250.5 631.029 0
11256.1 701.143 0
11261.7 771.258 0
11267.3 841.372 0
11272.9 911.486 0
11278.5 981.601 0
11284.1 1051.71 0
11289.7 1121.83 0
11295.3 1191.94 0
11300.9 1262.06 0
11306.6 1332.17 0
11312.2 1402.29 0
11317.8 1472.4 0
11323.4 1542.52 0
11329 1612.63 0
11334.6 1682.74 0
11340.2 1752.86 0
11345.8 1822.97 0
11351.4 1893.09 0
11357 1963.2 0
11362.6 2033.32 0
11368.2 2103.43 0
p
52
30
11400 0 0
11402.9 86.8615 0
11405.7 173.723 0
11408.6 260.585 0
11411.4 347.446 0
11414.3 434.308 0
11417.2 521.169 0
11420 608.031 0
11422.9 694.892 0
11425.7 781.754 0
11428.6 868.615 0
11431.5 955.477 0
11434.3 1042.34 0
11437.2 1129.2 0
11440 1216.06 0
11442.9 1302.92 0
11445.8 1389.78 0
11448.6 1476.65 0
11451.5 1563.51 0
11454.3 1650.37 0
11457.2 1737.23 0
11460.1 1824.09 0
11462.9 1910.95 0
11465.8 1997.81 0
11468.6 2084.68 0
11471.5 2171.54 0
11474.4 2258.4 0
11477.2 2345.26 0
11480.1 2432.12 0
11482.9 2518.98 0
11485.8 2605.85 0
p
53
30
11600 0 0
11599.3 72.543 0
11598.7 145.086 0
11598 217.629 0
11597.4 290.172 0
11596.7 362.715 0
11596.1 435.258 0
11595.4 507.801 0
11594.8 580.344 0
11594.1 652.887 0
11593.5 725.43 0
11592.8 797.973 0
11592.2 870.516 0
11591.5 943.059 0
11590.9 1015.6 0
11590.2 1088.15 0
11589.6 1160.69 0
11588.9 1233.23 0
11588.3 1305.77 0
11587.6 1378.32 0
11587 1450.86 0
11586.3 1523.4 0
11585.7 1595.95 0
11585 1668.49 0
11584.4 1741.03 0
11583.7 1813.58 0
11583.1 1886.12 0
11582.4 1958.66 0
11581.8 2031.2 0
11581.1 2103.75 0
11580.5 2176.29 0
p
54
30
11800 0 0
11795.9 85.9564 0
11791.7 171.913 0
11787.6 257.869 0
11783.5 343.826 0
11779.4 429.782 0
11775.2 515.739 0
11771.1 601.695 0
11767 687.652 0
11762.8 773.608 0
11758.7 859.564 0
11754.6 945.521 0
11750.5 1031.48 0
11746.3 1117.43 0
11742.2 1203.39 0
11738.1 1289.35 0
11734 1375.3 0
11729.8 1461.26 0
11725.7 1547.22 0
11721.6 1633.17 0
11717.4 1719.13 0
11713.3 1805.09 0
11709.2 1891.04 0
11705.1 1977 0
11700.9 2062.95 0
11696.8 2148.91 0
11692.7 2234.87 0
11688.5 2320.82 0
11684.4 2406.78 0
11680.3 2492.74 0
11676.2 2578.69 0
p
55
30
12000 0 0
12014.8 76.0522 0
12029.6 152.104 0
12043.8 228.218 0
12056.8 304.538 0
12069.9 380.816 0
12083.4 457.02 0
12097.7 533.073 0
12112.8 608.924 0
12129 684.555 0
12145.7 760.059 0
12161 835.829 0
12177.4 911.366 0
12195 986.615 0
12214.8 1061.34 0
12236.8 1135.43 0
12260.6 1209.01 0
12284 1282.85 0
12302.6 1358.14 0
12319 1433.94 0
12335.2 1509.73 0
12354.1 1584.83 0
12377.9 1658.53 0
12405.8 1730.91 0
12431.4 1804.21 0
12453.1 1878.88 0
12472.7 1954.2 0
12495.9 2028.47 0
12525.4 2100.37 0
12564.4 2167.64 0
12612.6 2228.85 0
p
56
30
12200 0 0
12183.6 73.3722 0
12167.1 146.744 0
12155.1 221.151 0
12147.9 296.345 0
12144.4 371.917 0
12145 447.692 0
12149.2 523.444 0
12156.3 599.04 0
12165.6 674.45 0
12177.1 749.681 0
12192.2 824.421 0
12210 898.647 0
12229.9 972.393 0
12250.9 1045.84 0
12272.1 1119.17 0
12293.1 1192.54 0
12313.2 1266.06 0
12334.9 1339.14 0
12356 1412.35 0
12376.5 1485.67 0
12396.2 1559.14 0
12415 1632.77 0
12433.2 1706.51 0
12454.2 1779.54 0
12479.4 1851.35 0
12509.8 1921.38 0
12539.1 1991.83 0
12567.8 2062.56 24.5468
12594.6 2133.91 24.5468
12617.2 2206.51 24.5468
p
57
30
12400 0 0
12389.1 72.0336 0
12378.2 144.067 0
12369.6 216.466 0
12363.3 289.156 0
12358.4 361.964 0
12354.8 434.9 0
12352.7 507.918 0
12351.7 580.98 0
12352.1 654.049 0
12353.8 727.093 0
12357.1 800.075 0
12362.2 872.952 0
12369.2 945.669 0
12378.7 1018.15 0
12390.8 1090.3 0
12405.8 1161.99 0
12422.6 1233.38 0
12441.1 1304.47 0
12460.9 1375.32 0
12481.4 1446.05 0
12502 1516.77 0
12522.3 1587.58 0
12541.8 1658.59 0
12559.8 1729.89 0
12575.9 1801.55 0
12589.5 1873.59 0
12600 1946.02 0
12606.5 2018.82 0
12609.1 2091.83 0
12610.5 2164.85 0
p
58
30
12600 0 0
12600.7 80.1781 0
12601.4 160.356 0
12602.5 240.518 0
12604 320.67 0
12605.6 400.824 0
12607.5 480.975 0
12609.6 561.123 0
12611.8 641.269 0
12614.1 721.413 0
12616.5 801.556 0
12618.8 881.699 0
12621.1 961.843 0
12623.3 1041.99 0
12625.4 1122.14 0
12627.3 1202.29 0
12628.9 1282.44 0
12630.3 1362.6 0
12631.3 1442.76 0
12632 1522.93 0
12632.3 1603.1 0
12632.2 1683.27 0
12631.6 1763.44 0
12630.4 1843.61 0
12628.8 1923.79 -23.6447
12627.2 2003.96 -23.6447
12625.7 2084.13 -23.6447
12624.2 2164.31 -23.6447
12622.8 2244.49 -23.6447
12621.4 2324.68 -23.6447
12620.1 2404.86 0
p
59
30
12800 0 0
12797.6 72.2961 0
12795.2 144.592 0
12792.9 216.888 0
12790.5 289.184 0
12788.1 361.48 0
12785.7 433.776 0
12783.3 506.072 0
12781 578.369 0
12778.6 650.665 0
12776.2 722.961 0
12773.8 795.257 0
12771.4 867.553 0
12769.1 939.849 0
12766.7 1012.14 0
12764.3 1084.44 0
12761.9 1156.74 0
12759.5 1229.03 0
12757.2 1301.33 0
12754.8 1373.63 0
12752.4 1445.92 0
12750 1518.22 0
12747.7 1590.51 0
12745.3 1662.81 0
12742.9 1735.11 0
12740.5 1807.4 0
12738.1 1879.7 0
12735.8 1951.99 0
12733.4 2024.29 0
12731 2096.59 0
12728.6 2168.88 0
p
60
30
13000 0 0
12994.6 77.2774 0
12989.1 154.555 0
12983.7 231.832 0
12978.2 309.109 0
12972.8 386.387 0
12967.3 463.664 0
12961.9 540.941 0
12956.4 618.219 0
12951 695.496 0
12945.5 772.774 0
12940.1 850.051 0
12934.6 927.328 0
12929.2 1004.61 0
12923.7 1081.88 0
12918.3 1159.16 0
12912.8 1236.44 0
12907.4 1313.71 0
12901.9 1390.99 0
12896.5 1468.27 0
12891 1545.55 0
12885.6 1622.82 0
12880.1 1700.1 0
12874.7 1777.38 0
12869.2 1854.66 0
12863.8 1931.93 0
12858.3 2009.21 0
12852.9 2086.49 0
12847.4 2163.77 0
12842 2241.04 0
12836.5 2318.32 0
p
61
30
13200 0 0
13211 77.815 0
13222 155.63 0
13233.2 233.418 0
13244.7 311.167 0
13256.6 388.857 0
13269.1 466.462 0
13282.1 543.981 0
13295.6 621.397 0
13309.9 698.695 0
13324.9 775.86 0
13340.5 852.906 0
13356.8 929.821 0
13373.7 1006.6 0
13391.2 1083.25 0
13409.4 1159.77 0
13428.1 1236.15 0
13447.5 1312.38 0
13467.4 1388.48 0
13487.9 1464.44 0
13508.9 1540.25 0
13530.5 1615.92 0
13552.6 1691.44 0
13575.3 1766.81 0
13598.5 1842.03 0
13622.2 1917.09 0
13646.5 1992 0
13671.3 2066.76 0
13696.6 2141.35 0
13722.3 2215.81 0
13748.2 2290.21 0
p
62
30
13400 0 0
13403 75.7618 0
13406 151.524 0
13409.1 227.275 0
13412.6 303.014 0
13416.3 378.735 0
13420.4 454.428 0
13425.2 530.088 0
13431 605.69 0
13437.8 681.21 0
13445.8 756.617 0
13455 831.913 0
13465.2 907.08 0
13476.5 982.107 0
13488.8 1056.99 0
13502.1 1131.72 0
13516.2 1206.31 0
13531.2 1280.74 0
13547 1355.04 0
13563.5 1429.21 0
13580.5 1503.25 0
13598 1577.2 0
13616 1651.06 0
13634.2 1724.85 0
13652.7 1798.6 0
13671.2 1872.32 0
13689.8 1946.04 0
13708.3 2019.78 -10.3842
13726.6 2093.55 -10.3842
13744.7 2167.39 -10.3842
13762.3 2241.32 0
p
63
30
13600 0 0
13599.6 70.9393 0
13599.2 141.879 0
13599.2 212.823 0
13599.6 283.771 0
13600.6 354.719 0
13602.3 425.664 0
13604.6 496.594 0
13607.3 567.511 0
13610.7 638.411 0
13614.4 709.293 0
13618.7 780.157 0
13623.3 851.002 0
13628.4 921.827 0
13633.8 992.632 0
13639.5 1063.42 0
13645.6 1134.19 0
13652 1204.93 0
13658.6 1275.66 0
13665.4 1346.38 0
13672.5 1417.08 0
13679.7 1487.76 0
13687.2 1558.43 0
13694.8 1629.09 0
13702.6 1699.73 0
13710.4 1770.37 0
13718.4 1840.99 0
13726.5 1911.61 0
13734.6 1982.23 10.3842
13742.7 2052.84 10.3842
13750.7 2123.47 10.3842
p
64
30
13800 0 0
13801.8 70.9674 0
13803.7 141.935 0
13805.5 212.902 0
13807.4 283.87 0
13809.2 354.837 0
13811.1 425.804 0
13812.9 496.772 0
13814.8 567.739 0
13816.6 638.706 0
13818.4 709.674 0
13820.3 780.641 0
13822.1 851.609 0
13824 922.576 0
13825.8 993.543 0
13827.7 1064.51 0
13829.5 1135.48 0
13831.4 1206.45 0
13833.2 1277.41 0
13835 1348.38 0
13836.9 1419.35 0
13838.7 1490.31 0
13840.6 1561.28 0
13842.4 1632.25 0
13844.3 1703.22 0
13846.1 1774.18 0
13847.9 1845.15 0
13849.8 1916.12 0
13851.6 1987.09 0
13853.5 2058.05 0
13855.3 2129.02 0
p
65
30
14000 0 0
14008.5 77.8124 0
14016.9 155.625 0
14025.4 233.437 0
14033.8 311.25 0
14042.3 389.062 0
14050.7 466.874 0
14059.2 544.687 0
14067.6 622.499 0
14076.1 700.311 0
14084.6 778.124 0
14093 855.936 0
14101.5 933.749 0
14109.9 1011.56 0
14118.4 1089.37 0
14126.8 1167.19 0
14135.3 1245 0
14143.8 1322.81 0
14152.2 1400.62 0
14160.7 1478.44 0
14169.1 1556.25 0
14177.6 1634.06 0
14186 1711.87 0
14194.5 1789.68 0
14202.9 1867.5 0
14211.4 1945.31 0
14219.9 2023.12 0
14228.3 2100.93 0
14236.8 2178.75 0
14245.2 2256.56 0
14253.7 2334.37 0
p
66
30
14200 0 0
14208.8 83.1777 0
14217.7 166.355 0
14226.5 249.533 0
14235.3 332.711 0
14244.2 415.888 0
14253 499.066 0
14261.9 582.244 0
14270.7 665.421 0
14279.5 748.599 0
14288.4 831.777 0
14297.2 914.955 0
14306 998.132 0
14314.9 1081.31 0
14323.7 1164.49 0
14332.6 1247.67 0
14341.4 1330.84 0
14350.2 1414.02 0
14359.1 1497.2 0
14367.9 1580.38 0
14376.7 1663.55 0
14385.6 1746.73 0
14394.4 1829.91 0
14403.3 1913.09 0
14412.1 1996.26 0
14420.9 2079.44 0
14429.8 2162.62 0
14438.6 2245.8 0
14447.4 2328.98 0
14456.3 2412.15 0
14465.1 2495.33 0
p
67
30
14400 0 0
14407 87.2319 0
14414 174.464 0
14420.8 261.712 0
14427.3 348.98 0
14433.4 436.27 0
14439.2 523.585 0
14444.6 610.922 0
14449.7 698.277 0
14454.5 785.644 0
14459.2 873.016 0
14463.9 960.381 0
14468.8 1047.73 0
14474.3 1135.03 0
14481.3 1222.23 0
14490.4 1309.24 0
14502.1 1395.92 0
14517 1482.15 0
14535.5 1567.68 0
14558.1 1652.28 0
14584.9 1735.68 0
14616.2 1817.6 0
14651.9 1897.77 0
14692 1975.95 0
14736.4 2051.9 0
14785.3 2125.18 0
14838.3 2195.67 0
14895 2263.37 0
14954.8 2328.56 0
15017.1 2391.42 -4.67797
15082 2451.75 -4.67797
p
68
30
14600 0 0
14585.5 81.9284 0
14571 163.857 0
14557.6 245.97 0
14545.4 328.292 0
14534.9 410.867 0
14526.6 493.71 0
14520.7 576.802 0
14517.6 660.09 0
14517.6 743.49 0
14520.8 826.888 0
14527.5 910.152 0
14537.7 993.135 0
14551.4 1075.69 0
14567.9 1157.79 0
14587 1239.4 0
14608.2 1320.52 0
14631.1 1401.21 0
14655.3 1481.51 0
14680.8 1561.46 0
14707.3 1641.07 0
14735.1 1720.3 0
14764.4 1799.03 0
14795.8 1877 0
14830.4 1953.72 0
14866 2030.06 0
14903.1 2105.74 0
14941.6 2180.74 0
14981.4 2255.04 0
15022.4 2328.69 4.67797
15064.2 2401.91 4.67797
p
69
30
14800 0 0
14798.8 80.1732 0
14797.5 160.346 0
14796.3 240.521 0
14795.3 320.697 0
14794.5 400.875 0
14793.9 481.055 0
14793.7 561.238 0
14793.9 641.421 0
14794.7 721.601 0
14796.2 801.772 0
14798.6 881.925 0
14801.9 962.044 0
14806.5 1042.11 0
14812.2 1122.11 0
14819.2 1202.02 0
14827.4 1281.82 0
14837 1361.49 0
14847.9 1441.01 0
14860.2 1520.34 0
14873.9 1599.47 0
14888.9 1678.37 0
14905.5 1757.01 0
14923.4 1835.38 0
14942.7 1913.44 0
14963.5 1991.17 0
14985.7 2068.55 0
15009.2 2145.56 0
15034.2 2222.18 0
15060.5 2298.4 0
15087.9 2374.27 0
p
70
30
15000 0 0
15007 81.945 0
15014 163.89 0
15021 245.835 0
15028 327.78 0
15035 409.725 0
15042.1 491.67 0
15049.1 573.615 0
15056.1 655.56 0
15063.1 737.505 0
15070.1 819.45 0
15077.1 901.395 0
15084.1 983.34 0
15091.1 1065.29 0
15098.1 1147.23 0
15105.1 1229.18 0
15112.2 1311.12 0
15119.2 1393.07 0
15126.2 1475.01 0
15133.2 1556.96 0
15140.2 1638.9 0
15147.2 1720.85 0
15154.2 1802.79 0
15161.2 1884.74 0
15168.2 1966.68 0
15175.2 2048.63 0
15182.2 2130.57 0
15189.3 2212.52 0
15196.3 2294.46 0
15203.3 2376.41 0
15210.3 2458.35 0
p
71
30
15200 0 0
15205.3 69.4638 0
15210.6 138.928 0
15214.9 208.42 0
15219 277.951 0
15222.7 347.512 0
15226 417.098 0
15229.1 486.705 0
15232 556.328 0
15234.7 625.962 0
15237.4 695.604 0
15240 765.249 0
15242.6 834.892 0
15245.3 904.535 -13.5892
15248 974.18 -13.5892
15250.8 1043.82 -13.5892
15253.8 1113.43 -13.5892
15257.2 1183.02 -13.5892
15261.1 1252.57 -13.5892
15265.6 1322.09 -13.5892
15270.6 1391.59 -13.5892
15275.7 1461.06 0
15280.9 1530.54 0
15286 1600.02 0
15291.1 1669.5 0
15296.2 1738.98 0
15301.3 1808.45 0
15306.5 1877.93 0
15311.6 1947.41 0
15316.7 2016.89 0
15321.8 2086.37 0
p
72
30
15400 0 0
15412.2 77.004 0
15424.4 154.008 0
15434.1 231.42 0
15441.3 309.12 0
15444.4 387.181 0
15441.4 465.423 0
15429.4 543.164 0
15404.7 618.592 0
15375 692.712 0
15341.5 765.688 0
15308.1 838.833 0
15277.9 913.184 13.5892
15255.7 989.741 13.5892
15242.6 1067.85 13.5892
15240.6 1146.61 13.5892
15250.5 1224.42 13.5892
15271.9 1299.7 13.5892
15303.4 1371.38 13.5892
15342.8 1439.17 0
15387.8 1503.57 0
15435.7 1565.95 0
15483.8 1628.13 0
15529.6 1691.94 0
15570.4 1758.73 0
15604.1 1829.13 0
15629.1 1902.93 -14.0406
15645.5 1979.08 -14.0406
15658.6 2056.12 -14.0406
15671 2133.38 -14.0406
15683.4 2210.64 0
p
73
30
15600 0 0
15608.9 63.9119 0
15617.8 127.824 0
15624.8 192.071 0
15630.4 256.466 0
15634.4 321.04 0
15636.8 385.763 0
15637 450.649 0
15638.6 515.788 0
15639.8 580.986 0
15640.8 646.347 0
15643.2 711.893 0
15643.2 777.792 0
15645.3 844.028 0
15643.3 911.144 0
15643.8 978.353 0
15644.4 1045.89 0
15645.1 1113.49 0
15645.6 1180.91 0
15646.3 1248.02 0
15647 1314.86 0
15647.6 1381.6 0
15648.3 1448.48 0
15649.1 1515.63 0
15650.4 1583.07 0
15652.4 1650.65 0
15655.6 1718.07 0
15660.3 1785.07 0
15666.2 1851.49 0
15670.9 1917.5 14.0406
15669.6 1983.14 14.0406
p
74
30
15800 0 0
15796.5 71.6646 0
15792.9 143.329 0
15791.6 215.128 0
15791 286.941 0
15791.6 358.783 0
15793.4 430.631 0
15796.5 502.464 0
15800.8 574.267 0
15805 646.017 0
15810.1 717.716 0
15817.4 789.345 0
15828.2 860.823 0
15845.4 931.71 0
15867.2 1002.05 0
15889.8 1073 0
15911.4 1144.72 0
15929.3 1217.5 0
15941.3 1291.12 -13.6025
15945.5 1365 -13.6025
15941.2 1438.18 -13.6025
15927.8 1509.62 -13.6025
15905.2 1578.35 -13.6025
15874.5 1643.77 -13.6025
15838 1706.11 -13.6025
15798.6 1766.66 0
15760.1 1827.76 0
15727.5 1892.03 0
15704.3 1960.05 0
15686.2 2029.99 14.0406
15669.3 2100.41 14.0406
p
75
30
16000 0 0
16007.8 83.5576 0
16015.7 167.115 0
16026.2 250.372 0
16037.4 333.532 0
16049.5 416.558 0
16061.4 499.551 0
16071.7 582.674 0
16078.2 666.114 0
16080.7 749.841 0
16078.2 833.632 0
16070.4 917.22 0
16057.5 1000.34 0
16039.9 1082.82 0
16018.8 1164.63 0
15995.5 1245.95 0
15971.6 1327.1 13.6025
15948.2 1408.4 13.6025
15925.8 1489.98 13.6025
15904.1 1571.73 13.6025
15882.9 1653.56 13.6025
15862.2 1735.49 13.6025
15842.7 1817.68 0
15826.3 1900.44 0
15813.3 1983.71 0
15803.5 2067.38 0
15796.4 2151.33 0
15791.9 2235.49 0
15789.5 2319.76 0
15788.7 2404.09 -3.78837
15788.5 2488.45 -3.78837
p
76
30
16200 0 0
16196.2 83.4155 0
16192.4 166.831 0
16189.3 250.26 0
16185.1 333.67 0
16179.8 417.038 0
16172.9 500.33 0
16164.3 583.506 0
16153.9 666.46 0
16142.1 749.269 0
16129.1 831.914 0
16115.1 914.407 0
16100.1 996.768 0
16084.3 1079.02 0
16068 1161.19 0
16051.2 1243.3 0
16034.1 1325.4 0
16017.1 1407.52 0
15999.8 1489.63 0
15982.5 1571.74 0
15965.2 1653.87 0
15948 1736.03 0
15931.1 1818.22 0
15914.4 1900.46 0
15898.1 1982.78 0
15882.3 2065.18 0
15867.1 2147.68 0
15852.6 2230.31 0
15838.8 2313.07 0
15825.7 2395.99 3.78837
15813.3 2479.03 3.78837
p
77
30
16400 0 0
16401.1 72.8569 0
16402.2 145.714 0
16403.3 218.571 0
16404.4 291.428 0
16405.5 364.284 0
16406.6 437.141 0
16407.6 509.998 0
16408.7 582.855 0
16409.8 655.712 0
16410.9 728.569 0
16412 801.426 0
16413.1 874.283 0
16414.2 947.139 0
16415.3 1020 0
16416.4 1092.85 0
16417.5 1165.71 0
16418.6 1238.57 0
16419.7 1311.42 0
16420.8 1384.28 0
16421.8 1457.14 0
16422.9 1529.99 0
16424 1602.85 0
16425.1 1675.71 0
16426.2 1748.57 0
16427.3 1821.42 0
16428.4 1894.28 0
16429.5 1967.14 0
16430.6 2039.99 0
16431.7 2112.85 0
16432.8 2185.71 0
p
78
30
16600 0 0
16596.9 71.3091 0
16593.8 142.618 0
16590.7 213.927 0
16587.7 285.236 0
16584.6 356.545 0
16581.5 427.854 0
16578.4 499.164 0
16575.3 570.473 0
16572.2 641.782 0
16569.2 713.091 0
16566.1 784.4 0
16563 855.709 0
16559.9 927.018 0
16556.8 998.327 0
16553.7 1069.64 0
16550.7 1140.95 0
16547.6 1212.25 0
16544.5 1283.56 0
16541.4 1354.87 0
16538.3 1426.18 0
16535.2 1497.49 0
16532.1 1568.8 0
16529.1 1640.11 0
16526 1711.42 0
16522.9 1782.73 0
16519.8 1854.04 0
16516.7 1925.35 0
16513.6 1996.65 0
16510.6 2067.96 0
16507.5 2139.27 0
p
79
30
16800 0 0
16814.5 71.4991 0
16829.1 142.998 0
16843.6 214.514 0
16857.9 286.052 0
16872.1 357.621 0
16886.1 429.227 0
16899.9 500.88 0
16913.4 572.586 0
16926.6 644.353 0
16939.4 716.187 0
16951.8 788.094 0
16963.7 860.079 0
16975.2 932.146 0
16986.1 1004.3 0
16996.4 1076.54 0
17006.1 1148.87 0
17015.1 1221.29 0
17023.4 1293.79 0
17031 1366.39 0
17038.2 1439.01 0
17045.2 1511.66 0
17052.3 1584.31 0
17059.5 1656.94 0
17067.2 1729.53 0
17075.4 1802.04 0
17084.6 1874.44 0
17094.7 1946.7 0
17106.2 2018.77 0
17119.1 2090.59 0
17133.3 2162.16 0
s	0
159 160 161 162 163 194 195 196 227 228 229 
159 160 161 162 163 194 195 196 227 228 229 
b
2 0
0.783099 0.394383 0.840188
160 0 0 1
195 0 0 1
b
2 0
0.197551 0.911647 0.79844
161 0 0 1
162 0 0 1
228 0 0 2
g
0
0.1 2 0 0 1 2 0 2 4
t
2
0
2007.95 2196.3 100
2007.95 2196.3 -100
a
6
0
163 158 196 193 229 226 
1 159 1 195 0 194 0 2640 0.5 2641 0.5 
1 160 1 228 0 195 0 2640 0.5 2641 0.5 
1 161 1 228 0 227 0 2640 0.5 2641 0.5 
1 162 1 228 0 2640 0.5 2641 0.5 
2 228 1 160 0 161 0 162 0 2640 0.5 2641 0.5 
2 227 1 161 0 2640 0.5 2641 0.5 
2 195 1 159 0 160 0 2640 0.5 2641 0.5 
2 194 1 159 0 2640 0.5 2641 0.5 
0 2640 4 159 0.5 160 0.5 161 0.5 162 0.5 228 0.5 227 0.5 195 0.5 194 0.5 
0 2641 4 159 0.5 160 0.5 161 0.5 162 0.5 228 0.5 227 0.5 195 0.5 194 0.5 
NanList DIR 0
d
30
0 0 -10.4102 0 0 -10.4102 0 0 -10.4102 0 0 -10.4102 0 0 10.4102 0 0 10.4102 0 0 10.4102 0 0 10.4102 0 0 0 0 0 0 
s	1
260 262 293 295 
260 261 262 293 294 295 
b
2 0
0.277775 0.76823 0.335223
261 0 0 1
294 0 0 1
g
0
0.1 2 0 0 1 2 0 2 4
t
2
2
2750.44 2435.69 100
2750.44 2435.69 -100
a
4
6
262 259 295 292 
1 260 1 294 0 293 0 2640 0.5 2641 0.5 
1 261 1 294 0 2640 0.5 2641 0.5 
2 294 1 260 0 261 0 2640 0.5 2641 0.5 
2 293 1 260 0 2640 0.5 2641 0.5 
0 2640 2 260 0.5 261 0.5 294 0.5 293 0.5 
0 2641 2 260 0.5 261 0.5 294 0.5 293 0.5 
NanList DIR 0
d
18
0 0 -7.97833 0 0 -7.97833 0 0 7.97833 0 0 7.97833 0 0 0 0 0 0 
s	2
326 328 358 361 388 392 
326 327 328 358 359 360 361 388 389 390 391 392 
b
3 0
0.628871 0.477397 0.55397
327 0 0 1
359 0 0 2
360 0 0 3
389 0 0 1
390 0 0 2
391 0 0 1
g
0
0.1 2 0 0 1 2 0 2 4
t
2
4
3002.98 2022.32 100
3002.98 2022.32 -100
a
6
10
328 325 361 357 392 387 
1 360 1 326 0 390 0 327 0 391 0 2640 0.5 2641 0.5 
1 359 1 326 0 389 0 390 0 2640 0.5 2641 0.5 
1 358 1 389 0 388 0 2640 0.5 2641 0.5 
2 389 1 359 0 358 0 2640 0.5 2641 0.5 
2 390 1 360 0 359 0 2640 0.5 2641 0.5 
2 388 1 358 0 2640 0.5 2641 0.5 
2 391 1 360 0 2640 0.5 2641 0.5 
2 326 1 360 0 359 0 2640 0.5 2641 0.5 
2 327 1 360 0 2640 0.5 2641 0.5 
0 2640 4.5 360 0.5 359 0.5 358 0.5 389 0.5 390 0.5 388 0.5 391 0.5 326 0.5 327 0.5 
0 2641 4.5 360 0.5 359 0.5 358 0.5 389 0.5 390 0.5 388 0.5 391 0.5 326 0.5 327 0.5 
NanList DIR 0
d
33
0 0 -11.4297 0 0 -11.4297 0 0 -11.4297 0 0 11.4297 0 0 11.4297 0 0 11.4297 0 0 11.4297 0 0 11.4297 0 0 11.4297 0 0 0 0 0 0 
s	3
490 493 524 526 556 559 
490 491 492 493 524 525 526 556 557 558 559 
b
3 0
0.95223 0.513401 0.364784
491 0 0 1
492 0 0 1
525 0 0 2
557 0 0 1
558 0 0 3
g
0
0.1 2 0 0 1 2 0 2 4
t
2
6
3982.05 1995.9 100
3982.05 1995.9 -100
a
6
16
493 489 526 523 559 555 
1 557 1 490 0 491 0 524 0 525 0 2640 0.5 2641 0.5 
1 558 1 490 0 491 0 525 0 492 0 2640 0.5 2641 0.5 
1 556 1 524 0 2640 0.5 2641 0.5 
2 490 1 557 0 558 0 2640 0.5 2641 0.5 
2 491 1 557 0 558 0 2640 0.5 2641 0.5 
2 492 1 558 0 2640 0.5 2641 0.5 
2 524 1 557 0 556 0 2640 0.5 2641 0.5 
2 525 1 557 0 558 0 2640 0.5 2641 0.5 
0 2640 4 557 0.5 558 0.5 556 0.5 490 0.5 491 0.5 492 0.5 524 0.5 525 0.5 
0 2641 4 557 0.5 558 0.5 556 0.5 490 0.5 491 0.5 492 0.5 524 0.5 525 0.5 
NanList DIR 0
d
30
0 0 -12.1523 0 0 -12.1523 0 0 -12.1523 0 0 12.1523 0 0 12.1523 0 0 12.1523 0 0 12.1523 0 0 12.1523 0 0 0 0 0 0 
s	4
587 588 589 590 591 592 620 621 622 623 624 625 653 654 655 656 
587 588 589 590 591 592 620 621 622 623 624 625 653 654 655 656 
b
2 0
0.717297 0.635712 0.916195
588 0 0 1
589 0 0 2
590 0 0 2
621 0 0 2
622 0 0 2
623 0 0 1
b
3 0
0.0163006 0.606969 0.141603
591 0 0 2
624 0 0 1
654 0 0 1
655 0 0 2
g
0
0.1 2 0 0 1 2 0 2 4
t
2
8
4584.25 2257.43 100
4584.25 2257.43 -100
a
6
22
592 586 625 619 656 652 
1 590 1 654 0 622 0 623 0 653 0 2640 0.5 2641 0.5 
1 588 1 622 0 620 0 621 0 2640 0.5 2641 0.5 
1 591 1 654 0 653 0 655 0 2640 0.5 2641 0.5 
1 589 1 622 0 621 0 2640 0.5 2641 0.5 
1 587 1 620 0 2640 0.5 2641 0.5 
2 622 1 590 0 588 0 589 0 2640 0.5 2641 0.5 
2 620 1 588 0 587 0 2640 0.5 2641 0.5 
2 621 1 588 0 589 0 2640 0.5 2641 0.5 
2 623 1 590 0 654 0 2640 0.5 2641 0.5 
2 624 1 654 0 655 0 2640 0.5 2641 0.5 
3 654 1 590 0 591 0 623 0 624 0 2640 0.5 2641 0.5 
3 653 1 590 0 591 0 2640 0.5 2641 0.5 
3 655 1 591 0 624 0 2640 0.5 2641 0.5 
0 2640 6.5 590 0.5 588 0.5 591 0.5 589 0.5 587 0.5 622 0.5 620 0.5 621 0.5 623 0.5 624 0.5 654 0.5 653 0.5 655 0.5 
0 2641 6.5 590 0.5 588 0.5 591 0.5 589 0.5 587 0.5 622 0.5 620 0.5 621 0.5 623 0.5 624 0.5 654 0.5 653 0.5 655 0.5 
NanList DIR 0
d
45
0 0 -25.4288 0 0 -25.4288 0 0 -25.4288 0 0 -25.4288 0 0 -25.4288 0 0 0 0 0 0 0 0 0 0 0 0 0 0 0 0 0 7.48957 0 0 7.48957 0 0 7.48957 0 0 0 0 0 0 
s	5
603 611 635 641 
603 604 605 606 607 608 609 610 611 635 636 637 638 639 640 641 
b
2 0
0.804177 0.137232 0.242887
604 0 0 1
605 0 0 2
606 0 0 2
607 0 0 3
608 0 0 3
609 0 0 2
610 0 0 1
636 0 0 2
637 0 0 3
638 0 0 3
639 0 0 3
640 0 0 3
g
0
0.1 2 0 0 1 2 0 2 4
t
2
10
4677.47 1004.72 100
4677.47 1004.72 -100
a
4
28
611 602 641 634 
1 606 1 636 0 637 0 638 0 2640 0.5 2641 0.5 
1 607 1 637 0 638 0 639 0 2640 0.5 2641 0.5 
1 608 1 638 0 639 0 640 0 2640 0.5 2641 0.5 
1 604 1 636 0 635 0 2640 0.5 2641 0.5 
1 605 1 636 0 637 0 2640 0.5 2641 0.5 
1 609 1 639 0 640 0 2640 0.5 2641 0.5 
1 603 1 635 0 2640 0.5 2641 0.5 
1 610 1 640 0 2640 0.5 2641 0.5 
2 636 1 606 0 604 0 605 0 2640 0.5 2641 0.5 
2 637 1 606 0 607 0 605 0 2640 0.5 2641 0.5 
2 638 1 606 0 607 0 608 0 2640 0.5 2641 0.5 
2 639 1 607 0 608 0 609 0 2640 0.5 2641 0.5 
2 640 1 608 0 609 0 610 0 2640 0.5 2641 0.5 
2 635 1 604 0 603 0 2640 0.5 2641 0.5 
0 2640 7 606 0.5 607 0.5 608 0.5 604 0.5 605 0.5 609 0.5 603 0.5 610 0.5 636 0.5 637 0.5 638 0.5 639 0.5 640 0.5 635 0.5 
0 2641 7 606 0.5 607 0.5 608 0.5 604 0.5 605 0.5 609 0.5 603 0.5 610 0.5 636 0.5 637 0.5 638 0.5 639 0.5 640 0.5 635 0.5 
NanList DIR 0
d
48
0 0 -12.5657 0 0 -12.5657 0 0 -12.5657 0 0 -12.5657 0 0 -12.5657 0 0 -12.5657 0 0 -12.5657 0 0 -12.5657 0 0 12.5657 0 0 12.5657 0 0 12.5657 0 0 12.5657 0 0 12.5657 0 0 12.5657 0 0 0 0 0 0 
s	6
686 691 720 724 
686 687 688 689 690 691 720 721 722 723 724 
b
2 0
0.12979 0.400944 0.156679
687 0 0 1
688 0 0 3
689 0 0 2
690 0 0 1
721 0 0 2
722 0 0 2
723 0 0 3
g
0
0.1 2 0 0 1 2 0 2 4
t
2
12
5124.31 2118.65 100
5124.31 2118.65 -100
a
4
32
691 685 724 719 
1 687 1 722 0 720 0 721 0 2640 0.5 2641 0.5 
1 688 1 722 0 723 0 721 0 2640 0.5 2641 0.5 
1 689 1 722 0 723 0 2640 0.5 2641 0.5 
1 686 1 720 0 2640 0.5 2641 0.5 
1 690 1 723 0 2640 0.5 2641 0.5 
2 722 1 687 0 688 0 689 0 2640 0.5 2641 0.5 
2 723 1 688 0 689 0 690 0 2640 0.5 2641 0.5 
2 720 1 687 0 686 0 2640 0.5 2641 0.5 
2 721 1 687 0 688 0 2640 0.5 2641 0.5 
0 2640 4.5 687 0.5 688 0.5 689 0.5 686 0.5 690 0.5 722 0.5 723 0.5 720 0.5 721 0.5 
0 2641 4.5 687 0.5 688 0.5 689 0.5 686 0.5 690 0.5 722 0.5 723 0.5 720 0.5 721 0.5 
NanList DIR 0
d
33
0 0 -11.1525 0 0 -11.1525 0 0 -11.1525 0 0 -11.1525 0 0 -11.1525 0 0 11.1525 0 0 11.1525 0 0 11.1525 0 0 11.1525 0 0 0 0 0 0 
s	7
1019 1021 1051 1054 1084 1087 
1019 1020 1021 1051 1052 1053 1054 1084 1085 1086 1087 
b
3 0
0.218257 0.998924 0.108809
1020 0 0 1
1052 0 0 2
1053 0 0 3
1085 0 0 2
1086 0 0 2
g
0
0.1 2 0 0 1 2 0 2 4
t
2
14
7167.32 2271.76 100
7167.32 2271.76 -100
a
6
36
1021 1018 1054 1050 1087 1083 
1 1052 1 1085 0 1019 0 1084 0 1086 0 2640 0.5 2641 0.5 
1 1053 1 1085 0 1019 0 1086 0 1020 0 2640 0.5 2641 0.5 
1 1051 1 1085 0 1084 0 2640 0.5 2641 0.5 
2 1085 1 1052 0 1053 0 1051 0 2640 0.5 2641 0.5 
2 1084 1 1052 0 1051 0 2640 0.5 2641 0.5 
2 1086 1 1052 0 1053 0 2640 0.5 2641 0.5 
2 1019 1 1052 0 1053 0 2640 0.5 2641 0.5 
2 1020 1 1053 0 2640 0.5 2641 0.5 
0 2640 4 1052 0.5 1053 0.5 1051 0.5 1085 0.5 1084 0.5 1086 0.5 1019 0.5 1020 0.5 
0 2641 4 1052 0.5 1053 0.5 1051 0.5 1085 0.5 1084 0.5 1086 0.5 1019 0.5 1020 0.5 
NanList DIR 0
d
30
0 0 -13.3024 0 0 -13.3024 0 0 -13.3024 0 0 13.3024 0 0 13.3024 0 0 13.3024 0 0 13.3024 0 0 13.3024 0 0 0 0 0 0 
s	8
1279 1283 1315 1318 1349 1351 
1279 1280 1281 1282 1283 1315 1316 1317 1318 1349 1350 1351 
b
3 0
0.61264 0.839112 0.512932
1280 0 0 2
1281 0 0 3
1282 0 0 2
1316 0 0 2
1317 0 0 3
1350 0 0 2
g
0
0.1 2 0 0 1 2 0 2 4
t
2
16
8567.69 2109.77 100
8567.69 2109.77 -100
a
6
42
1283 1278 1318 1314 1351 1348 
1 1280 1 1316 0 1317 0 1349 0 1315 0 2640 0.5 2641 0.5 
1 1281 1 1316 0 1317 0 1349 0 1350 0 2640 0.5 2641 0.5 
1 1282 1 1317 0 1349 0 1350 0 2640 0.5 2641 0.5 
1 1279 1 1316 0 2640 0.5 2641 0.5 
2 1316 1 1280 0 1281 0 1279 0 2640 0.5 2641 0.5 
2 1317 1 1280 0 1281 0 1282 0 2640 0.5 2641 0.5 
2 1315 1 1280 0 2640 0.5 2641 0.5 
2 1349 1 1280 0 1281 0 1282 0 2640 0.5 2641 0.5 
2 1350 1 1281 0 1282 0 2640 0.5 2641 0.5 
0 2640 4.5 1280 0.5 1281 0.5 1282 0.5 1279 0.5 1316 0.5 1317 0.5 1315 0.5 1349 0.5 1350 0.5 
0 2641 4.5 1280 0.5 1281 0.5 1282 0.5 1279 0.5 1316 0.5 1317 0.5 1315 0.5 1349 0.5 1350 0.5 
NanList DIR 0
d
33
0 0 -12.1389 0 0 -12.1389 0 0 -12.1389 0 0 -12.1389 0 0 12.1389 0 0 12.1389 0 0 12.1389 0 0 12.1389 0 0 12.1389 0 0 0 0 0 0 
s	9
1439 1443 1471 1475 
1439 1440 1441 1442 1443 1471 1472 1473 1474 1475 
b
2 0
0.524287 0.637552 0.296032
1440 0 0 2
1441 0 0 2
1442 0 0 1
1472 0 0 1
1473 0 0 2
1474 0 0 2
g
0
0.1 2 0 0 1 2 0 2 4
t
2
18
9600.58 1639.86 100
9600.58 1639.86 -100
a
4
48
1443 1438 1475 1470 
1 1439 1 1472 0 1471 0 2640 0.5 2641 0.5 
1 1440 1 1472 0 1473 0 2640 0.5 2641 0.5 
1 1441 1 1473 0 1474 0 2640 0.5 2641 0.5 
1 1442 1 1474 0 2640 0.5 2641 0.5 
2 1472 1 1439 0 1440 0 2640 0.5 2641 0.5 
2 1473 1 1440 0 1441 0 2640 0.5 2641 0.5 
2 1474 1 1441 0 1442 0 2640 0.5 2641 0.5 
2 1471 1 1439 0 2640 0.5 2641 0.5 
0 2640 4 1439 0.5 1440 0.5 1441 0.5 1442 0.5 1472 0.5 1473 0.5 1474 0.5 1471 0.5 
0 2641 4 1439 0.5 1440 0.5 1441 0.5 1442 0.5 1472 0.5 1473 0.5 1474 0.5 1471 0.5 
NanList DIR 0
d
30
0 0 -9.69063 0 0 -9.69063 0 0 -9.69063 0 0 -9.69063 0 0 9.69063 0 0 9.69063 0 0 9.69063 0 0 9.69063 0 0 0 0 0 0 
s	10
1480 1483 1514 1516 1545 1549 1580 1582 
1480 1481 1482 1483 1514 1515 1516 1545 1546 1547 1548 1549 1580 1581 1582 
b
4 0
0.292517 0.972775 0.493583
1481 0 0 3
1482 0 0 3
1515 0 0 3
1546 0 0 1
1547 0 0 3
1548 0 0 2
1581 0 0 1
g
0
0.1 2 0 0 1 2 0 2 4
t
2
20
10042.5 2111.08 100
10042.5 2111.08 -100
a
8
52
1483 1479 1516 1513 1549 1544 1582 1579 
1 1481 1 1515 0 1546 0 1547 0 1548 0 1580 0 1581 0 2640 0.5 2641 0.5 
1 1480 1 1515 0 1546 0 1547 0 1514 0 2640 0.5 2641 0.5 
1 1482 1 1547 0 1548 0 1580 0 1581 0 2640 0.5 2641 0.5 
2 1546 1 1481 0 1480 0 1515 0 1514 0 2640 0.5 2641 0.5 
2 1547 1 1481 0 1480 0 1482 0 1515 0 2640 0.5 2641 0.5 
2 1548 1 1481 0 1482 0 2640 0.5 2641 0.5 
2 1545 1 1514 0 2640 0.5 2641 0.5 
3 1515 1 1481 0 1480 0 1546 0 1547 0 2640 0.5 2641 0.5 
3 1514 1 1480 0 1546 0 1545 0 2640 0.5 2641 0.5 
2 1580 1 1481 0 1482 0 2640 0.5 2641 0.5 
2 1581 1 1481 0 1482 0 2640 0.5 2641 0.5 
0 2640 5.5 1481 0.5 1480 0.5 1482 0.5 1546 0.5 1547 0.5 1548 0.5 1545 0.5 1515 0.5 1514 0.5 1580 0.5 1581 0.5 
0 2641 5.5 1481 0.5 1480 0.5 1482 0.5 1546 0.5 1547 0.5 1548 0.5 1545 0.5 1515 0.5 1514 0.5 1580 0.5 1581 0.5 
NanList DIR 0
d
39
0 0 -26.7879 0 0 -26.7879 0 0 -26.7879 0 0 0 0 0 0 0 0 0 0 0 0 0 0 24.6483 0 0 24.6483 0 0 0 0 0 0 0 0 0 0 0 0 
s	11
1612 1615 1645 1648 1678 1680 
1612 1613 1614 1615 1645 1646 1647 1648 1678 1679 1680 
b
3 0
0.769914 0.526745 0.771358
1613 0 0 2
1614 0 0 2
1646 0 0 1
1647 0 0 3
1679 0 0 2
g
0
0.1 2 0 0 1 2 0 2 4
t
2
22
10475.4 1968.59 100
10475.4 1968.59 -100
a
6
60
1615 1611 1648 1644 1680 1677 
1 1614 1 1646 0 1647 0 1678 0 1679 0 2640 0.5 2641 0.5 
1 1613 1 1646 0 1647 0 1678 0 2640 0.5 2641 0.5 
1 1612 1 1646 0 1645 0 2640 0.5 2641 0.5 
2 1646 1 1614 0 1678 0 1613 0 1612 0 2640 0.5 2641 0.5 
2 1647 1 1614 0 1678 0 1613 0 1679 0 2640 0.5 2641 0.5 
2 1645 1 1612 0 2640 0.5 2641 0.5 
3 1678 1 1614 0 1646 0 1647 0 1613 0 2640 0.5 2641 0.5 
3 1679 1 1614 0 1647 0 2640 0.5 2641 0.5 
0 2640 4 1614 0.5 1613 0.5 1612 0.5 1646 0.5 1647 0.5 1645 0.5 1678 0.5 1679 0.5 
0 2641 4 1614 0.5 1613 0.5 1612 0.5 1646 0.5 1647 0.5 1645 0.5 1678 0.5 1679 0.5 
NanList DIR 0
d
30
0 0 -24.7068 0 0 -24.7068 0 0 -24.7068 0 0 0 0 0 0 0 0 0 0 0 13.931 0 0 13.931 0 0 0 0 0 0 
s	12
1844 1846 1876 1879 1908 1912 1938 1944 
1844 1845 1846 1876 1877 1878 1879 1908 1909 1910 1911 1912 1938 1939 1940 1941 1942 1943 1944 
b
4 0
0.283315 0.891529 0.400229
1845 0 0 3
1877 0 0 1
1878 0 0 4
1909 0 0 2
1910 0 0 3
1911 0 0 5
1939 0 0 2
1940 0 0 3
1941 0 0 3
1942 0 0 3
1943 0 0 1
g
0
0.1 2 0 0 1 2 0 2 4
t
2
24
12608.9 2117.76 100
12608.9 2117.76 -100
a
8
66
1846 1843 1879 1875 1912 1907 1944 1937 
1 1941 1 1877 0 1878 0 1910 0 1911 0 1844 0 1845 0 2640 0.5 2641 0.5 
1 1940 1 1877 0 1910 0 1911 0 1909 0 2640 0.5 2641 0.5 
1 1942 1 1878 0 1911 0 1844 0 1845 0 2640 0.5 2641 0.5 
1 1939 1 1910 0 1909 0 1908 0 2640 0.5 2641 0.5 
1 1938 1 1909 0 1908 0 2640 0.5 2641 0.5 
1 1943 1 1845 0 2640 0.5 2641 0.5 
2 1910 1 1941 0 1877 0 1940 0 1939 0 1876 0 2640 0.5 2641 0.5 
2 1911 1 1941 0 1877 0 1878 0 1940 0 1942 0 2640 0.5 2641 0.5 
2 1909 1 1940 0 1939 0 1938 0 2640 0.5 2641 0.5 
2 1908 1 1939 0 1938 0 2640 0.5 2641 0.5 
3 1877 1 1941 0 1910 0 1911 0 1844 0 1940 0 2640 0.5 2641 0.5 
3 1878 1 1941 0 1911 0 1844 0 1845 0 1942 0 2640 0.5 2641 0.5 
3 1876 1 1910 0 2640 0.5 2641 0.5 
2 1844 1 1941 0 1877 0 1878 0 1942 0 2640 0.5 2641 0.5 
2 1845 1 1941 0 1878 0 1942 0 1943 0 2640 0.5 2641 0.5 
0 2640 7.5 1941 0.5 1940 0.5 1942 0.5 1939 0.5 1938 0.5 1943 0.5 1910 0.5 1911 0.5 1909 0.5 1908 0.5 1877 0.5 1878 0.5 1876 0.5 1844 0.5 1845 0.5 
0 2641 7.5 1941 0.5 1940 0.5 1942 0.5 1939 0.5 1938 0.5 1943 0.5 1910 0.5 1911 0.5 1909 0.5 1908 0.5 1877 0.5 1878 0.5 1876 0.5 1844 0.5 1845 0.5 
NanList DIR 0
d
51
0 0 -23.6447 0 0 -23.6447 0 0 -23.6447 0 0 -23.6447 0 0 -23.6447 0 0 -23.6447 0 0 0 0 0 0 0 0 0 0 0 0 0 0 24.5468 0 0 24.5468 0 0 24.5468 0 0 0 0 0 0 0 0 0 0 0 0 
s	13
2073 2076 2107 2110 
2073 2074 2075 2076 2107 2108 2109 2110 
b
2 0
0.919026 0.807725 0.352458
2074 0 0 2
2075 0 0 1
2108 0 0 1
2109 0 0 2
g
0
0.1 2 0 0 1 2 0 2 4
t
2
26
13734.6 2073.21 100
13734.6 2073.21 -100
a
4
74
2076 2072 2110 2106 
1 2073 1 2108 0 2107 0 2640 0.5 2641 0.5 
1 2074 1 2108 0 2109 0 2640 0.5 2641 0.5 
1 2075 1 2109 0 2640 0.5 2641 0.5 
2 2108 1 2073 0 2074 0 2640 0.5 2641 0.5 
2 2109 1 2074 0 2075 0 2640 0.5 2641 0.5 
2 2107 1 2073 0 2640 0.5 2641 0.5 
0 2640 3 2073 0.5 2074 0.5 2075 0.5 2108 0.5 2109 0.5 2107 0.5 
0 2641 3 2073 0.5 2074 0.5 2075 0.5 2108 0.5 2109 0.5 2107 0.5 
NanList DIR 0
d
24
0 0 -10.3842 0 0 -10.3842 0 0 -10.3842 0 0 10.3842 0 0 10.3842 0 0 10.3842 0 0 0 0 0 0 
s	14
2240 2242 2273 2275 
2240 2241 2242 2273 2274 2275 
b
2 0
0.525995 0.949327 0.0697553
2241 0 0 1
2274 0 0 1
g
0
0.1 2 0 0 1 2 0 2 4
t
2
28
15046.4 2393.44 100
15046.4 2393.44 -100
a
4
78
2242 2239 2275 2272 
1 2240 1 2274 0 2273 0 2640 0.5 2641 0.5 
1 2241 1 2274 0 2640 0.5 2641 0.5 
2 2274 1 2240 0 2241 0 2640 0.5 2641 0.5 
2 2273 1 2240 0 2640 0.5 2641 0.5 
0 2640 2 2240 0.5 2241 0.5 2274 0.5 2273 0.5 
0 2641 2 2240 0.5 2241 0.5 2274 0.5 2273 0.5 
NanList DIR 0
d
18
0 0 -4.67797 0 0 -4.67797 0 0 4.67797 0 0 4.67797 0 0 0 0 0 0 
s	15
2356 2364 2388 2395 
2356 2357 2358 2359 2360 2361 2362 2363 2364 2388 2389 2390 2391 2392 2393 2394 2395 
b
2 0
0.663227 0.192214 0.0860558
2357 0 0 2
2358 0 0 3
2359 0 0 2
2360 0 0 2
2361 0 0 2
2362 0 0 2
2363 0 0 2
2389 0 0 2
2390 0 0 3
2391 0 0 3
2392 0 0 2
2393 0 0 3
2394 0 0 2
g
0
0.1 2 0 0 1 2 0 2 4
t
2
30
15259.7 1146.54 100
15259.7 1146.54 -100
a
4
82
2364 2355 2395 2387 
1 2357 1 2389 0 2390 0 2388 0 2640 0.5 2641 0.5 
1 2358 1 2389 0 2390 0 2391 0 2640 0.5 2641 0.5 
1 2362 1 2392 0 2393 0 2394 0 2640 0.5 2641 0.5 
1 2356 1 2389 0 2388 0 2640 0.5 2641 0.5 
1 2359 1 2390 0 2391 0 2640 0.5 2641 0.5 
1 2360 1 2391 0 2392 0 2640 0.5 2641 0.5 
1 2361 1 2392 0 2393 0 2640 0.5 2641 0.5 
1 2363 1 2393 0 2394 0 2640 0.5 2641 0.5 
2 2389 1 2357 0 2358 0 2356 0 2640 0.5 2641 0.5 
2 2390 1 2357 0 2358 0 2359 0 2640 0.5 2641 0.5 
2 2391 1 2358 0 2359 0 2360 0 2640 0.5 2641 0.5 
2 2392 1 2362 0 2360 0 2361 0 2640 0.5 2641 0.5 
2 2393 1 2362 0 2361 0 2363 0 2640 0.5 2641 0.5 
2 2388 1 2357 0 2356 0 2640 0.5 2641 0.5 
2 2394 1 2362 0 2363 0 2640 0.5 2641 0.5 
0 2640 7.5 2357 0.5 2358 0.5 2362 0.5 2356 0.5 2359 0.5 2360 0.5 2361 0.5 2363 0.5 2389 0.5 2390 0.5 2391 0.5 2392 0.5 2393 0.5 2388 0.5 2394 0.5 
0 2641 7.5 2357 0.5 2358 0.5 2362 0.5 2356 0.5 2359 0.5 2360 0.5 2361 0.5 2363 0.5 2389 0.5 2390 0.5 2391 0.5 2392 0.5 2393 0.5 2388 0.5 2394 0.5 
NanList DIR 0
d
51
0 0 -13.5892 0 0 -13.5892 0 0 -13.5892 0 0 -13.5892 0 0 -13.5892 0 0 -13.5892 0 0 -13.5892 0 0 -13.5892 0 0 13.5892 0 0 13.5892 0 0 13.5892 0 0 13.5892 0 0 13.5892 0 0 13.5892 0 0 13.5892 0 0 0 0 0 0 
s	16
2402 2406 2438 2440 2471 2473 
2402 2403 2404 2405 2406 2438 2439 2440 2471 2472 2473 
b
3 0
0.0641713 0.348893 0.890233
2403 0 0 1
2404 0 0 2
2405 0 0 1
2439 0 0 2
2472 0 0 2
g
0
0.1 2 0 0 1 2 0 2 4
t
2
32
15662.5 2012.82 100
15662.5 2012.82 -100
a
6
86
2406 2401 2440 2437 2473 2470 
1 2403 1 2438 0 2439 0 2471 0 2640 0.5 2641 0.5 
1 2404 1 2439 0 2471 0 2472 0 2640 0.5 2641 0.5 
1 2402 1 2438 0 2640 0.5 2641 0.5 
1 2405 1 2472 0 2640 0.5 2641 0.5 
2 2438 1 2403 0 2402 0 2640 0.5 2641 0.5 
2 2439 1 2403 0 2404 0 2640 0.5 2641 0.5 
2 2471 1 2403 0 2404 0 2640 0.5 2641 0.5 
2 2472 1 2404 0 2405 0 2640 0.5 2641 0.5 
0 2640 4 2403 0.5 2404 0.5 2402 0.5 2405 0.5 2438 0.5 2439 0.5 2471 0.5 2472 0.5 
0 2641 4 2403 0.5 2404 0.5 2402 0.5 2405 0.5 2438 0.5 2439 0.5 2471 0.5 2472 0.5 
NanList DIR 0
d
30
0 0 -14.0406 0 0 -14.0406 0 0 -14.0406 0 0 -14.0406 0 0 14.0406 0 0 14.0406 0 0 14.0406 0 0 14.0406 0 0 0 0 0 0 
s	17
2460 2467 2491 2497 
2460 2461 2462 2463 2464 2465 2466 2467 2491 2492 2493 2494 2495 2496 2497 
b
2 0
0.0630958 0.457702 0.020023
2461 0 0 1
2462 0 0 2
2463 0 0 2
2464 0 0 3
2465 0 0 3
2466 0 0 2
2492 0 0 2
2493 0 0 3
2494 0 0 3
2495 0 0 3
2496 0 0 2
g
0
0.1 2 0 0 1 2 0 2 4
t
2
34
15912.9 1516.8 100
15912.9 1516.8 -100
a
4
92
2467 2459 2497 2490 
1 2461 1 2493 0 2492 0 2491 0 2640 0.5 2641 0.5 
1 2463 1 2493 0 2492 0 2494 0 2640 0.5 2641 0.5 
1 2464 1 2493 0 2494 0 2495 0 2640 0.5 2641 0.5 
1 2465 1 2494 0 2495 0 2496 0 2640 0.5 2641 0.5 
1 2462 1 2493 0 2492 0 2640 0.5 2641 0.5 
1 2466 1 2495 0 2496 0 2640 0.5 2641 0.5 
1 2460 1 2491 0 2640 0.5 2641 0.5 
2 2493 1 2461 0 2463 0 2464 0 2462 0 2640 0.5 2641 0.5 
2 2492 1 2461 0 2463 0 2462 0 2640 0.5 2641 0.5 
2 2494 1 2463 0 2464 0 2465 0 2640 0.5 2641 0.5 
2 2495 1 2464 0 2465 0 2466 0 2640 0.5 2641 0.5 
2 2491 1 2461 0 2460 0 2640 0.5 2641 0.5 
2 2496 1 2465 0 2466 0 2640 0.5 2641 0.5 
0 2640 6.5 2461 0.5 2463 0.5 2464 0.5 2465 0.5 2462 0.5 2466 0.5 2460 0.5 2493 0.5 2492 0.5 2494 0.5 2495 0.5 2491 0.5 2496 0.5 
0 2641 6.5 2461 0.5 2463 0.5 2464 0.5 2465 0.5 2462 0.5 2466 0.5 2460 0.5 2493 0.5 2492 0.5 2494 0.5 2495 0.5 2491 0.5 2496 0.5 
NanList DIR 0
d
45
0 0 -13.6025 0 0 -13.6025 0 0 -13.6025 0 0 -13.6025 0 0 -13.6025 0 0 -13.6025 0 0 -13.6025 0 0 13.6025 0 0 13.6025 0 0 13.6025 0 0 13.6025 0 0 13.6025 0 0 13.6025 0 0 0 0 0 0 
s	18
2504 2506 2537 2539 
2504 2505 2506 2537 2538 2539 
b
2 0
0.902208 0.970634 0.23828
2505 0 0 1
2538 0 0 1
g
0
0.1 2 0 0 1 2 0 2 4
t
2
36
15804 2441.89 100
15804 2441.89 -100
a
4
96
2506 2503 2539 2536 
1 2504 1 2538 0 2537 0 2640 0.5 2641 0.5 
1 2505 1 2538 0 2640 0.5 2641 0.5 
2 2538 1 2504 0 2505 0 2640 0.5 2641 0.5 
2 2537 1 2504 0 2640 0.5 2641 0.5 
0 2640 2 2504 0.5 2505 0.5 2538 0.5 2537 0.5 
0 2641 2 2504 0.5 2505 0.5 2538 0.5 2537 0.5 
NanList DIR 0
d
18
0 0 -3.78837 0 0 -3.78837 0 0 3.78837 0 0 3.78837 0 0 0 0 0 0 
