33 0.1 0.1 0.3 1 0 18 1
p
0
30
1000 0 0
999.137 78.4932 0
998.275 156.986 0
998.86 235.305 0
998.179 313.652 0
997.292 392.033 0
995.81 470.41 0
993.678 548.776 0
990.903 627.128 0
987.543 705.463 0
983.7 783.781 0
979.504 862.087 0
975.108 940.386 0
970.675 1018.68 0
966.37 1096.98 0
962.347 1175.3 0
958.741 1253.62 0
955.656 1331.96 0
953.157 1410.31 0
951.259 1488.68 0
949.915 1567.05 0
949.008 1645.42 0
948.341 1723.79 0
947.805 1802.16 0
947.816 1880.53 0
948.477 1958.91 0
949.849 2037.29 0
952.02 2115.69 0
955.018 2194.09 0
958.819 2272.51 -9.24917
964.141 2350.93 -9.24917
p
1
30
1200 0 0
1204.02 67.3754 0
1208.04 134.751 0
1208.83 202.532 0
1205.8 270.412 0
1201.68 338.238 0
1196.17 406.1 0
1190.44 474.072 0
1184.96 542.103 0
1179.84 610.227 0
1175.12 678.414 0
1170.71 746.62 0
1166.47 814.795 0
1162.18 882.901 0
1157.66 950.911 0
1152.75 1018.82 0
1147.31 1086.62 0
1141.28 1154.35 0
1134.65 1222.02 0
1127.47 1289.67 0
1119.83 1357.33 0
1111.88 1425.02 0
1103.77 1492.76 0
1095.63 1560.56 0
1087.57 1628.39 0
1079.59 1696.26 0
1071.52 1764.13 0
1062.96 1831.96 0
1053.2 1899.68 0
1041.79 1967.17 -7.98592
1030.29 2034.61 -7.98592
p
2
30
1400 0 0
1401.03 80.8585 0
1402.06 161.717 0
1405.5 242.517 0
1410.79 323.211 0
1417.2 403.819 0
1423.83 484.379 0
1429.03 564.996 0
1431.42 645.78 0
1429.68 726.588 0
1422.71 807.156 0
1410.97 887.243 0
1394.4 966.592 0
1373.45 1045.05 0
1348.87 1122.61 0
1321.58 1199.39 0
1292.63 1275.65 0
1263.19 1351.74 0
1234.42 1428.03 0
1207.49 1504.87 0
1183.2 1582.51 0
1161.24 1660.82 0
1140.56 1739.43 0
1118.59 1817.72 0
1095.51 1895.88 0
1072.42 1974.24 5.32395
1050.27 2053.01 5.32395
1030.29 2132.45 5.32395
1012.45 2212.56 0
995.585 2292.94 9.24917
978.584 2373.23 9.24917
p
3
30
1600 0 0
1608.4 90.3569 0
1616.8 180.714 0
1627.31 270.862 0
1637.83 361.01 0
1646.67 451.375 0
1652.44 542.042 0
1653.78 632.964 0
1652.47 723.922 0
1647.51 814.819 0
1638.35 905.451 0
1623.64 995.434 0
1601.36 1083.98 0
1568.16 1169.38 0
1520.9 1248.65 0
1461.03 1319.86 0
1393.45 1384.68 0
1326.39 1450.33 0
1265.53 1521.33 0
1217.68 1600.83 0
1187.75 1687.9 0
1179.73 1779.1 0
1200.47 1868.16 0
1246.21 1947.72 0
1308.81 2015.67 0
1380.05 2075.4 0
1452.58 2133.99 0
1518.9 2199.54 -16.3479
1572.38 2276.05 -16.3479
1617.01 2358.37 -16.3479
1659.84 2441.92 -16.3479
p
4
30
1800 0 0
1793.05 73.8795 0
1786.1 147.759 0
1779.21 221.651 0
1771.96 295.514 0
1764.12 369.329 0
1755.54 443.076 0
1746.14 516.737 0
1736.18 590.34 0
1725.56 663.874 0
1714.3 737.339 0
1702.58 810.773 0
1690.27 884.171 0
1677.56 957.615 0
1665.66 1031.44 0
1656.8 1106.23 0
1650.53 1181.76 0
1642.11 1257.07 0
1632.71 1332.39 0
1622.48 1407.64 0
1612.4 1482.96 0
1601.08 1558.17 0
1589.64 1633.57 0
1578.46 1709.3 0
1567.98 1785.5 0
1558.8 1862.2 0
1551.74 1939.39 0
1548.17 2016.93 0
1550.41 2094.43 0
1562.27 2170.78 13.0783
1585.49 2243.95 13.0783
p
5
30
2000 0 0
2005.15 90.0374 0
2010.3 180.075 0
2016.16 270.067 0
2022.17 360.05 0
2028.14 450.034 0
2033.96 540.028 0
2039.62 630.03 0
2046.18 719.975 0
2054.09 809.822 0
2064.29 899.466 0
2078.82 988.606 0
2098.37 1076.92 0
2121.14 1164.51 0
2141.85 1252.49 0
2155.91 1341.63 0
2159.98 1431.66 0
2150.67 1521.33 0
2126.28 1608.29 0
2086.91 1690.04 0
2034.45 1764.87 0
1972.11 1832.69 0
1903.8 1895.36 0
1833.75 1956.44 0
1766.55 2020.29 0
1707.41 2090.8 0
1662.17 2169.91 0
1636.63 2256.55 13.0783
1630.3 2346.41 13.0783
1626.3 2436.61 13.0783
1622.36 2526.9 0
p
6
30
2200 0 0
2206.04 73.2661 0
2212.08 146.532 0
2218.12 219.798 0
2224.16 293.064 0
2230.2 366.33 0
2236.24 439.597 0
2242.28 512.863 0
2248.31 586.129 0
2254.35 659.395 0
2260.39 732.661 0
2266.43 805.927 0
2272.47 879.193 0
2278.51 952.459 0
2284.55 1025.73 0
2290.59 1098.99 0
2296.63 1172.26 0
2302.67 1245.52 0
2308.71 1318.79 0
2314.75 1392.06 0
2320.79 1465.32 0
2326.83 1538.59 0
2332.86 1611.85 0
2338.9 1685.12 0
2344.94 1758.39 0
2350.98 1831.65 0
2357.02 1904.92 0
2363.06 1978.18 0
2369.1 2051.45 0
2375.14 2124.72 0
2381.18 2197.98 0
p
7
30
2400 0 0
2401.62 85.6728 0
2403.23 171.346 0
2404.85 257.018 0
2406.47 342.691 0
2408.08 428.364 0
2409.7 514.037 0
2411.31 599.709 0
2412.93 685.382 0
2414.55 771.055 0
2416.16 856.728 0
2417.78 942.4 0
2419.4 1028.07 0
2421.01 1113.75 0
2422.63 1199.42 0
2424.25 1285.09 0
2425.86 1370.76 0
2427.48 1456.44 0
2429.09 1542.11 0
2430.71 1627.78 0
2432.33 1713.46 0
2433.94 1799.13 0
2435.56 1884.8 0
2437.18 1970.47 0
2438.79 2056.15 0
2440.41 2141.82 0
2442.03 2227.49 0
2443.64 2313.16 0
2445.26 2398.84 0
2446.87 2484.51 0
2448.49 2570.18 0
p
8
30
2600 0 0
2614.92 79.5217 0
2629.83 159.043 0
2644.65 238.578 0
2659.26 318.148 0
2673.44 397.791 0
2686.93 477.554 0
2699.34 557.491 0
2710.18 637.659 0
2718.86 718.102 0
2724.61 798.828 0
2726.54 879.775 0
2723.55 960.757 0
2714.28 1041.38 0
2697.02 1120.87 0
2669.78 1197.85 0
2635.18 1271.94 0
2605.17 1348.16 0
2583.68 1426.92 0
2577.29 1507.84 0
2590.29 1587.58 0
2623.75 1661.11 0
2675.2 1723.96 0
2739.7 1774.58 0
2811.74 1815.36 0
2886.35 1852.21 0
2958.74 1892.94 0
3025.17 1941.71 19.9498
3090.89 1992.29 19.9498
3156.7 2042.78 0
3222.51 2093.27 0
p
9
30
2800 0 0
2800.78 66.2036 0
2801.56 132.407 0
2802.26 198.62 0
2803.09 264.834 0
2804.04 331.051 0
2805.16 397.271 0
2806.48 463.494 0
2808.03 529.72 0
2809.84 595.95 0
2811.9 662.184 0
2814.23 728.427 0
2816.81 794.683 0
2819.66 860.964 0
2822.8 927.302 0
2826.39 993.797 0
2832.62 1060.53 0
2839.42 1126.99 0
2846.05 1193.47 0
2852.95 1259.94 0
2860.2 1326.39 0
2868.04 1392.8 0
2876.75 1459.15 0
2886.75 1525.37 0
2898.7 1591.31 0
2913.55 1656.71 0
2932.71 1721.04 0
2958.16 1783.28 -16.9757
2991.36 1842.1 -16.9757
3030.41 1897.56 -16.9757
3074.38 1949.37 -16.9757
p
10
30
3000 0 0
2992.64 65.3278 0
2985.29 130.656 0
2977.98 195.985 0
2970.7 261.316 0
2963.45 326.649 0
2956.24 391.984 0
2949.08 457.322 0
2941.98 522.663 0
2934.97 588.009 0
2928.07 653.362 0
2921.31 718.722 0
2914.71 784.089 0
2908.31 849.461 0
2902.13 914.824 0
2896.25 980.141 0
2892.01 1045.45 0
2889.33 1110.95 0
2888.72 1176.51 0
2890.5 1242.07 0
2894.85 1307.53 0
2901.89 1372.8 0
2911.58 1437.76 0
2923.78 1502.35 0
2938.25 1566.53 0
2954.62 1630.31 0
2972.41 1693.75 0
2991.02 1756.99 0
3010.5 1820.01 9.33438
3033.78 1881.9 9.33438
3063.02 1941.81 9.33438
p
11
30
3200 0 0
3205.29 67.8019 0
3210.59 135.604 0
3215.93 203.401 0
3221.34 271.192 0
3226.84 338.974 0
3232.49 406.744 0
3238.3 474.499 0
3244.34 542.234 0
3250.63 609.946 0
3257.22 677.629 0
3264.15 745.279 0
3271.45 812.89 0
3279.15 880.457 0
3287.3 947.974 0
3295.93 1015.43 0
3305.1 1082.82 0
3314.84 1150.14 0
3325.18 1217.37 0
3336.17 1284.5 0
3347.84 1351.52 0
3360.2 1418.42 0
3373.3 1485.19 0
3387.14 1551.82 0
3401.75 1618.29 0
3417.13 1684.6 0
3433.3 1750.73 0
3450.26 1816.67 0
3468.01 1882.42 0
3486.45 1947.99 0
3505.15 2013.49 0
p
12
30
3400 0 0
3395.69 66.0188 0
3391.38 132.038 0
3387.35 198.076 0
3383.65 264.136 0
3380.41 330.221 0
3377.72 396.335 0
3375.67 462.475 0
3374.37 528.639 0
3373.88 594.82 0
3374.29 661.008 0
3375.65 727.19 0
3378.05 793.352 0
3381.54 859.474 0
3386.2 925.534 0
3391.73 991.536 0
3398.11 1057.47 0
3405.23 1123.34 0
3413.01 1189.14 0
3421.35 1254.89 0
3430.15 1320.58 0
3439.33 1386.22 0
3448.81 1451.83 0
3458.5 1517.41 0
3468.31 1582.97 0
3478.18 1648.53 0
3488.01 1714.09 0
3497.73 1779.67 0
3507.25 1845.27 0
3516.49 1910.91 0
3525.44 1976.57 0
p
13
30
3600 0 0
3605.44 63.8482 0
3610.87 127.696 0
3616.31 191.545 0
3621.75 255.393 0
3627.19 319.241 0
3632.62 383.089 0
3638.06 446.937 0
3643.5 510.786 0
3648.93 574.634 0
3654.37 638.482 0
3659.81 702.33 0
3665.24 766.179 0
3670.68 830.027 0
3676.12 893.875 0
3681.56 957.723 0
3686.99 1021.57 0
3692.43 1085.42 0
3697.87 1149.27 0
3703.3 1213.12 0
3708.74 1276.96 0
3714.18 1340.81 0
3719.61 1404.66 0
3725.05 1468.51 0
3730.49 1532.36 0
3735.93 1596.21 0
3741.36 1660.05 0
3746.8 1723.9 0
3752.24 1787.75 0
3757.67 1851.6 0
3763.11 1915.45 0
p
14
30
3800 0 0
3802.08 72.4986 0
3804.16 144.997 0
3806.23 217.496 0
3808.31 289.994 0
3810.39 362.493 0
3812.47 434.992 0
3814.55 507.49 0
3816.62 579.989 0
3818.7 652.487 0
3820.78 724.986 0
3822.86 797.484 0
3824.94 869.983 0
3827.01 942.482 0
3829.09 1014.98 0
3831.17 1087.48 0
3833.25 1159.98 0
3835.33 1232.48 0
3837.4 1304.97 0
3839.48 1377.47 0
3841.56 1449.97 0
3843.64 1522.47 0
3845.72 1594.97 0
3847.79 1667.47 0
3849.87 1739.97 0
3851.95 1812.46 0
3854.03 1884.96 0
3856.11 1957.46 0
3858.18 2029.96 0
3860.26 2102.46 0
3862.34 2174.96 0
p
15
30
4000 0 0
4000.74 75.7346 0
4001.48 151.469 0
4002.21 227.204 0
4002.95 302.939 0
4003.69 378.673 0
4004.43 454.408 0
4005.17 530.143 0
4005.9 605.877 0
4006.64 681.612 0
4007.38 757.346 0
4008.12 833.081 0
4008.85 908.816 0
4009.59 984.55 0
4010.33 1060.29 0
4011.07 1136.02 0
4011.81 1211.75 0
4012.54 1287.49 0
4013.28 1363.22 0
4014.02 1438.96 0
4014.76 1514.69 0
4015.5 1590.43 0
4016.23 1666.16 0
4016.97 1741.9 0
4017.71 1817.63 0
4018.45 1893.37 0
4019.18 1969.1 0
4019.92 2044.84 0
4020.66 2120.57 0
4021.4 2196.3 0
4022.14 2272.04 0
p
16
30
4200 0 0
4195.52 81.9417 0
4191.05 163.883 0
4186.57 245.825 0
4182.1 327.767 0
4177.62 409.708 0
4173.15 491.65 0
4168.67 573.592 0
4164.19 655.533 0
4159.72 737.475 0
4155.24 819.417 0
4150.77 901.358 0
4146.29 983.3 0
4141.82 1065.24 0
4137.34 1147.18 0
4132.87 1229.13 0
4128.39 1311.07 0
4123.91 1393.01 0
4119.44 1474.95 0
4114.96 1556.89 0
4110.49 1638.83 0
4106.01 1720.78 0
4101.54 1802.72 0
4097.06 1884.66 0
4092.58 1966.6 0
4088.11 2048.54 0
4083.63 2130.48 0
4079.16 2212.43 0
4074.68 2294.37 0
4070.21 2376.31 0
4065.73 2458.25 0
p
17
30
4400 0 0
4395.78 68.8056 0
4391.56 137.611 0
4387.35 206.417 0
4383.13 275.222 0
4378.91 344.028 0
4374.69 412.834 0
4370.48 481.639 0
4366.26 550.445 0
4362.04 619.25 0
4357.82 688.056 0
4353.6 756.861 0
4349.39 825.667 0
4345.17 894.473 0
4340.95 963.278 0
4336.73 1032.08 0
4332.51 1100.89 0
4328.3 1169.7 0
4324.08 1238.5 0
4319.86 1307.31 0
4315.64 1376.11 0
4311.43 1444.92 0
4307.21 1513.72 0
4302.99 1582.53 0
4298.77 1651.33 0
4294.55 1720.14 0
4290.34 1788.95 0
4286.12 1857.75 0
4281.9 1926.56 0
4277.68 1995.36 0
4273.47 2064.17 0
p
18
30
4600 0 0
4594.62 70.3277 0
4589.25 140.655 0
4583.87 210.983 0
4578.49 281.311 0
4573.12 351.638 0
4567.74 421.966 0
4562.37 492.294 0
4556.99 562.622 0
4551.61 632.949 0
4546.24 703.277 0
4540.86 773.605 0
4535.48 843.932 0
4530.11 914.26 0
4524.73 984.588 0
4519.35 1054.92 0
4513.98 1125.24 0
4508.6 1195.57 0
4503.23 1265.9 0
4497.85 1336.23 0
4492.47 1406.55 0
4487.1 1476.88 0
4481.72 1547.21 0
4476.34 1617.54 0
4470.97 1687.86 0
4465.59 1758.19 0
4460.21 1828.52 0
4454.84 1898.85 0
4449.46 1969.18 0
4444.08 2039.5 0
4438.71 2109.83 0
p
19
30
4800 0 0
4813.99 78.1052 0
4827.97 156.21 0
4840.82 234.512 0
4853.13 312.904 0
4864.34 391.471 0
4874.05 470.257 0
4881.7 549.296 0
4886.59 628.595 0
4887.88 708.096 -8.31106
4884.53 787.627 -8.31106
4875.29 866.826 -8.31106
4858.66 945.014 -8.31106
4835.17 1021.65 0
4804.3 1095.92 0
4766.33 1167.12 0
4722.42 1235.08 0
4675.62 1301.14 0
4635.38 1371.06 0
4607.85 1446.37 0
4600.26 1525.67 0
4617.37 1603.21 0
4657.64 1671.89 0
4716.68 1726.25 0
4787.65 1765.59 0
4864.38 1794.31 0
4942.37 1820.65 0
5017.27 1854.61 0
5084.81 1901.03 -10.7663
5149.12 1952.08 -10.7663
5207.76 2009.99 -10.7663
p
20
30
5000 0 0
4995.95 63.3904 0
4991.89 126.781 0
4986.48 190.075 0
4980.82 253.36 0
4974.61 316.608 0
4967.88 379.822 0
4960.64 442.998 0
4952.9 506.131 0
4944.58 569.206 0
4935.55 632.195 0
4925.54 695.047 0
4914.03 757.65 8.31106
4903.18 820.417 8.31106
4893.33 883.399 8.31106
4885.47 946.735 8.31106
4880.85 1010.53 0
4881 1074.74 0
4883.3 1138.89 0
4888.1 1202.96 0
4895.32 1266.85 0
4905.39 1330.45 0
4916.17 1394.04 0
4928.3 1457.57 0
4941.99 1521.01 0
4957.76 1584.21 0
4976.39 1646.83 0
4998.89 1708.32 0
5026.46 1767.84 0
5060.41 1824.08 -10.7663
5100.44 1876.28 -10.7663
p
21
30
5200 0 0
5202.03 63.8466 0
5204.05 127.693 0
5204.51 191.606 0
5204.44 255.523 0
5203.49 319.453 0
5201.66 383.384 0
5198.97 447.303 0
5195.44 511.197 0
5191.1 575.052 0
5185.93 638.856 0
5179.86 702.59 0
5172.74 766.226 0
5164.44 829.684 0
5154.8 892.93 0
5143.83 955.928 0
5132.01 1018.72 0
5120.49 1081.51 0
5109.13 1144.38 0
5098.45 1207.38 0
5088.81 1270.53 0
5080.53 1333.88 0
5073.94 1397.43 0
5069.38 1461.16 0
5067.2 1525.01 0
5067.77 1588.9 0
5071.54 1652.68 0
5078.98 1716.12 0
5090.62 1778.92 0
5106.15 1840.84 15.0728
5122.58 1902.77 15.0728
p
22
30
5400 0 0
5401.98 64.8652 0
5403.97 129.73 0
5404.49 194.663 0
5404.58 259.599 0
5403.9 324.552 0
5402.46 389.515 0
5400.27 454.478 0
5397.36 519.435 0
5393.72 584.379 0
5389.36 649.305 0
5384.23 714.212 0
5378.14 779.097 0
5371.31 843.877 0
5364.31 908.638 0
5357.16 973.383 0
5349.98 1038.13 0
5342.86 1102.88 0
5335.83 1167.64 0
5328.89 1232.42 0
5322.02 1297.21 0
5315.16 1362 0
5308.2 1426.8 0
5301.01 1491.58 0
5293.41 1556.33 0
5285.15 1621.01 0
5275.93 1685.58 0
5265.34 1749.98 0
5252.86 1814.07 0
5237.84 1877.68 -10.7663
5220.18 1940.71 -10.7663
p
23
30
5600 0 0
5609.05 81.6597 0
5618.11 163.319 0
5626.09 245.149 0
5634.34 326.93 0
5642.73 408.71 0
5651.6 490.463 0
5661.29 572.151 0
5672.21 653.715 0
5684.83 735.064 0
5699.66 816.062 0
5717.24 896.518 0
5738.07 976.193 0
5756.84 1056.32 0
5770.35 1137.49 0
5775.63 1219.59 0
5770.25 1301.73 0
5752.43 1382.27 0
5721.55 1459.07 0
5678.29 1530.14 0
5624.39 1594.19 0
5562.33 1651.07 0
5496.26 1703.74 0
5428.93 1754.95 0
5363.46 1808.25 0
5303.27 1866.98 0
5251.37 1932.61 15.0728
5204.67 2001.8 15.0728
5152.88 2067.61 15.0728
5092.33 2126.25 0
5024.43 2176.95 0
p
24
30
5800 0 0
5793.14 89.0424 0
5786.28 178.085 0
5778.02 266.96 0
5770.61 355.939 0
5764.11 444.996 0
5759.14 534.161 0
5756.29 623.432 0
5756.03 712.773 0
5758.77 802.107 0
5764.77 891.335 0
5774.25 980.35 0
5787.83 1068.91 0
5800.86 1157.61 0
5812.67 1246.48 0
5820.55 1335.75 0
5822.16 1425.28 0
5815.36 1514.5 0
5798.35 1602.33 0
5769.86 1687.2 0
5729.37 1767.24 0
5677.22 1840.6 0
5614.93 1906.17 0
5544.16 1963.27 0
5466.91 2012.21 0
5385.16 2054.2 0
5300.74 2091.32 0
5215.27 2126.29 0
5130.31 2162.29 0
5046.86 2201.19 0
4963.38 2240.21 0
p
25
30
6000 0 0
6002.01 81.339 0
6004.02 162.678 0
6006.03 244.017 0
6008.04 325.356 0
6010.05 406.695 0
6012.06 488.034 0
6014.07 569.373 0
6016.08 650.712 0
6018.08 732.051 0
6020.09 813.39 0
6022.1 894.729 0
6024.11 976.068 0
6026.12 1057.41 0
6028.13 1138.75 0
6030.14 1220.08 0
6032.15 1301.42 0
6034.16 1382.76 0
6036.17 1464.1 0
6038.18 1545.44 0
6040.19 1626.78 0
6042.2 1708.12 0
6044.21 1789.46 0
6046.22 1870.8 0
6048.23 1952.14 0
6050.23 2033.47 0
6052.24 2114.81 0
6054.25 2196.15 0
6056.26 2277.49 0
6058.27 2358.83 0
6060.28 2440.17 0
p
26
30
6200 0 0
6201.12 73.9924 0
6202.24 147.985 0
6203.35 221.977 0
6204.47 295.97 0
6205.59 369.962 0
6206.71 443.954 0
6207.83 517.947 0
6208.94 591.939 0
6210.06 665.932 0
6211.18 739.924 0
6212.3 813.916 0
6213.41 887.909 0
6214.53 961.901 0
6215.65 1035.89 0
6216.77 1109.89 0
6217.89 1183.88 0
6219 1257.87 0
6220.12 1331.86 0
6221.24 1405.86 0
6222.36 1479.85 0
6223.48 1553.84 0
6224.59 1627.83 0
6225.71 1701.83 0
6226.83 1775.82 0
6227.95 1849.81 0
6229.06 1923.8 0
6230.18 1997.79 0
6231.3 2071.79 0
6232.42 2145.78 0
6233.54 2219.77 0
p
27
30
6400 0 0
6400.65 68.6535 0
6401.31 137.307 0
6401.96 205.96 0
6402.61 274.614 0
6403.26 343.267 0
6403.92 411.921 0
6404.57 480.574 0
6405.22 549.228 0
6405.87 617.881 0
6406.53 686.535 0
6407.18 755.188 0
6407.83 823.842 0
6408.49 892.495 0
6409.14 961.149 0
6409.79 1029.8 0
6410.44 1098.46 0
6411.1 1167.11 0
6411.75 1235.76 0
6412.4 1304.42 0
6413.05 1373.07 0
6413.71 1441.72 0
6414.36 1510.38 0
6415.01 1579.03 0
6415.67 1647.68 0
6416.32 1716.34 0
6416.97 1784.99 0
6417.62 1853.64 0
6418.28 1922.3 0
6418.93 1990.95 0
6419.58 2059.6 0
p
28
30
6600 0 0
6600.34 75.7441 0
6600.69 151.488 0
6600.74 227.235 0
6600.44 302.984 0
6599.66 378.731 0
6598.26 454.474 0
6596.42 530.209 0
6594.07 605.934 0
6591.23 681.647 0
6587.91 757.345 0
6584.12 833.028 0
6579.87 908.693 0
6575.18 984.338 0
6570.06 1059.96 0
6564.5 1135.57 0
6558.53 1211.14 0
6552.13 1286.7 0
6545.33 1362.23 0
6538.13 1437.73 0
6530.52 1513.2 0
6522.52 1588.64 0
6514.11 1664.05 0
6505.31 1739.42 0
6496.11 1814.76 0
6486.52 1890.07 0
6476.52 1965.33 0
6466.12 2040.56 0
6455.31 2115.74 0
6444.09 2190.88 -10.6419
6432.53 2265.97 -10.6419
p
29
30
6800 0 0
6812.08 85.4547 0
6824.17 170.909 0
6835.67 256.447 0
6846.43 342.084 0
6856.16 427.851 0
6864.59 513.765 0
6871.27 599.85 0
6875.93 686.092 0
6878.29 772.455 0
6878.11 858.885 0
6875.2 945.308 0
6869.44 1031.63 0
6860.73 1117.76 0
6849.02 1203.58 0
6834.29 1288.99 0
6816.53 1373.88 0
6795.73 1458.13 0
6772.02 1541.67 0
6745.41 1624.39 0
6715.91 1706.18 0
6683.53 1786.94 0
6649.26 1866.97 0
6613.26 1946.28 0
6575.89 2025 0
6537.47 2103.26 0
6498.28 2181.16 7.09459
6458.6 2258.84 7.09459
6418.6 2336.38 7.09459
6378.42 2413.86 0
6338.24 2491.36 0
p
30
30
7000 0 0
6997.23 89.879 0
6994.46 179.758 0
6991.65 269.634 0
6988.72 359.505 0
6985.55 449.367 0
6981.98 539.214 0
6978.06 629.045 0
6973.62 718.852 0
6968.47 808.622 0
6962.4 898.337 0
6955.14 987.968 0
6946.4 1077.47 0
6935.86 1166.8 0
6923.21 1255.87 0
6908.16 1344.58 0
6890.42 1432.83 0
6869.78 1520.49 0
6846.23 1607.46 0
6819.7 1693.62 0
6790.22 1778.89 0
6757.87 1863.19 0
6722.22 1946.23 0
6683.29 2027.88 0
6641.06 2107.98 0
6595.6 2186.38 0
6547.04 2263 0
6495.61 2337.82 0
6441.63 2410.9 0
6385.5 2482.42 0
6327.93 2552.85 0
p
31
30
7200 0 0
7200.7 84.392 0
7201.4 168.784 0
7202.1 253.176 0
7202.81 337.568 0
7203.51 421.96 0
7204.21 506.352 0
7204.91 590.744 0
7205.61 675.136 0
7206.31 759.528 0
7207.02 843.92 0
7207.72 928.312 0
7208.42 1012.7 0
7209.12 1097.1 0
7209.82 1181.49 0
7210.52 1265.88 0
7211.23 1350.27 0
7211.93 1434.66 0
7212.63 1519.06 0
7213.33 1603.45 0
7214.03 1687.84 0
7214.73 1772.23 0
7215.44 1856.62 0
7216.14 1941.02 0
7216.84 2025.41 0
7217.54 2109.8 0
7218.24 2194.19 0
7218.94 2278.58 0
7219.65 2362.98 0
7220.35 2447.37 0
7221.05 2531.76 0
p
32
30
7400 0 0
7395.98 64.4797 0
7391.96 128.959 0
7387.95 193.439 0
7383.93 257.919 0
7379.91 322.398 0
7375.89 386.878 0
7371.87 451.358 0
7367.86 515.837 0
7363.84 580.317 0
7359.82 644.797 0
7355.8 709.276 0
7351.78 773.756 0
7347.77 838.236 0
7343.75 902.715 0
7339.73 967.195 0
7335.71 1031.67 0
7331.69 1096.15 0
7327.68 1160.63 0
7323.66 1225.11 0
7319.64 1289.59 0
7315.62 1354.07 0
7311.6 1418.55 0
7307.59 1483.03 0
7303.57 1547.51 0
7299.55 1611.99 0
7295.53 1676.47 0
7291.51 1740.95 0
7287.5 1805.43 0
7283.48 1869.91 0
7279.46 1934.39 0
p
33
30
7600 0 0
7596.48 67.1419 0
7592.96 134.284 0
7589.14 201.412 0
7585.26 268.535 0
7581.22 335.651 0
7577.05 402.76 0
7572.74 469.861 0
7568.29 536.955 0
7563.71 604.042 0
7559 671.123 0
7554.16 738.196 0
7549.2 805.263 0
7544.11 872.324 0
7538.91 939.379 0
7533.59 1006.43 0
7528.16 1073.47 0
7522.62 1140.51 0
7516.97 1207.54 0
7511.22 1274.56 0
7505.36 1341.58 0
7499.4 1408.6 0
7493.35 1475.61 0
7487.2 1542.61 0
7480.97 1609.61 0
7474.64 1676.61 0
7468.23 1743.6 0
7461.73 1810.59 0
7455.16 1877.57 0
7448.52 1944.55 -12.7392
7441.85 2011.53 -12.7392
p
34
30
7800 0 0
7804.12 77.8371 0
7808.24 155.674 0
7811.92 233.533 0
7814.78 311.434 0
7816.54 389.376 0
7816.91 467.35 0
7815.64 545.332 0
7812.51 623.284 0
7807.36 701.156 0
7800.03 778.886 0
7790.42 856.401 0
7778.59 933.648 0
7764.58 1010.57 0
7748.79 1087.18 0
7731.3 1163.47 0
7712.31 1239.44 0
7691.98 1315.09 0
7670.44 1390.46 0
7647.84 1465.55 0
7624.29 1540.38 0
7599.9 1614.97 0
7574.77 1689.35 0
7548.99 1763.54 0
7522.66 1837.57 0
7495.86 1911.44 8.49279
7468.65 1985.2 8.49279
7441.06 2058.84 8.49279
7413.11 2132.37 0
7384.84 2205.81 0
7356.35 2279.19 0
p
35
30
8000 0 0
7995 83.8709 0
7990 167.742 0
7984.73 251.595 0
7979.3 335.436 0
7973.53 419.253 0
7967.21 503.032 0
7960.13 586.75 0
7951.99 670.375 0
7942.48 753.862 0
7931.28 837.15 0
7918.07 920.159 0
7903.03 1002.88 0
7886.05 1085.25 0
7867.01 1167.21 0
7845.9 1248.71 0
7822.69 1329.68 0
7797.39 1410.08 0
7770.03 1489.86 0
7740.65 1568.98 0
7709.31 1647.42 0
7676.11 1725.15 0
7641.16 1802.18 0
7604.57 1878.52 0
7566.5 1954.19 0
7527.1 2029.23 0
7486.56 2103.71 0
7445.06 2177.71 0
7402.84 2251.33 0
7360.2 2324.73 0
7317.49 2398.1 0
p
36
30
8200 0 0
8213.11 78.0942 0
8226.21 156.188 0
8238.33 234.439 0
8249.07 312.896 0
8257.83 391.615 0
8265.19 470.501 0
8270.86 549.56 0
8274.62 628.769 0
8275.73 708.102 0
8271.64 787.426 0
8259.43 866.122 0
8236.44 942.846 0
8204.19 1016.55 0
8173.09 1091.09 0
8146.45 1167.29 0
8129.13 1245.76 0
8125.62 1325.57 0
8138.57 1404.02 0
8168.39 1477.65 0
8213.2 1543.56 0
8269.53 1600.66 0
8333.21 1650.29 0
8400.12 1696.07 0
8466.15 1743.03 0
8526.69 1796.34 0
8576.59 1859.1 0
8611.28 1931.57 -13.3747
8624.52 2011.66 -13.3747
8630.34 2092.91 -13.3747
8636.62 2174 -13.3747
p
37
30
8400 0 0
8400.52 61.8434 0
8401.03 123.687 0
8401.67 185.544 0
8402.5 247.411 0
8403.65 309.286 0
8405.63 371.159 0
8408.49 433.025 0
8412.34 494.877 0
8417.09 556.722 0
8422.08 618.629 0
8429.45 680.517 0
8433.67 742.925 0
8445.03 805.777 0
8454.23 868.911 0
8463.55 932.4 0
8471.9 996.098 0
8479.7 1059.69 0
8487.1 1122.99 0
8494.29 1185.97 0
8501.47 1248.73 0
8508.82 1311.43 0
8516.48 1374.27 0
8524.55 1437.35 0
8533.15 1500.68 0
8542.41 1564.15 0
8552.56 1627.54 0
8564.05 1690.57 0
8577.6 1752.89 0
8594.41 1814.09 0
8615.02 1873.92 0
p
38
30
8600 0 0
8600.33 81.8431 0
8600.67 163.686 0
8597.59 245.521 0
8590.01 327.165 0
8576.46 408.209 0
8561.24 488.996 0
8546.34 569.817 0
8536.02 651.204 0
8535.31 733.098 0
8548.81 813.966 0
8577.96 890.916 0
8620.39 961.97 0
8673.94 1025.71 0
8732.34 1085.87 0
8790.09 1146.49 0
8841.11 1212.05 0
8879.27 1284.88 26.8195
8900.81 1363.42 26.8195
8908.18 1444.17 26.8195
8900.11 1524.93 26.8195
8877.19 1603.25 26.8195
8842.76 1677.96 26.8195
8799.91 1749.02 0
8750.34 1816.25 0
8701.01 1883.57 0
8660.72 1955.94 13.3747
8634.45 2034.26 13.3747
8610.98 2113.34 13.3747
8586.3 2192.33 13.3747
8561.33 2271.3 0
p
39
30
8800 0 0
8794.48 66.4091 0
8788.96 132.818 0
8784.87 199.383 0
8782.73 266.1 0
8783.56 332.961 0
8786.12 399.783 0
8790.9 466.555 0
8798.1 533.222 0
8808.21 599.693 0
8818.37 666.28 0
8828.97 732.995 0
8839.71 799.859 0
8850.47 866.833 0
8861.26 933.843 0
8872.11 1000.8 0
8883.02 1067.63 0
8893.89 1134.3 -19.4378
8904.17 1200.86 -19.4378
8912.43 1267.5 -19.4378
8917.76 1334.25 -19.4378
8919.3 1401.28 -19.4378
8916.02 1468.21 -19.4378
8907.31 1534.61 -19.4378
8893.42 1600.13 -19.4378
8875.98 1664.86 -19.4378
8856.8 1729.09 -19.4378
8837.49 1793.16 0
8818.21 1857.24 0
8798.93 1921.32 0
8779.66 1985.4 0
p
40
30
9000 0 0
8996.68 70.4096 0
8993.36 140.819 0
8989.76 211.187 0
8985.86 281.519 0
8981.77 351.815 0
8977.46 422.121 0
8972.95 492.417 0
8968.27 562.702 0
8963.44 632.978 0
8958.49 703.248 0
8953.45 773.511 0
8948.36 843.771 0
8943.24 914.029 0
8938.14 984.288 0
8933.09 1054.55 0
8928.14 1124.82 3.34613
8923.47 1195.09 3.34613
8919.79 1265.42 3.34613
8917.09 1335.83 3.34613
8914.09 1406.28 3.34613
8910.12 1476.67 3.34613
8905.02 1547 3.34613
8898.97 1617.28 3.34613
8892.39 1687.51 3.34613
8885.6 1757.71 3.34613
8878.77 1827.89 0
8871.95 1898.08 0
8865.13 1968.27 0
8858.31 2038.45 0
8851.49 2108.64 0
p
41
30
9200 0 0
9214.2 75.1593 0
9228.39 150.319 0
9242.09 225.564 0
9255.07 300.939 0
9266.91 376.501 0
9277.2 452.301 0
9285.46 528.365 0
9291.22 604.685 0
9294.07 681.209 0
9293.66 757.834 0
9289.81 834.421 0
9282.52 910.82 0
9272.02 986.902 0
9258.86 1062.61 0
9243.88 1137.99 0
9229.69 1213.5 0
9217.96 1289.36 0
9210.74 1365.7 0
9209.9 1442.27 0
9216.99 1518.45 0
9232.98 1593.25 0
9258.12 1665.52 0
9291.91 1734.3 0
9333.15 1799.08 0
9381.04 1859.38 0
9433.74 1915.82 0
9489.24 1969.8 0
9545.3 2023.52 0
9599.66 2079.21 -6.97371
9651.98 2137.05 -6.97371
p
42
30
9400 0 0
9390.81 69.1386 0
9381.63 138.277 0
9373.61 207.584 0
9367 277.059 0
9362.19 346.715 0
9359.52 416.524 0
9359.18 486.431 0
9361.27 556.363 0
9365.78 626.24 0
9372.58 695.999 0
9381.44 765.596 0
9392.08 835.02 0
9404.19 904.287 0
9417.51 973.425 0
9431.9 1042.46 0
9445.79 1111.62 0
9459.05 1180.95 0
9471.32 1250.49 0
9482.41 1320.25 0
9492.27 1390.26 0
9501.06 1460.53 0
9509.24 1531.07 0
9517.76 1601.82 0
9528.31 1672.64 0
9538.74 1743.69 0
9550.73 1814.65 0
9565.27 1885.15 0
9583.68 1954.59 0
9607.46 2022.13 6.97371
9636.72 2087.22 6.97371
p
43
30
9600 0 0
9608.68 73.2583 0
9617.36 146.517 0
9625.82 219.798 0
9633.99 293.111 0
9641.73 366.468 0
9648.93 439.881 0
9655.46 513.356 0
9661.23 586.895 0
9666.16 660.498 0
9670.23 734.156 0
9673.42 807.861 0
9675.8 881.602 0
9677.43 955.367 0
9678.46 1029.15 0
9679.02 1102.94 0
9679.16 1176.74 0
9678.99 1250.54 0
9678.61 1324.35 0
9678.12 1398.15 0
9677.63 1471.96 0
9677.22 1545.77 0
9677.01 1619.58 0
9677.08 1693.38 0
9677.53 1767.18 0
9678.46 1840.96 0
9679.94 1914.73 0
9682.07 1988.48 0
9684.92 2062.2 0
9688.28 2135.88 0
9691.22 2209.6 0
p
44
30
9800 0 0
9803.23 78.0143 0
9806.46 156.029 0
9809.68 234.043 0
9812.91 312.057 0
9816.14 390.072 0
9819.37 468.086 0
9822.59 546.1 0
9825.82 624.114 0
9829.05 702.129 0
9832.28 780.143 0
9835.5 858.157 0
9838.73 936.172 0
9841.96 1014.19 0
9845.19 1092.2 0
9848.41 1170.21 0
9851.64 1248.23 0
9854.87 1326.24 0
9858.1 1404.26 0
9861.33 1482.27 0
9864.55 1560.29 0
9867.78 1638.3 0
9871.01 1716.31 0
9874.24 1794.33 0
9877.46 1872.34 0
9880.69 1950.36 0
9883.92 2028.37 0
9887.15 2106.39 0
9890.37 2184.4 0
9893.6 2262.41 0
9896.83 2340.43 0
p
45
30
10000 0 0
9998.28 70.8046 0
9996.57 141.609 0
9994.85 212.414 0
9993.14 283.219 0
9991.42 354.023 0
9989.7 424.828 0
9987.99 495.632 0
9986.27 566.437 0
9984.55 637.242 0
9982.84 708.046 0
9981.12 778.851 0
9979.41 849.656 0
9977.69 920.46 0
9975.97 991.265 0
9974.26 1062.07 0
9972.54 1132.87 0
9970.83 1203.68 0
9969.11 1274.48 0
9967.39 1345.29 0
9965.68 1416.09 0
9963.96 1486.9 0
9962.24 1557.7 0
9960.53 1628.51 0
9958.81 1699.31 0
9957.1 1770.12 0
9955.38 1840.92 0
9953.66 1911.73 0
9951.95 1982.53 0
9950.23 2053.33 0
9948.52 2124.14 0
p
46
30
10200 0 0
10202.9 71.8541 0
10205.9 143.708 0
10208.8 215.562 0
10211.7 287.416 0
10214.7 359.271 0
10217.6 431.125 0
10220.5 502.979 0
10223.5 574.833 0
10226.4 646.687 0
10229.3 718.541 0
10232.3 790.395 0
10235.2 862.249 0
10238.1 934.103 0
10241.1 1005.96 0
10244 1077.81 0
10247 1149.67 0
10249.9 1221.52 0
10252.8 1293.37 0
10255.8 1365.23 0
10258.7 1437.08 0
10261.6 1508.94 0
10264.6 1580.79 0
10267.5 1652.64 0
10270.4 1724.5 0
10273.4 1796.35 0
10276.3 1868.21 0
10279.2 1940.06 0
10282.2 2011.92 0
10285.1 2083.77 0
10288 2155.62 0
p
47
30
10400 0 0
10399.2 86.905 0
10398.5 173.81 0
10397.7 260.715 0
10397 347.62 0
10396.2 434.525 0
10395.5 521.43 0
10394.7 608.335 0
10394 695.24 0
10393.2 782.145 0
10392.5 869.05 0
10391.7 955.955 0
10391 1042.86 0
10390.2 1129.76 0
10389.5 1216.67 0
10388.7 1303.57 0
10388 1390.48 0
10387.2 1477.38 0
10386.5 1564.29 0
10385.7 1651.19 0
10385 1738.1 0
10384.2 1825 0
10383.5 1911.91 0
10382.7 1998.81 0
10381.9 2085.72 0
10381.2 2172.62 0
10380.4 2259.53 0
10379.7 2346.43 0
10378.9 2433.34 0
10378.2 2520.24 0
10377.4 2607.15 0
p
48
30
10600 0 0
10601.7 69.4596 0
10603.5 138.919 0
10605.2 208.379 0
10607 277.838 0
10608.7 347.298 0
10610.4 416.758 0
10612.2 486.217 0
10613.9 555.677 0
10615.6 625.136 0
10617.4 694.596 0
10619.1 764.055 0
10620.9 833.515 0
10622.6 902.975 0
10624.3 972.434 0
10626.1 1041.89 0
10627.8 1111.35 0
10629.6 1180.81 0
10631.3 1250.27 0
10633 1319.73 0
10634.8 1389.19 0
10636.5 1458.65 0
10638.2 1528.11 0
10640 1597.57 0
10641.7 1667.03 0
10643.5 1736.49 0
10645.2 1805.95 0
10646.9 1875.41 0
10648.7 1944.87 0
10650.4 2014.33 0
10652.2 2083.79 0
p
49
30
10800 0 0
10800.9 83.988 0
10801.8 167.976 0
10802.6 251.964 0
10803.5 335.952 0
10804.4 419.94 0
10805.3 503.928 0
10806.2 587.916 0
10807.1 671.904 0
10807.9 755.892 0
10808.8 839.88 0
10809.7 923.868 0
10810.6 1007.86 0
10811.5 1091.84 0
10812.3 1175.83 0
10813.2 1259.82 0
10814.1 1343.81 0
10815 1427.8 0
10815.9 1511.78 0
10816.8 1595.77 0
10817.6 1679.76 0
10818.5 1763.75 0
10819.4 1847.74 0
10820.3 1931.72 0
10821.2 2015.71 0
10822 2099.7 0
10822.9 2183.69 0
10823.8 2267.68 0
10824.7 2351.66 0
10825.6 2435.65 0
10826.5 2519.64 0
p
50
30
11000 0 0
11005 75.195 0
11009.9 150.39 0
11014.9 225.585 0
11019.9 300.78 0
11024.8 375.975 0
11029.8 451.17 0
11034.8 526.365 0
11039.7 601.56 0
11044.7 676.755 0
11049.7 751.95 0
11054.6 827.145 0
11059.6 902.34 0
11064.6 977.535 0
11069.5 1052.73 0
11074.5 1127.92 0
11079.5 1203.12 0
11084.4 1278.31 0
11089.4 1353.51 0
11094.4 1428.7 0
11099.3 1503.9 0
11104.3 1579.09 0
11109.3 1654.29 0
11114.2 1729.48 0
11119.2 1804.68 0
11124.2 1879.87 0
11129.1 1955.07 0
11134.1 2030.26 0
11139 2105.46 0
11144 2180.65 0
11149 2255.85 0
p
51
30
11200 0 0
11202 70.0862 0
11204 140.172 0
11206 210.259 0
11208 280.345 0
11210 350.431 0
11212 420.517 0
11214 490.603 0
11216 560.689 0
11218 630.776 0
11220 700.862 0
11222 770.948 0
11224.1 841.034 0
11226.1 911.12 0
11228.1 981.207 0
11230.1 1051.29 0
11232.1 1121.38 0
11234.1 1191.47 0
11236.1 1261.55 0
11238.1 1331.64 0
11240.1 1401.72 0
11242.1 1471.81 0
11244.1 1541.9 0
11246.1 1611.98 0
11248.1 1682.07 0
11250.1 1752.15 0
11252.1 1822.24 0
11254.1 1892.33 0
11256.1 1962.41 0
11258.1 2032.5 0
11260.1 2102.59 0
p
52
30
11400 0 0
11403 67.1994 0
11406 134.399 0
11408.9 201.598 0
11411.9 268.797 0
11414.9 335.997 0
11417.9 403.196 0
11420.9 470.396 0
11423.8 537.595 0
11426.8 604.794 0
11429.8 671.994 0
11432.8 739.193 0
11435.8 806.392 0
11438.7 873.592 0
11441.7 940.791 0
11444.7 1007.99 0
11447.7 1075.19 0
11450.7 1142.39 0
11453.6 1209.59 0
11456.6 1276.79 0
11459.6 1343.99 0
11462.6 1411.19 0
11465.6 1478.39 0
11468.5 1545.59 0
11471.5 1612.78 0
11474.5 1679.98 0
11477.5 1747.18 0
11480.5 1814.38 0
11483.5 1881.58 0
11486.4 1948.78 0
11489.4 2015.98 0
p
53
30
11600 0 0
11597.2 79.3964 0
11594.3 158.793 0
11591.5 238.189 0
11588.7 317.585 0
11585.8 396.982 0
11583 476.378 0
11580.1 555.775 0
11577.3 635.171 0
11574.5 714.567 0
11571.6 793.964 0
11568.8 873.36 0
11566 952.756 0
11563.1 1032.15 0
11560.3 1111.55 0
11557.4 1190.95 0
11554.6 1270.34 0
11551.8 1349.74 0
11548.9 1429.13 0
11546.1 1508.53 0
11543.3 1587.93 0
11540.4 1667.32 0
11537.6 1746.72 0
11534.7 1826.12 0
11531.9 1905.51 0
11529.1 1984.91 0
11526.2 2064.31 0
11523.4 2143.7 0
11520.6 2223.1 0
11517.7 2302.49 0
11514.9 2381.89 0
p
54
30
11800 0 0
11806 64.8665 0
11812.1 129.733 0
11818.1 194.6 0
11824.1 259.466 0
11830.2 324.333 0
11836.2 389.199 0
11842.2 454.066 0
11848.3 518.932 0
11854.3 583.799 0
11860.3 648.665 0
11866.4 713.532 0
11872.4 778.399 0
11878.4 843.265 0
11884.5 908.132 0
11890.5 972.998 0
11896.5 1037.86 0
11902.6 1102.73 0
11908.6 1167.6 0
11914.6 1232.46 0
11920.7 1297.33 0
11926.7 1362.2 0
11932.7 1427.06 0
11938.8 1491.93 0
11944.8 1556.8 0
11950.8 1621.66 0
11956.9 1686.53 0
11962.9 1751.4 0
11968.9 1816.26 0
11975 1881.13 0
11981 1946 0
p
55
30
12000 0 0
11999.1 76.2411 0
11998.2 152.482 0
11997.2 228.72 0
11996.1 304.955 0
11995 381.188 0
11993.8 457.419 0
11992.7 533.649 0
11991.9 609.881 0
11991.4 686.115 0
11991.6 762.348 0
11992.7 838.574 0
11994.9 914.778 0
11998.5 990.932 0
12003.8 1067 0
12011 1142.92 0
12020.4 1218.62 0
12032.1 1294.01 0
12046.4 1369 0
12063.3 1443.48 0
12083 1517.33 0
12105.4 1590.46 0
12130.5 1662.76 0
12158.2 1734.16 0
12188.5 1804.62 0
12221 1874.13 0
12255.5 1942.7 0
12291.8 2010.43 0
12329.5 2077.43 0
12368.2 2143.91 -7.05368
12407.3 2210.22 -7.05368
p
56
30
12200 0 0
12187.2 71.3294 0
12174.3 142.659 0
12162 214.076 0
12150.2 285.596 0
12139.3 357.253 0
12129.3 429.067 0
12120.7 501.051 0
12113.4 573.205 0
12107.6 645.516 0
12103.6 717.962 0
12101.4 790.508 0
12101.1 863.112 0
12102.8 935.724 0
12106.6 1008.29 0
12112.5 1080.74 0
12120.7 1153.01 0
12131.2 1225.01 0
12144.1 1296.66 0
12158.7 1368.01 0
12175.1 1439.02 0
12193 1509.71 0
12212.2 1580.08 0
12232.6 1650.16 0
12254 1719.95 0
12276.4 1789.48 0
12299.7 1858.76 0
12323.7 1927.8 0
12348.4 1996.63 0
12373.7 2065.25 0
12399.5 2133.72 0
p
57
30
12400 0 0
12401.1 81.0389 0
12402.3 162.078 0
12403.4 243.117 0
12404.6 324.156 0
12405.7 405.195 0
12406.8 486.234 0
12408 567.273 0
12409.1 648.311 0
12410.2 729.35 0
12411.4 810.389 0
12412.5 891.428 0
12413.7 972.467 0
12414.8 1053.51 0
12415.9 1134.55 0
12417.1 1215.58 0
12418.2 1296.62 0
12419.3 1377.66 0
12420.5 1458.7 0
12421.6 1539.74 0
12422.8 1620.78 0
12423.9 1701.82 0
12425 1782.86 0
12426.2 1863.9 0
12427.3 1944.93 0
12428.5 2025.97 0
12429.6 2107.01 0
12430.7 2188.05 7.05368
12431.9 2269.09 7.05368
12433 2350.13 0
12434.1 2431.17 0
p
58
30
12600 0 0
12599.2 73.5076 0
12598.5 147.015 0
12597.3 220.525 0
12595.4 294.03 0
12593.3 367.524 0
12590.7 441.009 0
12587.7 514.484 0
12584.3 587.948 0
12580.5 661.402 0
12576.4 734.845 0
12572 808.277 0
12567.2 881.697 0
12562.2 955.106 0
12556.8 1028.5 0
12551.3 1101.89 0
12545.4 1175.27 0
12539.4 1248.63 0
12533.2 1322.01 -10.98
12527.3 1395.41 -10.98
12521.9 1468.84 -10.98
12517.2 1542.29 -10.98
12512.9 1615.75 -10.98
12508.8 1689.18 0
12504.7 1762.61 0
12500.5 1836.05 0
12496.4 1909.48 0
12492.3 1982.92 0
12488.2 2056.35 0
12484.1 2129.79 0
12480 2203.22 0
p
59
30
12800 0 0
12808.6 84.9386 0
12817.2 169.877 0
12825.8 254.811 0
12833.8 339.784 0
12840.3 424.905 0
12844.1 510.198 0
12844 595.624 0
12838.5 680.967 0
12825.8 765.705 0
12803.8 848.826 0
12770.9 928.713 0
12729.2 1004.76 0
12684.8 1079.69 0
12640.9 1154.99 0
12601.8 1232.64 0
12569.9 1313.15 10.98
12547.4 1396.35 10.98
12536.2 1481.42 10.98
12537.3 1566.99 10.98
12550.9 1651.41 10.98
12576.6 1733.09 0
12612.3 1811.12 0
12655.3 1885.67 0
12702.4 1957.92 0
12750.4 2029.71 0
12795.7 2103.13 0
12834.6 2179.96 0
12866.1 2260.1 11.0211
12896.9 2340.64 11.0211
12928 2421.16 11.0211
p
60
30
13000 0 0
12997.8 74.3391 0
12995.5 148.678 0
12992.8 223.011 0
12989.6 297.328 0
12985.8 371.632 0
12981.3 445.912 0
12976 520.162 0
12970 594.38 0
12963.2 668.571 0
12955.9 742.773 0
12949.2 817.163 0
12944.9 891.958 0
12940.1 966.69 0
12935.3 1041.5 0
12930.7 1116.38 0
12925.2 1191.22 0
12919.1 1266.04 0
12912.5 1340.84 0
12905.5 1415.63 0
12898.1 1490.45 0
12890.7 1565.32 0
12883.4 1640.28 0
12876.6 1715.36 0
12870.6 1790.57 0
12865.9 1865.9 0
12863.2 1941.34 0
12863.5 2016.81 0
12868 2092.09 0
12878.1 2166.8 11.0211
12893 2240.57 11.0211
p
61
30
13200 0 0
13199.3 79.7435 0
13198.6 159.487 0
13198 239.226 0
13197.4 318.96 0
13197.8 398.684 0
13198.7 478.389 0
13199.9 558.07 0
13200.4 637.726 0
13199.2 717.334 0
13195 796.784 0
13187.1 875.866 0
13176.3 954.579 0
13162.3 1032.91 0
13145.4 1110.74 0
13126.1 1188.09 0
13105 1265.01 0
13082.6 1341.61 0
13059.5 1418.06 0
13036.5 1494.51 0
13014 1571.12 0
12992.8 1648.02 0
12973.3 1725.33 0
12955.9 1803.07 0
12941 1881.26 0
12928.7 1959.84 0
12919.1 2038.76 0
12912 2117.91 -13.7764
12907.9 2197.15 -13.7764
12907.9 2276.72 -13.7764
12909 2356.5 -13.7764
p
62
30
13400 0 0
13405.9 82.9304 0
13411.9 165.861 0
13417.8 248.791 0
13423.7 331.722 0
13429.7 414.652 0
13435.6 497.582 0
13441.6 580.513 0
13447.5 663.443 0
13453.4 746.374 0
13459.4 829.304 0
13465.3 912.234 0
13471.2 995.165 0
13477.2 1078.1 0
13483.1 1161.03 0
13489.1 1243.96 0
13495 1326.89 0
13500.9 1409.82 0
13506.9 1492.75 0
13512.8 1575.68 0
13518.7 1658.61 0
13524.7 1741.54 0
13530.6 1824.47 0
13536.6 1907.4 0
13542.5 1990.33 0
13548.4 2073.26 0
13554.4 2156.19 0
13560.3 2239.12 0
13566.2 2322.05 0
13572.2 2404.98 0
13578.1 2487.91 0
p
63
30
13600 0 0
13600.4 78.2808 0
13600.9 156.562 0
13598.1 234.833 0
13595.2 313.126 0
13591.6 391.442 0
13587.8 469.797 0
13584 548.197 0
13580.6 626.645 0
13577.9 705.136 0
13576.3 783.66 0
13576 862.195 0
13577.2 940.712 0
13580.1 1019.17 0
13585.1 1097.53 0
13592.3 1175.74 0
13601.8 1253.72 0
13613.8 1331.42 0
13628.3 1408.76 0
13645.3 1485.68 0
13665.1 1562.1 0
13687.4 1637.97 0
13712.3 1713.24 -10.1883
13739.6 1787.85 -10.1883
13768.7 1862 -10.1883
13796.8 1936.5 -13.5029
13823.7 2011.37 -13.5029
13850.4 2086.31 -13.5029
13877.1 2161.23 -13.5029
13903.8 2236.15 0
13930.6 2311.07 0
p
64
30
13800 0 0
13794.1 59.7781 0
13788.2 119.556 0
13784.1 179.56 0
13781 239.614 0
13779.2 299.747 0
13779 359.931 0
13779.6 420.129 0
13781 480.332 0
13783.1 540.532 0
13785.6 600.729 0
13788.5 660.928 0
13791.5 721.135 0
13794.5 781.358 0
13797.4 841.604 0
13800.1 901.881 0
13802.5 962.196 0
13804.6 1022.55 0
13806.1 1082.96 0
13807.2 1143.41 0
13807.7 1203.9 0
13807.5 1264.44 0
13806.5 1325.01 0
13804.8 1385.61 0
13802.1 1446.23 0
13798.5 1506.85 0
13793.7 1567.46 0
13787.8 1628.04 0
13780.6 1688.57 0
13772 1749 15.2825
13762.1 1809.36 15.2825
p
65
30
14000 0 0
13995 76.6229 0
13990 153.246 0
13983.9 229.754 0
13977.6 306.271 0
13970.9 382.762 0
13963.8 459.229 0
13956.4 535.676 0
13948.8 612.107 0
13941 688.526 0
13933.1 764.936 0
13925.1 841.341 0
13917 917.745 0
13909.1 994.151 0
13901.2 1070.56 0
13893.4 1146.98 0
13885.8 1223.42 0
13878.6 1299.87 0
13871.6 1376.35 0
13865 1452.84 0
13858.8 1529.37 0
13853.1 1605.93 0
13848 1682.52 0
13843.4 1759.15 0
13839.6 1835.83 0
13836.4 1912.55 13.5029
13833.9 1989.31 13.5029
13831.5 2066.11 13.5029
13829.2 2142.9 13.5029
13826.8 2219.7 0
13824.5 2296.5 0
p
66
30
14200 0 0
14211.7 70.9066 0
14223.4 141.813 0
14232.3 213.155 0
14240.1 284.645 0
14246.3 356.356 0
14250.8 428.249 0
14253.5 500.268 0
14255.7 572.357 0
14257.7 644.467 0
14260.1 716.553 0
14263.5 788.563 0
14268.6 860.424 0
14275.6 932.066 0
14284.9 1003.38 0
14296.8 1074.27 0
14311.5 1144.6 0
14329 1214.28 0
14349.4 1283.2 0
14372.4 1351.32 0
14398 1418.59 0
14425.7 1485.05 0
14455.3 1550.78 0
14486.2 1615.91 0
14518.1 1680.65 0
14550.2 1745.22 0
14582.1 1809.92 0
14613 1875.06 0
14642.3 1940.94 0
14669.7 2007.64 0
14696.8 2074.6 0
p
67
30
14400 0 0
14402.7 67.6381 0
14405.4 135.276 0
14406.7 202.933 0
14408.3 270.615 0
14410.2 338.311 0
14412.7 406.011 0
14416.3 473.695 0
14420.7 541.324 0
14426.1 608.887 0
14432.7 676.36 0
14440.3 743.717 0
14449.2 810.93 0
14458.8 878.03 0
14469.3 945.01 0
14480.6 1011.88 0
14492.4 1078.65 0
14504.8 1145.33 0
14517.6 1211.93 0
14530.9 1278.46 0
14544.6 1344.91 0
14558.7 1411.29 0
14573.2 1477.61 0
14588 1543.87 0
14603.1 1610.05 0
14618.6 1676.17 0
14634.5 1742.22 0
14650.7 1808.21 -11.953
14667.1 1874.2 -11.953
14683.8 1940.15 -11.953
14701 2006 -11.953
p
68
30
14600 0 0
14601.5 65.5775 0
14603.1 131.155 0
14607.1 196.895 0
14611.4 262.508 0
14616.4 328.09 0
14622 393.635 0
14627.9 459.133 0
14633.8 524.625 0
14639.7 590.108 0
14645.3 655.595 0
14650.5 721.097 0
14655.3 786.627 0
14659.5 852.194 0
14663.1 917.806 0
14666.2 983.469 0
14668.8 1049.19 0
14670.8 1114.95 0
14672.5 1180.77 0
14673.8 1246.63 0
14674.8 1312.52 0
14675.8 1378.43 0
14676.8 1444.35 0
14677.9 1510.26 0
14679.3 1576.15 0
14681.1 1641.99 0
14683.5 1707.78 0
14686.6 1773.5 0
14690.5 1839.12 15.9374
14694.7 1904.69 15.9374
14699.2 1970.22 15.9374
p
69
30
14800 0 0
14798.7 80.8196 0
14797.4 161.639 0
14796 242.099 0
14794.6 322.737 0
14793.1 403.375 0
14791.6 484.012 0
14789.9 564.647 0
14788.2 645.28 0
14786.4 725.912 0
14784.5 806.542 0
14782.4 887.17 0
14780.2 967.795 0
14777.8 1048.42 0
14775.3 1129.04 0
14772.6 1209.66 0
14769.7 1290.27 0
14766.6 1370.88 0
14763.2 1451.49 0
14759.7 1532.09 0
14755.8 1612.69 0
14751.8 1693.28 0
14747.4 1773.88 0
14742.8 1854.46 0
14737.9 1935.04 0
14732.7 2015.62 0
14727.3 2096.29 0
14721.8 2177.04 0
14716.3 2257.79 0
14710.8 2338.54 0
14705.4 2419.3 0
p
70
30
15000 0 0
15002.4 67.8679 0
15004.8 135.736 0
15007.1 203.604 0
15009.5 271.472 0
15011.9 339.34 0
15014.3 407.207 0
15016.7 475.075 0
15019 542.943 0
15021.4 610.811 0
15023.8 678.679 0
15026.2 746.547 0
15028.6 814.415 0
15030.9 882.283 0
15033.3 950.151 0
15035.7 1018.02 0
15038.1 1085.89 0
15040.5 1153.75 0
15042.8 1221.62 0
15045.2 1289.49 0
15047.6 1357.36 0
15050 1425.23 0
15052.4 1493.09 0
15054.7 1560.96 0
15057.1 1628.83 0
15059.5 1696.7 0
15061.9 1764.57 0
15064.3 1832.43 0
15066.6 1900.3 0
15069 1968.17 0
15071.4 2036.04 0
p
71
30
15200 0 0
15207.8 69.6772 0
15215.6 139.354 0
15223.3 209.031 0
15231.1 278.709 0
15238.9 348.386 0
15246.7 418.063 0
15254.4 487.74 0
15262.2 557.417 0
15270 627.094 0
15277.8 696.772 0
15285.5 766.449 0
15293.3 836.126 0
15301.1 905.803 0
15308.9 975.48 0
15316.6 1045.16 0
15324.4 1114.83 0
15332.2 1184.51 0
15340 1254.19 0
15347.7 1323.87 0
15355.5 1393.54 0
15363.3 1463.22 0
15371.1 1532.9 0
15378.8 1602.57 0
15386.6 1672.25 0
15394.4 1741.93 0
15402.2 1811.61 0
15409.9 1881.28 0
15417.7 1950.96 0
15425.5 2020.64 0
15433.3 2090.31 0
p
72
30
15400 0 0
15405.7 73.3673 0
15411.3 146.735 0
15416.7 220.122 0
15421.5 293.54 0
15425.7 366.999 0
15428.9 440.509 0
15430.8 514.068 0
15430.8 587.656 0
15428.5 661.223 0
15423.2 734.657 0
15414.4 807.78 0
15402.6 880.506 0
15391.8 953.433 0
15383.5 1026.67 0
15379.1 1100.2 0
15380.1 1173.81 0
15387.7 1246.99 0
15402.8 1319.02 0
15425.7 1389.05 0
15456.2 1456.32 0
15493.6 1520.25 0
15536.9 1580.64 0
15584.9 1637.72 0
15636.2 1692.22 0
15689.2 1745.24 0
15742.3 1798.2 0
15794.2 1852.08 9.813
15846.1 1906.32 9.813
15898 1960.56 0
15949.9 2014.8 0
p
73
30
15600 0 0
15595 62.4354 0
15590.1 124.871 0
15585.6 187.349 0
15581.6 249.871 0
15578.3 312.446 0
15576 375.075 0
15574.7 437.753 0
15574.5 500.47 0
15575.5 563.215 0
15578 625.976 0
15582.4 688.73 0
15589.7 751.378 0
15597.6 813.895 0
15606.4 876.315 0
15616 938.645 0
15625.4 1000.99 0
15634.8 1063.34 0
15644 1125.72 0
15653.2 1188.13 0
15662.5 1250.55 0
15672.1 1312.97 0
15682.1 1375.34 0
15693 1437.63 0
15705.1 1499.72 0
15719 1561.48 0
15735.2 1622.72 0
15754.5 1683.09 0
15777.6 1742.26 -16.355
15804.4 1799.98 -16.355
15835.4 1855.69 -16.355
p
74
30
15800 0 0
15793.3 60.9028 0
15786.6 121.806 0
15779.9 182.699 0
15773.1 243.58 0
15766.2 304.444 0
15759.1 365.283 0
15751.8 426.09 0
15744.2 486.858 0
15736.5 547.583 0
15728.6 608.268 0
15721 668.944 0
15714.5 729.707 0
15708.9 790.605 0
15704.7 851.615 0
15702 912.721 0
15701.1 973.89 0
15701.9 1035.08 0
15704.5 1096.24 0
15708.9 1157.33 0
15715 1218.31 0
15722.7 1279.13 0
15731.9 1339.8 0
15742.2 1400.3 0
15753.5 1460.66 0
15765.5 1520.91 0
15777.8 1581.1 0
15790.2 1641.29 0
15802.3 1701.52 9.813
15814 1761.74 9.813
15826.3 1821.95 9.813
p
75
30
16000 0 0
15999.6 58.4231 0
15999.3 116.846 0
15998.9 175.269 0
15998.5 233.692 0
15998.1 292.115 0
15997.8 350.538 0
15997.4 408.961 0
15997 467.384 0
15996.7 525.808 0
15996.3 584.231 0
15995.9 642.654 0
15995.5 701.077 0
15995.2 759.5 0
15994.8 817.923 0
15994.4 876.346 0
15994.1 934.769 0
15993.7 993.192 0
15993.3 1051.62 0
15992.9 1110.04 0
15992.6 1168.46 0
15992.2 1226.88 0
15991.8 1285.31 0
15991.5 1343.73 0
15991.1 1402.15 0
15990.7 1460.58 0
15990.3 1519 0
15990 1577.42 0
15989.6 1635.85 0
15989.2 1694.27 0
15988.9 1752.69 0
p
76
30
16200 0 0
16199.2 58.7602 0
16198.4 117.52 0
16197.5 176.28 0
16196.7 235.041 0
16195.9 293.801 0
16195.1 352.561 0
16194.3 411.321 0
16193.4 470.081 0
16192.6 528.841 0
16191.8 587.602 0
16191 646.362 0
16190.1 705.122 0
16189.3 763.882 0
16188.5 822.642 0
16187.7 881.402 0
16186.9 940.163 0
16186 998.923 0
16185.2 1057.68 0
16184.4 1116.44 0
16183.6 1175.2 0
16182.8 1233.96 0
16181.9 1292.72 0
16181.1 1351.48 0
16180.3 1410.24 0
16179.5 1469 0
16178.7 1527.76 0
16177.8 1586.52 0
16177 1645.28 0
16176.2 1704.04 0
16175.4 1762.8 0
p
77
30
16400 0 0
16394.7 71.541 0
16389.4 143.082 0
16384.2 214.623 0
16378.9 286.164 0
16373.6 357.705 0
16368.3 429.246 0
16363.1 500.787 0
16357.8 572.328 0
16352.5 643.869 0
16347.2 715.41 0
16341.9 786.951 0
16336.7 858.492 0
16331.4 930.033 0
16326.1 1001.57 0
16320.8 1073.11 0
16315.6 1144.66 0
16310.3 1216.2 0
16305 1287.74 0
16299.7 1359.28 0
16294.4 1430.82 0
16289.2 1502.36 0
16283.9 1573.9 0
16278.6 1645.44 0
16273.3 1716.98 0
16268.1 1788.52 0
16262.8 1860.07 0
16257.5 1931.61 0
16252.2 2003.15 0
16246.9 2074.69 0
16241.7 2146.23 0
p
78
30
16600 0 0
16603.1 78.4487 0
16606.2 156.897 0
16609.3 235.346 0
16612.4 313.795 0
16615.5 392.243 0
16618.7 470.692 0
16621.8 549.141 0
16624.9 627.589 0
16628 706.038 0
16631.1 784.487 0
16634.2 862.935 0
16637.3 941.384 0
16640.4 1019.83 0
16643.5 1098.28 0
16646.6 1176.73 0
16649.8 1255.18 0
16652.9 1333.63 0
16656 1412.08 0
16659.1 1490.52 0
16662.2 1568.97 0
16665.3 1647.42 0
16668.4 1725.87 0
16671.5 1804.32 0
16674.6 1882.77 0
16677.7 1961.22 0
16680.8 2039.67 0
16684 2118.11 0
16687.1 2196.56 0
16690.2 2275.01 0
16693.3 2353.46 0
p
79
30
16800 0 0
16804.9 76.1759 0
16809.7 152.352 0
16814.6 228.528 0
16819.4 304.705 0
16824.3 380.883 0
16829.1 457.061 0
16833.9 533.239 0
16838.7 609.417 0
16843.6 685.596 0
16848.4 761.774 0
16853.2 837.953 0
16858 914.131 0
16862.9 990.31 0
16867.7 1066.49 0
16872.5 1142.66 0
16877.4 1218.84 0
16882.2 1295.02 0
16887.1 1371.19 0
16892 1447.37 0
16896.9 1523.54 0
16901.8 1599.72 0
16906.7 1675.89 0
16911.6 1752.06 0
16916.5 1828.23 0
16921.5 1904.41 0
16926.3 1980.58 0
16931.2 2056.75 0
16936.1 2132.93 0
16941 2209.1 0
16946.1 2285.27 0
s	0
29 31 95 97 
29 30 31 95 96 97 
b
2 0
0.783099 0.394383 0.840188
30 0 0 1
96 0 0 1
g
0
0.1 2 0 0 1 2 0 2 5
t
2
0
975.466 2323.39 100
973.098 2321.41 -100
a
4
0
31 28 97 94 
1 30 1 95 0 96 0 2640 0.453754 2641 0.546246 
1 29 1 95 0 2640 0.453754 2641 0.546246 
2 95 1 30 0 29 0 2640 0.546246 2641 0.453754 
2 96 1 30 0 2640 0.546246 2641 0.453754 
0 2640 2 30 0.453754 29 0.453754 95 0.546246 96 0.546246 
0 2641 2 30 0.546246 29 0.546246 95 0.453754 96 0.453754 
NanList HYP 0
d
18
0 0 -9.24917 0 0 -9.24917 0 0 9.24917 0 0 9.24917 1.18413 0.987955 0 -1.18408 -0.988131 0 
s	1
62 64 91 94 
62 63 64 91 92 93 94 
b
2 0
0.197551 0.911647 0.79844
63 0 0 2
92 0 0 1
93 0 0 1
g
0
0.1 2 0 0 1 2 0 2 5
t
2
2
1045.49 2033.97 100
1044.53 2030.62 -100
a
4
4
64 61 94 90 
1 63 1 91 0 92 0 93 0 2640 0.46007 2641 0.53993 
1 62 1 91 0 92 0 2640 0.46007 2641 0.53993 
2 91 1 63 0 62 0 2640 0.52662 2641 0.47338 
2 92 1 63 0 62 0 2640 0.52662 2641 0.47338 
2 93 1 63 0 2640 0.52662 2641 0.47338 
0 2640 2.5 63 0.46007 62 0.46007 91 0.52662 92 0.52662 93 0.52662 
0 2641 2.5 63 0.53993 62 0.53993 91 0.47338 92 0.47338 93 0.47338 
NanList HYP 0
d
21
0 0 -7.98592 0 0 -7.98592 0 0 5.32395 0 0 5.32395 0 0 5.32395 0.477702 1.67202 0 -0.477627 -1.67206 0 
s	2
126 127 128 129 130 161 162 163 192 193 194 195 
126 127 128 129 130 161 162 163 192 193 194 195 
b
2 0
0.277775 0.76823 0.335223
127 0 0 1
162 0 0 1
b
2 0
0.628871 0.477397 0.55397
128 0 0 2
129 0 0 2
193 0 0 2
194 0 0 2
g
0
0.1 2 0 0 1 2 0 2 5
t
2
4
1602.19 2301.31 100
1599.84 2305.4 -100
a
6
8
130 125 163 160 195 191 
1 127 1 193 0 162 0 192 0 2640 0.41826 2641 0.58174 
1 128 1 193 0 192 0 194 0 2640 0.41826 2641 0.58174 
1 126 1 162 0 161 0 2640 0.41826 2641 0.58174 
1 129 1 193 0 194 0 2640 0.41826 2641 0.58174 
2 193 1 127 0 128 0 129 0 2640 0.565392 2641 0.434608 
2 192 1 127 0 128 0 2640 0.565392 2641 0.434608 
2 194 1 128 0 129 0 2640 0.565392 2641 0.434608 
2 162 1 127 0 126 0 2640 0.565392 2641 0.434608 
2 161 1 126 0 2640 0.565392 2641 0.434608 
0 2640 4.5 127 0.41826 128 0.41826 126 0.41826 129 0.41826 193 0.565392 192 0.565392 194 0.565392 162 0.565392 161 0.565392 
0 2641 4.5 127 0.58174 128 0.58174 126 0.58174 129 0.58174 193 0.434608 192 0.434608 194 0.434608 162 0.434608 161 0.434608 
NanList HYP 0
d
33
0 0 -16.3479 0 0 -16.3479 0 0 -16.3479 0 0 -16.3479 0 0 13.0783 0 0 13.0783 0 0 13.0783 0 0 13.0783 0 0 13.0783 1.17457 -2.04234 0 -1.17452 2.04246 0 
s	3
291 293 324 328 358 361 
291 292 293 324 325 326 327 328 358 359 360 361 
b
3 0
0.95223 0.513401 0.364784
292 0 0 2
325 0 0 1
326 0 0 2
327 0 0 3
359 0 0 3
360 0 0 3
g
0
0.1 2 0 0 1 2 0 2 5
t
2
6
3033.51 1899.24 100
3028.19 1889.65 -100
a
6
14
293 290 328 323 361 357 
1 326 1 291 0 359 0 360 0 358 0 2640 0.415122 2641 0.584878 
1 327 1 291 0 359 0 360 0 292 0 2640 0.415122 2641 0.584878 
1 325 1 359 0 358 0 2640 0.415122 2641 0.584878 
1 324 1 358 0 2640 0.415122 2641 0.584878 
2 359 1 291 0 326 0 327 0 325 0 2640 0.546672 2641 0.453328 
2 360 1 291 0 326 0 327 0 292 0 2640 0.546672 2641 0.453328 
2 358 1 326 0 325 0 324 0 2640 0.546672 2641 0.453328 
3 291 1 326 0 327 0 359 0 360 0 2640 0.599749 2641 0.400251 
3 292 1 327 0 360 0 2640 0.599749 2641 0.400251 
0 2640 4.5 326 0.415122 327 0.415122 325 0.415122 324 0.415122 359 0.546672 360 0.546672 358 0.546672 291 0.599749 292 0.599749 
0 2641 4.5 326 0.584878 327 0.584878 325 0.584878 324 0.584878 359 0.453328 360 0.453328 358 0.453328 291 0.400251 292 0.400251 
NanList HYP 0
d
33
0 0 -16.9757 0 0 -16.9757 0 0 -16.9757 0 0 -16.9757 0 0 9.33438 0 0 9.33438 0 0 9.33438 0 0 19.9498 0 0 19.9498 2.66104 4.79508 0 -2.66118 -4.79504 0 
s	4
636 640 672 676 
636 637 638 639 640 672 673 674 675 676 
b
2 0
0.717297 0.635712 0.916195
637 0 0 1
638 0 0 3
639 0 0 2
673 0 0 2
674 0 0 2
675 0 0 2
g
0
0.1 2 0 0 1 2 0 2 5
t
2
8
4888.73 840.516 100
4886.86 838.425 -100
a
4
20
640 635 676 671 
1 637 1 674 0 672 0 673 0 2640 0.458445 2641 0.541555 
1 638 1 674 0 673 0 675 0 2640 0.458445 2641 0.541555 
1 639 1 674 0 675 0 2640 0.458445 2641 0.541555 
1 636 1 672 0 2640 0.458445 2641 0.541555 
2 674 1 637 0 638 0 639 0 2640 0.541555 2641 0.458445 
2 672 1 637 0 636 0 2640 0.541555 2641 0.458445 
2 673 1 637 0 638 0 2640 0.541555 2641 0.458445 
2 675 1 638 0 639 0 2640 0.541555 2641 0.458445 
0 2640 4 637 0.458445 638 0.458445 639 0.458445 636 0.458445 674 0.541555 672 0.541555 673 0.541555 675 0.541555 
0 2641 4 637 0.541555 638 0.541555 639 0.541555 636 0.541555 674 0.458445 672 0.458445 673 0.458445 675 0.458445 
NanList HYP 0
d
30
0 0 -8.31106 0 0 -8.31106 0 0 -8.31106 0 0 -8.31106 0 0 8.31106 0 0 8.31106 0 0 8.31106 0 0 8.31106 0.931221 1.04549 0 -0.931495 -1.04553 0 
s	5
655 656 657 658 689 690 691 722 723 724 755 756 757 785 786 787 788 
655 656 657 658 689 690 691 722 723 724 755 756 757 785 786 787 788 
b
3 0
0.0163006 0.606969 0.141603
656 0 0 1
690 0 0 1
723 0 0 2
b
3 0
0.804177 0.137232 0.242887
657 0 0 2
756 0 0 1
786 0 0 2
787 0 0 1
g
0
0.1 2 0 0 1 2 0 2 5
t
2
10
5159.19 1929.64 100
5157.18 1924.94 -100
a
10
24
658 654 691 688 724 721 757 754 788 784 
1 656 1 723 0 785 0 786 0 787 0 2640 0.446168 2641 0.553832 
1 655 1 722 0 723 0 2640 0.446168 2641 0.553832 
1 657 1 786 0 787 0 2640 0.446168 2641 0.553832 
2 785 1 656 0 756 0 755 0 2640 0.575364 2641 0.424636 
2 786 1 656 0 657 0 756 0 2640 0.575364 2641 0.424636 
2 787 1 656 0 657 0 2640 0.575364 2641 0.424636 
2 722 1 655 0 690 0 689 0 2640 0.575364 2641 0.424636 
2 723 1 656 0 655 0 690 0 2640 0.575364 2641 0.424636 
1 690 1 722 0 723 0 2640 0.446168 2641 0.553832 
1 689 1 722 0 2640 0.446168 2641 0.553832 
1 756 1 785 0 786 0 2640 0.446168 2641 0.553832 
1 755 1 785 0 2640 0.446168 2641 0.553832 
0 2640 6 656 0.446168 655 0.446168 657 0.446168 785 0.575364 786 0.575364 787 0.575364 722 0.575364 723 0.575364 690 0.446168 689 0.446168 756 0.446168 755 0.446168 
0 2641 6 656 0.553832 655 0.553832 657 0.553832 785 0.424636 786 0.424636 787 0.424636 722 0.424636 723 0.424636 690 0.553832 689 0.553832 756 0.553832 755 0.553832 
NanList HYP 0
d
42
0 0 -10.7663 0 0 -10.7663 0 0 -10.7663 0 0 15.0728 0 0 15.0728 0 0 15.0728 0 0 15.0728 0 0 15.0728 0 0 -10.7663 0 0 -10.7663 0 0 -10.7663 0 0 -10.7663 1.00629 2.35089 0 -1.00612 -2.35097 0 
s	6
953 955 983 986 
953 954 955 983 984 985 986 
b
2 0
0.12979 0.400944 0.156679
954 0 0 2
984 0 0 1
985 0 0 1
g
0
0.1 2 0 0 1 2 0 2 5
t
2
12
6451.28 2247.94 100
6449.56 2245.35 -100
a
4
34
955 952 986 982 
1 953 1 984 0 983 0 2640 0.446791 2641 0.553209 
1 954 1 984 0 985 0 2640 0.446791 2641 0.553209 
2 984 1 953 0 954 0 2640 0.535473 2641 0.464527 
2 983 1 953 0 2640 0.535473 2641 0.464527 
2 985 1 954 0 2640 0.535473 2641 0.464527 
0 2640 2.5 953 0.446791 954 0.446791 984 0.535473 983 0.535473 985 0.535473 
0 2641 2.5 953 0.553209 954 0.553209 984 0.464527 983 0.464527 985 0.464527 
NanList HYP 0
d
21
0 0 -10.6419 0 0 -10.6419 0 0 7.09459 0 0 7.09459 0 0 7.09459 0.859232 1.29271 0 -0.859077 -1.2927 0 
s	7
1118 1120 1147 1150 
1118 1119 1120 1147 1148 1149 1150 
b
2 0
0.218257 0.998924 0.108809
1119 0 0 2
1148 0 0 1
1149 0 0 1
g
0
0.1 2 0 0 1 2 0 2 5
t
2
14
7460.38 1982.67 100
7458 1981.95 -100
a
4
38
1120 1117 1150 1146 
1 1118 1 1148 0 1147 0 2640 0.436304 2641 0.563696 
1 1119 1 1148 0 1149 0 2640 0.436304 2641 0.563696 
2 1148 1 1118 0 1119 0 2640 0.542464 2641 0.457536 
2 1147 1 1118 0 2640 0.542464 2641 0.457536 
2 1149 1 1119 0 2640 0.542464 2641 0.457536 
0 2640 2.5 1118 0.436304 1119 0.436304 1148 0.542464 1147 0.542464 1149 0.542464 
0 2641 2.5 1118 0.563696 1119 0.563696 1148 0.457536 1147 0.457536 1149 0.457536 
NanList HYP 0
d
21
0 0 -12.7392 0 0 -12.7392 0 0 8.49279 0 0 8.49279 0 0 8.49279 1.18926 0.3628 0 -1.18923 -0.362824 0 
s	8
1215 1219 1280 1284 
1215 1216 1217 1218 1219 1280 1281 1282 1283 1284 
b
2 0
0.61264 0.839112 0.512932
1216 0 0 2
1217 0 0 2
1218 0 0 2
1281 0 0 2
1282 0 0 3
1283 0 0 1
g
0
0.1 2 0 0 1 2 0 2 5
t
2
16
8624.23 2064.68 100
8624.57 2061.82 -100
a
4
42
1219 1214 1284 1279 
1 1216 1 1281 0 1282 0 1280 0 2640 0.433127 2641 0.566873 
1 1215 1 1281 0 1280 0 2640 0.433127 2641 0.566873 
1 1217 1 1281 0 1282 0 2640 0.433127 2641 0.566873 
1 1218 1 1282 0 1283 0 2640 0.433127 2641 0.566873 
2 1281 1 1216 0 1215 0 1217 0 2640 0.566873 2641 0.433127 
2 1282 1 1216 0 1217 0 1218 0 2640 0.566873 2641 0.433127 
2 1280 1 1216 0 1215 0 2640 0.566873 2641 0.433127 
2 1283 1 1218 0 2640 0.566873 2641 0.433127 
0 2640 4 1216 0.433127 1215 0.433127 1217 0.433127 1218 0.433127 1281 0.566873 1282 0.566873 1280 0.566873 1283 0.566873 
0 2641 4 1216 0.566873 1215 0.566873 1217 0.566873 1218 0.566873 1281 0.433127 1282 0.433127 1280 0.433127 1283 0.433127 
NanList HYP 0
d
30
0 0 -13.3747 0 0 -13.3747 0 0 -13.3747 0 0 -13.3747 0 0 13.3747 0 0 13.3747 0 0 13.3747 0 0 13.3747 -0.172483 1.43329 0 0.172249 -1.43323 0 
s	9
1271 1277 1304 1314 1336 1346 
1271 1272 1273 1274 1275 1276 1277 1304 1305 1306 1307 1308 1309 1310 1311 1312 1313 1314 1336 1337 1338 1339 1340 1341 1342 1343 1344 1345 1346 
b
3 0
0.524287 0.637552 0.296032
1272 0 0 3
1273 0 0 4
1274 0 0 6
1275 0 0 5
1276 0 0 3
1305 0 0 2
1306 0 0 3
1307 0 0 3
1308 0 0 5
1309 0 0 5
1310 0 0 5
1311 0 0 6
1312 0 0 4
1313 0 0 2
1337 0 0 2
1338 0 0 3
1339 0 0 4
1340 0 0 5
1341 0 0 5
1342 0 0 5
1343 0 0 6
1344 0 0 3
1345 0 0 1
g
0
0.1 2 0 0 1 2 0 2 5
t
2
18
8899.2 1451.14 100
8900.8 1444.8 -100
a
6
46
1277 1270 1314 1303 1346 1335 
1 1311 1 1274 0 1341 0 1342 0 1343 0 1275 0 1276 0 1344 0 2640 0.402811 2641 0.597189 
1 1310 1 1273 0 1274 0 1341 0 1342 0 1343 0 1275 0 2640 0.402811 2641 0.597189 
1 1307 1 1339 0 1340 0 1272 0 1338 0 1271 0 2640 0.402811 2641 0.597189 
1 1308 1 1273 0 1341 0 1339 0 1340 0 1272 0 2640 0.402811 2641 0.597189 
1 1309 1 1273 0 1274 0 1341 0 1342 0 1340 0 2640 0.402811 2641 0.597189 
1 1312 1 1343 0 1275 0 1276 0 1344 0 2640 0.402811 2641 0.597189 
1 1305 1 1338 0 1337 0 1336 0 2640 0.402811 2641 0.597189 
1 1306 1 1339 0 1338 0 1337 0 2640 0.402811 2641 0.597189 
1 1304 1 1337 0 1336 0 2640 0.402811 2641 0.597189 
1 1313 1 1344 0 1345 0 2640 0.402811 2641 0.597189 
2 1341 1 1311 0 1273 0 1274 0 1310 0 1308 0 1309 0 2640 0.516731 2641 0.483269 
2 1342 1 1311 0 1273 0 1274 0 1310 0 1275 0 1309 0 2640 0.516731 2641 0.483269 
2 1343 1 1311 0 1274 0 1310 0 1275 0 1312 0 1276 0 2640 0.516731 2641 0.483269 
2 1339 1 1307 0 1308 0 1272 0 1271 0 1306 0 2640 0.516731 2641 0.483269 
2 1340 1 1273 0 1307 0 1308 0 1309 0 1272 0 2640 0.516731 2641 0.483269 
2 1338 1 1307 0 1271 0 1305 0 1306 0 2640 0.516731 2641 0.483269 
2 1337 1 1305 0 1306 0 1304 0 2640 0.516731 2641 0.483269 
2 1344 1 1311 0 1312 0 1313 0 2640 0.516731 2641 0.483269 
2 1336 1 1305 0 1304 0 2640 0.516731 2641 0.483269 
2 1345 1 1313 0 2640 0.516731 2641 0.483269 
3 1273 1 1310 0 1341 0 1342 0 1308 0 1309 0 1340 0 2640 0.634097 2641 0.365903 
3 1274 1 1311 0 1310 0 1341 0 1342 0 1343 0 1309 0 2640 0.634097 2641 0.365903 
3 1275 1 1311 0 1310 0 1342 0 1343 0 1312 0 2640 0.634097 2641 0.365903 
3 1272 1 1307 0 1308 0 1339 0 1340 0 2640 0.634097 2641 0.365903 
3 1271 1 1307 0 1339 0 1338 0 2640 0.634097 2641 0.365903 
3 1276 1 1311 0 1343 0 1312 0 2640 0.634097 2641 0.365903 
0 2640 13 1311 0.402811 1310 0.402811 1307 0.402811 1308 0.402811 1309 0.402811 1312 0.402811 1305 0.402811 1306 0.402811 1304 0.402811 1313 0.402811 1341 0.516731 1342 0.516731 1343 0.516731 1339 0.516731 1340 0.516731 1338 0.516731 1337 0.516731 1344 0.516731 1336 0.516731 1345 0.516731 1273 0.634097 1274 0.634097 1275 0.634097 1272 0.634097 1271 0.634097 1276 0.634097 
0 2641 13 1311 0.597189 1310 0.597189 1307 0.597189 1308 0.597189 1309 0.597189 1312 0.597189 1305 0.597189 1306 0.597189 1304 0.597189 1313 0.597189 1341 0.483269 1342 0.483269 1343 0.483269 1339 0.483269 1340 0.483269 1338 0.483269 1337 0.483269 1344 0.483269 1336 0.483269 1345 0.483269 1273 0.365903 1274 0.365903 1275 0.365903 1272 0.365903 1271 0.365903 1276 0.365903 
NanList HYP 0
d
84
0 0 -19.4378 0 0 -19.4378 0 0 -19.4378 0 0 -19.4378 0 0 -19.4378 0 0 -19.4378 0 0 -19.4378 0 0 -19.4378 0 0 -19.4378 0 0 -19.4378 0 0 3.34613 0 0 3.34613 0 0 3.34613 0 0 3.34613 0 0 3.34613 0 0 3.34613 0 0 3.34613 0 0 3.34613 0 0 3.34613 0 0 3.34613 0 0 26.8195 0 0 26.8195 0 0 26.8195 0 0 26.8195 0 0 26.8195 0 0 26.8195 -0.801868 3.17035 0 0.802162 -3.17045 0 
s	10
1382 1384 1415 1417 
1382 1383 1384 1415 1416 1417 
b
2 0
0.292517 0.972775 0.493583
1383 0 0 1
1416 0 0 1
g
0
0.1 2 0 0 1 2 0 2 5
t
2
20
9623.83 2079.54 100
9624.08 2083.27 -100
a
4
52
1384 1381 1417 1414 
1 1382 1 1416 0 1415 0 2640 0.465131 2641 0.534869 
1 1383 1 1416 0 2640 0.465131 2641 0.534869 
2 1416 1 1382 0 1383 0 2640 0.534869 2641 0.465131 
2 1415 1 1382 0 2640 0.534869 2641 0.465131 
0 2640 2 1382 0.465131 1383 0.465131 1416 0.534869 1415 0.534869 
0 2641 2 1382 0.534869 1383 0.534869 1416 0.465131 1415 0.465131 
NanList HYP 0
d
18
0 0 -6.97371 0 0 -6.97371 0 0 6.97371 0 0 6.97371 -0.130138 -1.86399 0 0.129982 1.86381 0 
s	11
1844 1846 1908 1910 
1844 1845 1846 1908 1909 1910 
b
2 0
0.769914 0.526745 0.771358
1845 0 0 1
1909 0 0 1
g
0
0.1 2 0 0 1 2 0 2 5
t
2
22
12411.1 2204.63 100
12408 2201 -100
a
4
56
1846 1843 1910 1907 
1 1845 1 1908 0 1909 0 2640 0.464732 2641 0.535268 
1 1844 1 1908 0 2640 0.464732 2641 0.535268 
2 1908 1 1845 0 1844 0 2640 0.535268 2641 0.464732 
2 1909 1 1845 0 2640 0.535268 2641 0.464732 
0 2640 2 1845 0.464732 1844 0.464732 1908 0.535268 1909 0.535268 
0 2641 2 1845 0.535268 1844 0.535268 1908 0.464732 1909 0.464732 
NanList HYP 0
d
18
0 0 -7.05368 0 0 -7.05368 0 0 7.05368 0 0 7.05368 1.53555 1.81662 0 -1.53633 -1.81638 0 
s	12
1932 1937 1963 1968 
1932 1933 1934 1935 1936 1937 1963 1964 1965 1966 1967 1968 
b
2 0
0.283315 0.891529 0.400229
1933 0 0 2
1934 0 0 3
1935 0 0 2
1936 0 0 2
1964 0 0 2
1965 0 0 3
1966 0 0 3
1967 0 0 1
g
0
0.1 2 0 0 1 2 0 2 5
t
2
24
12536.8 1476.08 100
12534 1474.65 -100
a
4
60
1937 1931 1968 1962 
1 1933 1 1964 0 1965 0 1963 0 2640 0.4451 2641 0.5549 
1 1934 1 1964 0 1965 0 1966 0 2640 0.4451 2641 0.5549 
1 1932 1 1964 0 1963 0 2640 0.4451 2641 0.5549 
1 1935 1 1965 0 1966 0 2640 0.4451 2641 0.5549 
1 1936 1 1966 0 1967 0 2640 0.4451 2641 0.5549 
2 1964 1 1933 0 1934 0 1932 0 2640 0.5549 2641 0.4451 
2 1965 1 1933 0 1934 0 1935 0 2640 0.5549 2641 0.4451 
2 1966 1 1934 0 1935 0 1936 0 2640 0.5549 2641 0.4451 
2 1963 1 1933 0 1932 0 2640 0.5549 2641 0.4451 
2 1967 1 1936 0 2640 0.5549 2641 0.4451 
0 2640 5 1933 0.4451 1934 0.4451 1932 0.4451 1935 0.4451 1936 0.4451 1964 0.5549 1965 0.5549 1966 0.5549 1963 0.5549 1967 0.5549 
0 2641 5 1933 0.5549 1934 0.5549 1932 0.5549 1935 0.5549 1936 0.5549 1964 0.4451 1965 0.4451 1966 0.4451 1963 0.4451 1967 0.4451 
NanList HYP 0
d
36
0 0 -10.98 0 0 -10.98 0 0 -10.98 0 0 -10.98 0 0 -10.98 0 0 10.98 0 0 10.98 0 0 10.98 0 0 10.98 0 0 10.98 1.41869 0.713858 0 -1.41854 -0.713979 0 
s	13
1975 1976 1977 1978 2009 2010 2011 2040 2041 2042 2043 2044 
1975 1976 1977 1978 2009 2010 2011 2040 2041 2042 2043 2044 
b
2 0
0.919026 0.807725 0.352458
1976 0 0 1
1977 0 0 1
2043 0 0 2
b
2 0
0.525995 0.949327 0.0697553
2010 0 0 2
2041 0 0 1
2042 0 0 1
g
0
0.1 2 0 0 1 2 0 2 5
t
2
26
12898.9 2267.16 100
12900.9 2261.19 -100
a
6
64
1978 1974 2011 2008 2044 2039 
1 2042 1 1976 0 2010 0 1975 0 2640 0.431118 2641 0.568882 
1 2041 1 2009 0 2010 0 2640 0.431118 2641 0.568882 
1 2043 1 1976 0 1977 0 2640 0.431118 2641 0.568882 
1 2040 1 2009 0 2640 0.431118 2641 0.568882 
2 1976 1 2042 0 2043 0 2640 0.555106 2641 0.444894 
2 1975 1 2042 0 2640 0.555106 2641 0.444894 
2 1977 1 2043 0 2640 0.555106 2641 0.444894 
2 2009 1 2041 0 2040 0 2640 0.555106 2641 0.444894 
2 2010 1 2042 0 2041 0 2640 0.555106 2641 0.444894 
0 2640 4.5 2042 0.431118 2041 0.431118 2043 0.431118 2040 0.431118 1976 0.555106 1975 0.555106 1977 0.555106 2009 0.555106 2010 0.555106 
0 2641 4.5 2042 0.568882 2041 0.568882 2043 0.568882 2040 0.568882 1976 0.444894 1975 0.444894 1977 0.444894 2009 0.444894 2010 0.444894 
NanList HYP 0
d
33
0 0 -13.7764 0 0 -13.7764 0 0 -13.7764 0 0 -13.7764 0 0 11.0211 0 0 11.0211 0 0 11.0211 0 0 11.0211 0 0 11.0211 -1.02757 2.98708 0 1.02726 -2.98687 0 
s	14
2101 2104 2141 2143 
2101 2102 2103 2104 2141 2142 2143 
b
2 0
0.663227 0.192214 0.0860558
2102 0 0 1
2103 0 0 1
2142 0 0 2
g
0
0.1 2 0 0 1 2 0 2 5
t
2
28
13752.6 1783.77 100
13749.3 1784.81 -100
a
4
70
2104 2100 2143 2140 
1 2102 1 2141 0 2142 0 2640 0.449058 2641 0.550942 
1 2101 1 2141 0 2640 0.449058 2641 0.550942 
1 2103 1 2142 0 2640 0.449058 2641 0.550942 
2 2141 1 2102 0 2101 0 2640 0.576413 2641 0.423587 
2 2142 1 2102 0 2103 0 2640 0.576413 2641 0.423587 
0 2640 2.5 2102 0.449058 2101 0.449058 2103 0.449058 2141 0.576413 2142 0.576413 
0 2641 2.5 2102 0.550942 2101 0.550942 2103 0.550942 2141 0.423587 2142 0.423587 
NanList HYP 0
d
21
0 0 -10.1883 0 0 -10.1883 0 0 -10.1883 0 0 15.2825 0 0 15.2825 1.64091 -0.520664 0 -1.64177 0.520585 0 
s	15
2104 2108 2170 2174 
2104 2105 2106 2107 2108 2170 2171 2172 2173 2174 
b
2 0
0.0641713 0.348893 0.890233
2105 0 0 2
2106 0 0 3
2107 0 0 1
2171 0 0 2
2172 0 0 2
2173 0 0 2
g
0
0.1 2 0 0 1 2 0 2 5
t
2
30
13834.6 2036.86 100
13835.2 2039.71 -100
a
3
74
2108 2174 2169 
1 2105 1 2171 0 2170 0 2172 0 2640 0.432485 2641 0.567515 
1 2106 1 2171 0 2172 0 2173 0 2640 0.432485 2641 0.567515 
1 2104 1 2171 0 2170 0 2640 0.432485 2641 0.567515 
1 2107 1 2173 0 2640 0.432485 2641 0.567515 
2 2171 1 2105 0 2106 0 2104 0 2640 0.567515 2641 0.432485 
2 2170 1 2105 0 2104 0 2640 0.567515 2641 0.432485 
2 2172 1 2105 0 2106 0 2640 0.567515 2641 0.432485 
2 2173 1 2106 0 2107 0 2640 0.567515 2641 0.432485 
0 2640 4 2105 0.432485 2106 0.432485 2104 0.432485 2107 0.432485 2171 0.567515 2170 0.567515 2172 0.567515 2173 0.567515 
0 2641 4 2105 0.567515 2106 0.567515 2104 0.567515 2107 0.567515 2171 0.432485 2170 0.432485 2172 0.432485 2173 0.432485 
NanList HYP 0
d
30
0 0 -13.5029 0 0 -13.5029 0 0 -13.5029 0 0 -13.5029 0 0 13.5029 0 0 13.5029 0 0 13.5029 0 0 13.5029 -0.286938 -1.42696 0 0.286938 1.42689 0 
s	16
2238 2242 2272 2275 
2238 2239 2240 2241 2242 2272 2273 2274 2275 
b
2 0
0.0630958 0.457702 0.020023
2239 0 0 1
2240 0 0 2
2241 0 0 1
2273 0 0 2
2274 0 0 2
g
0
0.1 2 0 0 1 2 0 2 5
t
2
32
14685.2 1905.92 100
14682.5 1906.25 -100
a
4
77
2242 2237 2275 2271 
1 2239 1 2272 0 2273 0 2640 0.440235 2641 0.559765 
1 2240 1 2273 0 2274 0 2640 0.440235 2641 0.559765 
1 2238 1 2272 0 2640 0.440235 2641 0.559765 
1 2241 1 2274 0 2640 0.440235 2641 0.559765 
2 2272 1 2239 0 2238 0 2640 0.579687 2641 0.420313 
2 2273 1 2239 0 2240 0 2640 0.579687 2641 0.420313 
2 2274 1 2240 0 2241 0 2640 0.579687 2641 0.420313 
0 2640 3.5 2239 0.440235 2240 0.440235 2238 0.440235 2241 0.440235 2272 0.579687 2273 0.579687 2274 0.579687 
0 2641 3.5 2239 0.559765 2240 0.559765 2238 0.559765 2241 0.559765 2272 0.420313 2273 0.420313 2274 0.420313 
NanList HYP 0
d
27
0 0 -11.953 0 0 -11.953 0 0 -11.953 0 0 -11.953 0 0 15.9374 0 0 15.9374 0 0 15.9374 1.30773 -0.168196 0 -1.30828 0.16831 0 
s	17
2403 2405 2437 2440 2470 2473 
2403 2404 2405 2437 2438 2439 2440 2470 2471 2472 2473 
b
3 0
0.902208 0.970634 0.23828
2404 0 0 1
2438 0 0 2
2439 0 0 2
2471 0 0 1
2472 0 0 2
g
0
0.1 2 0 0 1 2 0 2 5
t
2
34
15813.2 1805.77 100
15811.9 1804.62 -100
a
6
81
2405 2402 2440 2436 2473 2469 
1 2438 1 2403 0 2471 0 2472 0 2640 0.418225 2641 0.581775 
1 2439 1 2403 0 2472 0 2404 0 2640 0.418225 2641 0.581775 
1 2437 1 2471 0 2470 0 2640 0.418225 2641 0.581775 
2 2471 1 2438 0 2437 0 2640 0.549065 2641 0.450935 
2 2472 1 2438 0 2439 0 2640 0.549065 2641 0.450935 
2 2470 1 2437 0 2640 0.549065 2641 0.450935 
2 2403 1 2438 0 2439 0 2640 0.549065 2641 0.450935 
2 2404 1 2439 0 2640 0.549065 2641 0.450935 
0 2640 4 2438 0.418225 2439 0.418225 2437 0.418225 2471 0.549065 2472 0.549065 2470 0.549065 2403 0.549065 2404 0.549065 
0 2641 4 2438 0.581775 2439 0.581775 2437 0.581775 2471 0.450935 2472 0.450935 2470 0.450935 2403 0.450935 2404 0.450935 
NanList HYP 0
d
30
0 0 -16.355 0 0 -16.355 0 0 -16.355 0 0 9.813 0 0 9.813 0 0 9.813 0 0 9.813 0 0 9.813 0.661542 0.577245 0 -0.66076 -0.577255 0 
