33 2 0.1 0.3 1 0 14 1
p
0
30
1000 0 0
997.899 52.8689 0
995.799 105.738 0
993.698 158.607 0
991.597 211.476 0
989.497 264.345 0
987.396 317.214 0
985.295 370.083 0
983.194 422.952 0
981.094 475.82 0
978.993 528.689 0
976.892 581.558 0
974.792 634.427 0
972.691 687.296 0
970.59 740.165 0
968.49 793.034 0
966.389 845.903 0
964.288 898.772 0
962.187 951.641 0
960.087 1004.51 0
957.986 1057.38 0
955.885 1110.25 0
953.785 1163.12 0
951.684 1215.99 0
949.583 1268.85 0
947.483 1321.72 0
945.382 1374.59 0
943.281 1427.46 0
941.18 1480.33 0
939.08 1533.2 0
936.979 1586.07 0
p
1
30
1200 0 0
1203.17 78.9687 0
1206.33 157.937 0
1207.91 236.961 0
1207.26 316.019 0
1203.47 395.034 0
1198.17 474.017 0
1191.24 552.936 0
1183.19 631.804 0
1174.56 710.648 0
1165.94 789.51 0
1157.91 868.43 0
1151.07 947.436 0
1145.98 1026.53 0
1143.19 1105.69 0
1143.2 1184.85 0
1146.43 1263.89 0
1153.22 1342.68 0
1163.8 1421.03 0
1178.33 1498.76 0
1196.82 1575.68 0
1219.22 1651.62 0
1245.32 1726.44 0
1274.84 1800.07 0
1307.4 1872.51 0
1342.51 1943.83 0
1379.62 2014.21 0
1418.12 2083.87 0
1457.32 2153.16 0
1496.54 2222.41 -18.763
1535.46 2291.85 -18.763
p
2
30
1400 0 0
1391.52 75.1731 0
1383.04 150.346 0
1373.42 225.385 0
1362.43 300.243 0
1349.98 374.889 0
1337.25 449.512 0
1324.36 524.131 0
1311.78 598.823 0
1299.94 673.655 0
1289.24 748.674 0
1280.05 823.905 0
1272.71 899.348 0
1267.53 974.978 0
1264.79 1050.74 0
1264.74 1126.56 0
1267.59 1202.35 0
1273.57 1277.96 0
1282.13 1353.35 0
1293.27 1428.42 0
1306.81 1503.13 0
1322.56 1577.43 0
1340.33 1651.32 0
1359.94 1724.77 0
1381.19 1797.81 0
1403.89 1870.44 0
1427.84 1942.71 0
1452.85 2014.65 0
1478.7 2086.32 0
1505.2 2157.78 10.3197
1532.09 2229.11 10.3197
p
3
30
1600 0 0
1609.47 65.4213 0
1618.94 130.843 0
1627.17 196.49 0
1633.88 262.362 0
1638.25 328.507 0
1641.97 394.672 0
1644.91 460.899 0
1647.35 527.155 0
1649.46 593.416 0
1651.27 659.658 0
1653.16 725.89 0
1655.12 792.105 0
1657.23 858.304 0
1659.49 924.494 0
1661.87 990.686 0
1664.28 1056.89 0
1666.57 1123.12 0
1668.52 1189.39 0
1669.84 1255.7 0
1670.11 1322.05 0
1668.78 1388.42 0
1665.15 1454.73 0
1658.96 1520.86 -18.763
1652.2 1586.97 -18.763
1646.29 1653.11 -18.763
1641.32 1719.28 -18.763
1636.84 1785.45 -18.763
1632.35 1851.63 -18.763
1627.49 1917.81 -18.763
1622.06 1983.95 -18.763
p
4
30
1800 0 0
1805.18 72.977 0
1810.37 145.954 0
1815.66 218.886 0
1821.07 291.786 0
1826.57 364.654 0
1832.75 437.482 0
1839.95 510.21 0
1848.62 582.766 0
1859.2 655.051 0
1872.02 726.912 0
1881.98 799.081 0
1886.59 871.614 0
1885.53 944.445 0
1878.05 1016.98 0
1864.59 1088.83 0
1845.09 1159.51 0
1819.12 1228.36 0
1788.68 1295.58 0
1756.54 1362.1 0
1725.43 1429.04 0
1697.99 1497.37 10.3197
1675.77 1567.37 10.3197
1656.94 1638.22 10.3197
1640.96 1709.67 10.3197
1627.58 1781.6 10.3197
1616.11 1853.81 10.3197
1605.7 1926.17 10.3197
1595.5 1998.59 10.3197
1584.45 2070.95 10.3197
1571.54 2143.38 10.3197
p
5
30
2000 0 0
1994.15 71.8081 0
1988.29 143.616 0
1983.17 215.489 0
1978.9 287.423 0
1975.69 359.423 0
1972.54 431.444 0
1969.37 503.485 0
1965.76 575.538 0
1961.12 647.599 0
1955.62 719.785 0
1946.34 791.828 0
1938.02 864.304 0
1927.69 936.414 0
1915.81 1008.36 0
1902.2 1080.05 0
1887 1151.39 0
1870.87 1222.46 0
1854.08 1293.32 0
1836.59 1363.97 0
1818.36 1434.41 0
1799.35 1504.67 0
1779.56 1574.76 0
1758.99 1644.7 0
1737.69 1714.49 0
1715.73 1784.12 0
1693.24 1853.58 0
1670.37 1922.9 10.3197
1647.18 1992.07 10.3197
1623.17 2060.96 10.3197
1597.77 2129.17 -18.763
p
6
30
2200 0 0
2185.8 84.8638 0
2171.6 169.728 0
2158.25 254.727 0
2146.1 339.91 0
2135.92 425.362 0
2127.64 511.04 0
2122 596.963 0
2119.9 683.09 0
2122.98 769.261 0
2133.11 854.979 0
2145.32 940.377 0
2157.33 1025.71 0
2166.83 1111.43 0
2171.15 1197.42 0
2168.03 1283.29 0
2155.81 1368.21 0
2133.55 1451.06 0
2101.13 1530.63 0
2059.28 1606 0
2009.37 1676.76 0
1953.3 1743.28 0
1893.26 1806.69 0
1831.63 1868.77 0
1770.91 1931.64 0
1713.76 1997.42 0
1662.98 2067.75 10.3197
1619.59 2142.47 10.3197
1578.95 2219.12 10.3197
1542.21 2298.09 10.3197
1506.45 2377.54 10.3197
p
7
30
2400 0 0
2396.57 59.819 0
2393.14 119.638 0
2389.71 179.457 0
2386.28 239.276 0
2382.85 299.095 0
2379.43 358.914 0
2376 418.733 0
2372.57 478.552 0
2369.14 538.371 0
2365.71 598.19 0
2362.28 658.009 0
2358.85 717.828 0
2355.42 777.647 0
2351.99 837.466 0
2348.56 897.286 0
2345.14 957.105 0
2341.71 1016.92 0
2338.28 1076.74 0
2334.85 1136.56 0
2331.42 1196.38 0
2327.99 1256.2 0
2324.56 1316.02 0
2321.13 1375.84 0
2317.7 1435.66 0
2314.27 1495.48 0
2310.85 1555.29 0
2307.42 1615.11 0
2303.99 1674.93 0
2300.56 1734.75 0
2297.13 1794.57 0
p
8
30
2600 0 0
2594.77 64.9881 0
2589.53 129.976 0
2584.3 194.964 0
2579.07 259.952 0
2573.83 324.941 0
2568.6 389.929 0
2563.36 454.917 0
2558.13 519.905 0
2552.9 584.893 0
2547.66 649.881 0
2542.43 714.869 0
2537.2 779.857 0
2531.96 844.845 0
2526.73 909.834 0
2521.5 974.822 0
2516.26 1039.81 0
2511.03 1104.8 0
2505.79 1169.79 0
2500.56 1234.77 0
2495.33 1299.76 0
2490.09 1364.75 0
2484.86 1429.74 0
2479.63 1494.73 0
2474.39 1559.71 0
2469.16 1624.7 0
2463.93 1689.69 0
2458.69 1754.68 0
2453.46 1819.67 0
2448.23 1884.66 0
2442.99 1949.64 0
p
9
30
2800 0 0
2796.84 65.2149 0
2793.68 130.43 0
2790.52 195.645 0
2787.36 260.859 0
2784.2 326.074 0
2781.04 391.289 0
2777.88 456.504 0
2774.72 521.719 0
2771.56 586.934 0
2768.39 652.149 0
2765.23 717.363 0
2762.07 782.578 0
2758.91 847.793 0
2755.75 913.008 0
2752.59 978.223 0
2749.43 1043.44 0
2746.27 1108.65 0
2743.11 1173.87 0
2739.95 1239.08 0
2736.79 1304.3 0
2733.63 1369.51 0
2730.47 1434.73 0
2727.31 1499.94 0
2724.15 1565.16 0
2720.99 1630.37 0
2717.83 1695.59 0
2714.67 1760.8 0
2711.51 1826.02 0
2708.34 1891.23 0
2705.18 1956.45 0
p
10
30
3000 0 0
2999.32 61.3313 0
2998.63 122.663 0
2997.95 183.994 0
2997.27 245.325 0
2996.58 306.656 0
2995.9 367.988 0
2995.21 429.319 0
2994.53 490.65 0
2993.85 551.981 0
2993.16 613.313 0
2992.48 674.644 0
2991.8 735.975 0
2991.11 797.306 0
2990.43 858.638 0
2989.75 919.969 0
2989.06 981.3 0
2988.38 1042.63 0
2987.7 1103.96 0
2987.01 1165.29 0
2986.33 1226.63 0
2985.64 1287.96 0
2984.96 1349.29 0
2984.28 1410.62 0
2983.59 1471.95 0
2982.91 1533.28 0
2982.23 1594.61 0
2981.54 1655.94 0
2980.86 1717.28 0
2980.18 1778.61 0
2979.49 1839.94 0
p
11
30
3200 0 0
3192.72 78.7868 0
3185.43 157.574 0
3178.15 236.36 0
3170.87 315.147 0
3163.58 393.934 0
3156.3 472.721 0
3149.02 551.508 0
3141.74 630.295 0
3134.45 709.081 0
3127.17 787.868 0
3119.89 866.655 0
3112.6 945.442 0
3105.32 1024.23 0
3098.04 1103.02 0
3090.75 1181.8 0
3083.47 1260.59 0
3076.19 1339.38 0
3068.91 1418.16 0
3061.62 1496.95 0
3054.34 1575.74 0
3047.06 1654.52 0
3039.77 1733.31 0
3032.49 1812.1 0
3025.21 1890.88 0
3017.92 1969.67 0
3010.64 2048.46 0
3003.36 2127.24 0
2996.08 2206.03 0
2988.79 2284.82 0
2981.51 2363.6 0
p
12
30
3400 0 0
3394.58 90.4904 0
3389.16 180.981 0
3383.66 271.379 0
3378.21 361.824 0
3372.81 452.272 0
3367.52 542.726 0
3362.38 633.189 0
3357.42 723.664 0
3352.7 814.153 0
3348.26 904.658 0
3344.13 995.182 0
3340.38 1085.73 0
3337.02 1176.3 0
3334.12 1266.9 0
3331.72 1357.52 0
3329.85 1448.18 0
3328.56 1538.88 0
3327.9 1629.61 0
3327.9 1720.38 0
3328.62 1811.2 0
3330.09 1902.05 0
3332.36 1992.96 13.7023
3335.34 2083.93 13.7023
3338.51 2174.93 13.7023
3341.7 2265.93 13.7023
3344.9 2356.94 0
3348.09 2447.95 0
3351.28 2538.95 0
3354.48 2629.96 0
3357.67 2720.97 0
p
13
30
3600 0 0
3590.39 77.888 0
3580.77 155.776 0
3571.23 233.717 0
3561.75 311.643 0
3552.36 389.579 0
3543.08 467.53 0
3533.92 545.496 0
3524.92 623.482 0
3516.09 701.488 0
3507.45 779.518 0
3499.03 857.574 0
3490.83 935.658 0
3482.89 1013.77 0
3475.22 1091.92 0
3467.84 1170.11 0
3460.78 1248.33 0
3454.05 1326.6 0
3447.68 1404.91 0
3441.68 1483.27 0
3436.08 1561.67 0
3430.9 1640.13 0
3426.15 1718.64 13.7023
3421.7 1797.17 13.7023
3417.14 1875.71 13.7023
3413.1 1954.32 13.7023
3410.09 2033.03 13.7023
3407.59 2111.8 0
3405.17 2190.58 0
3402.75 2269.35 0
3400.33 2348.13 0
p
14
30
3800 0 0
3800.04 62.6931 0
3800.08 125.386 0
3797.29 188.12 0
3793.03 250.779 0
3786.66 313.313 0
3778.07 375.635 0
3768.17 437.799 0
3757 499.789 0
3744.83 561.631 0
3731.92 623.36 0
3718.46 685.015 0
3704.62 746.637 0
3690.53 808.263 0
3676.3 869.928 0
3662 931.661 0
3647.67 993.484 0
3633.33 1055.41 0
3618.97 1117.45 0
3604.58 1179.59 0
3590.09 1241.83 0
3575.45 1304.15 0
3560.57 1366.51 0
3545.33 1428.88 0
3529.64 1491.2 0
3513.34 1553.42 0
3496.29 1615.47 0
3478.32 1677.29 0
3459.35 1738.82 -13.7023
3439.59 1800.13 -13.7023
3419.21 1861.26 -13.7023
p
15
30
4000 0 0
3991.63 80.2985 0
3983.26 160.597 0
3981.68 241.54 0
3979.81 322.532 0
3977.79 403.659 0
3973.84 484.807 0
3968.22 565.894 0
3959.92 646.747 0
3948.49 727.192 0
3933.59 807.049 0
3915.06 886.148 0
3892.81 964.337 0
3866.9 1041.5 0
3837.52 1117.58 0
3804.95 1192.55 0
3769.57 1266.48 0
3731.86 1339.47 0
3692.38 1411.74 0
3651.77 1483.54 0
3610.73 1555.19 0
3570.02 1627.08 0
3530.44 1699.63 0
3492.84 1773.3 0
3457.56 1848.23 -13.7023
3423.24 1923.75 -13.7023
3390.01 1999.91 -13.7023
3357.53 2076.49 -13.7023
3325.32 2153.18 -13.7023
3293.1 2229.87 -13.7023
3260.88 2306.55 0
p
16
30
4200 0 0
4193.87 77.8199 0
4187.73 155.64 0
4181.6 233.46 0
4175.46 311.28 0
4169.33 389.1 0
4163.19 466.92 0
4157.06 544.74 0
4150.92 622.559 0
4144.79 700.379 0
4138.66 778.199 0
4132.52 856.019 0
4126.39 933.839 0
4120.25 1011.66 0
4114.12 1089.48 0
4107.98 1167.3 0
4101.85 1245.12 0
4095.71 1322.94 0
4089.58 1400.76 0
4083.45 1478.58 0
4077.31 1556.4 0
4071.18 1634.22 0
4065.04 1712.04 0
4058.91 1789.86 0
4052.77 1867.68 0
4046.64 1945.5 0
4040.5 2023.32 0
4034.37 2101.14 0
4028.23 2178.96 0
4022.1 2256.78 0
4015.97 2334.6 0
p
17
30
4400 0 0
4396.01 79.7505 0
4392.02 159.501 0
4388.03 239.251 0
4384.04 319.002 0
4380.05 398.752 0
4376.06 478.503 0
4372.07 558.253 0
4368.08 638.004 0
4364.09 717.754 0
4360.1 797.505 0
4356.11 877.255 0
4352.12 957.006 0
4348.13 1036.76 0
4344.14 1116.51 0
4340.14 1196.26 0
4336.15 1276.01 0
4332.16 1355.76 0
4328.17 1435.51 0
4324.18 1515.26 0
4320.19 1595.01 0
4316.2 1674.76 0
4312.21 1754.51 0
4308.22 1834.26 0
4304.23 1914.01 0
4300.24 1993.76 0
4296.25 2073.51 0
4292.26 2153.26 0
4288.27 2233.01 0
4284.28 2312.76 0
4280.29 2392.51 0
p
18
30
4600 0 0
4599.38 76.0536 0
4598.76 152.107 0
4598.06 228.16 0
4597.28 304.212 0
4596.36 380.263 0
4595.24 456.311 0
4593.87 532.355 0
4592.16 608.393 0
4590.04 684.421 0
4587.37 760.432 0
4584.02 836.417 0
4580.11 912.378 0
4575.57 988.308 0
4570.39 1064.2 0
4564.58 1140.05 0
4558.12 1215.86 0
4551 1291.61 0
4543.23 1367.3 0
4534.79 1442.93 0
4525.68 1518.49 0
4515.91 1593.98 0
4505.45 1669.38 0
4494.32 1744.7 0
4482.5 1819.93 0
4470 1895.06 0
4456.82 1970.08 0
4442.94 2044.99 0
4428.37 2119.78 0
4413.12 2194.46 0
4397.29 2269 0
p
19
30
4800 0 0
4811.54 80.2657 0
4823.07 160.531 0
4834.07 240.876 0
4844.38 321.315 0
4853.74 401.878 0
4861.86 482.584 0
4868.47 563.441 0
4873.29 644.445 0
4876 725.572 0
4876.28 806.778 0
4873.75 887.989 0
4868.67 969.116 0
4860.9 1050.08 0
4850.42 1130.78 0
4837.24 1211.13 0
4821.35 1291.05 0
4802.68 1370.43 0
4781.28 1449.18 0
4757.14 1527.22 0
4731.28 1604.78 0
4703.69 1681.84 0
4674.55 1758.42 0
4643.96 1834.52 0
4611.91 1910.11 0
4578.32 1985.11 0
4543.07 2059.44 0
4505.98 2132.95 0
4466.83 2205.48 0
4425.42 2276.85 -7.11755
4382.06 2347.22 -7.11755
p
20
30
5000 0 0
4998.05 89.4894 0
4996.09 178.979 0
4994.52 268.475 0
4993.42 357.977 0
4992.96 447.486 0
4993.32 536.997 0
4994.63 626.501 0
4997.01 715.986 0
5000.55 805.436 0
5005.23 894.836 0
5010.94 984.177 0
5016.11 1073.55 0
5019.84 1162.98 0
5020.79 1252.48 0
5017.56 1341.91 0
5008.8 1430.99 0
4993.29 1519.18 0
4970.74 1605.94 0
4940.94 1690.61 0
4903.66 1772.49 0
4859.3 1851 0
4808.54 1925.84 0
4752.31 1996.98 0
4691.78 2064.81 0
4628.26 2130.11 0
4563.18 2194.03 0
4498.11 2258.03 0
4434.06 2323 7.11755
4369.71 2387.86 7.11755
4305.22 2452.62 0
p
21
30
5200 0 0
5209.7 83.2451 0
5219.41 166.49 0
5228.87 249.759 0
5237.91 333.072 0
5246.29 416.455 0
5253.66 499.933 0
5259.63 583.528 0
5263.73 667.245 0
5265.42 751.065 0
5264.09 834.921 0
5259.07 918.681 0
5249.61 1002.12 0
5234.97 1084.91 0
5214.45 1166.55 0
5187.52 1246.49 0
5154.4 1324.24 0
5116.91 1400.11 0
5078.81 1475.64 0
5048.48 1554.43 0
5031.37 1636.77 0
5033.02 1720.58 0
5056.4 1801.04 0
5099.35 1873.32 0
5158.03 1934.28 0
5226.92 1984.48 0
5300.67 2028.15 0
5374.46 2072.04 0
5444.08 2121.85 -16.9758
5510.73 2175.89 -16.9758
5577.71 2229.49 0
p
22
30
5400 0 0
5390.76 70.5715 0
5381.53 141.143 0
5372.83 211.795 0
5364.75 282.53 0
5357.48 353.364 0
5351.16 424.303 0
5345.87 495.343 0
5341.67 566.475 0
5338.57 637.684 0
5336.54 708.957 0
5335.51 780.282 0
5335.39 851.654 0
5336.07 923.075 0
5337.46 994.564 0
5339.61 1066.16 0
5342.87 1137.93 0
5347.63 1209.95 0
5354.33 1282.19 0
5358.63 1354.47 0
5361.69 1426.79 0
5363.9 1499.1 0
5366.6 1571.44 0
5368.26 1643.91 0
5370.5 1716.59 0
5374.32 1789.44 0
5381.29 1862.22 0
5393.84 1934.3 0
5415.71 2004.08 0
5449.98 2068.83 -4.18353
5492.06 2128.86 -4.18353
p
23
30
5600 0 0
5595.09 72.1662 0
5590.18 144.332 0
5585.08 216.482 0
5579.72 288.611 0
5574 360.711 0
5567.79 432.769 0
5560.98 504.771 0
5553.43 576.698 0
5545.03 648.531 0
5535.65 720.242 0
5525.19 791.803 0
5513.58 863.185 0
5500.78 934.361 0
5486.87 1005.32 0
5472.09 1076.09 0
5457.11 1146.79 0
5443.18 1217.67 0
5431.82 1288.99 0
5422.81 1360.65 0
5416.81 1432.63 0
5414.09 1504.81 0
5414.72 1577.04 0
5418.6 1649.2 0
5425.49 1721.15 0
5435.01 1792.82 0
5446.69 1864.2 0
5459.96 1935.32 0
5474.23 2006.26 0
5489.58 2076.87 21.1593
5507.76 2147.05 21.1593
p
24
30
5800 0 0
5805.27 73.5697 0
5810.54 147.139 0
5815.8 220.709 0
5821.07 294.279 0
5826.34 367.849 0
5831.61 441.418 0
5836.87 514.988 0
5842.14 588.558 0
5847.41 662.127 0
5852.68 735.697 0
5857.94 809.267 0
5863.21 882.837 0
5868.48 956.406 0
5873.75 1029.98 0
5879.01 1103.55 0
5884.28 1177.12 0
5889.55 1250.69 0
5894.82 1324.25 0
5900.08 1397.82 0
5905.35 1471.39 0
5910.62 1544.96 0
5915.89 1618.53 0
5921.15 1692.1 0
5926.42 1765.67 0
5931.69 1839.24 0
5936.96 1912.81 0
5942.23 1986.38 0
5947.49 2059.95 0
5952.76 2133.52 0
5958.03 2207.09 0
p
25
30
6000 0 0
6005.7 68.3001 0
6011.4 136.6 0
6017 204.909 0
6022.47 273.228 0
6027.77 341.561 0
6032.84 409.912 0
6037.64 478.283 0
6042.11 546.677 0
6046.22 615.095 0
6049.91 683.537 0
6053.15 752.005 0
6055.87 820.496 0
6058.04 889.009 0
6059.61 957.54 0
6060.53 1026.09 0
6060.76 1094.64 0
6060.57 1163.2 0
6060.02 1231.75 0
6059.23 1300.31 0
6058.31 1368.87 0
6057.39 1437.42 0
6056.58 1505.98 0
6056.01 1574.54 0
6055.8 1643.1 0
6056.07 1711.65 0
6056.94 1780.2 0
6058.53 1848.73 0
6060.96 1917.23 0
6064.36 1985.69 0
6068.65 2054.1 0
p
26
30
6200 0 0
6195.24 68.9732 0
6190.49 137.946 0
6185.78 206.923 0
6181.14 275.904 0
6176.6 344.891 0
6172.17 413.886 0
6167.89 482.891 0
6163.78 551.906 0
6159.87 620.932 0
6156.18 689.971 0
6152.74 759.023 0
6149.57 828.088 0
6146.7 897.167 0
6144.16 966.259 0
6141.95 1035.36 0
6140.11 1104.48 0
6138.45 1173.6 0
6136.94 1242.73 0
6135.48 1311.85 0
6133.99 1380.98 0
6132.38 1450.1 0
6130.58 1519.22 0
6128.48 1588.33 0
6126.02 1657.42 0
6123.09 1726.5 0
6119.63 1795.55 0
6115.53 1864.56 0
6110.73 1933.53 0
6105.12 2002.44 0
6098.8 2071.29 0
p
27
30
6400 0 0
6394.39 86.4663 0
6388.79 172.933 0
6383.18 259.399 0
6377.57 345.865 0
6371.97 432.331 0
6366.36 518.798 0
6360.76 605.264 0
6355.15 691.73 0
6349.54 778.197 0
6343.94 864.663 0
6338.33 951.129 0
6332.72 1037.6 0
6327.12 1124.06 0
6321.51 1210.53 0
6315.9 1296.99 0
6310.3 1383.46 0
6304.69 1469.93 0
6299.08 1556.39 0
6293.48 1642.86 0
6287.87 1729.33 0
6282.27 1815.79 0
6276.66 1902.26 0
6271.05 1988.72 0
6265.45 2075.19 0
6259.84 2161.66 0
6254.23 2248.12 0
6248.63 2334.59 0
6243.02 2421.06 0
6237.41 2507.52 0
6231.81 2593.99 0
p
28
30
6600 0 0
6597.11 84.3817 0
6594.23 168.763 0
6591.34 253.145 0
6588.45 337.527 0
6585.57 421.909 0
6582.68 506.29 0
6579.79 590.672 0
6576.91 675.054 0
6574.02 759.435 0
6571.13 843.817 0
6568.25 928.199 0
6565.36 1012.58 0
6562.47 1096.96 0
6559.59 1181.34 0
6556.7 1265.73 0
6553.81 1350.11 0
6550.93 1434.49 0
6548.04 1518.87 0
6545.15 1603.25 0
6542.27 1687.63 0
6539.38 1772.02 0
6536.49 1856.4 0
6533.61 1940.78 0
6530.72 2025.16 0
6527.83 2109.54 0
6524.95 2193.92 0
6522.06 2278.31 0
6519.17 2362.69 0
6516.29 2447.07 0
6513.4 2531.45 0
p
29
30
6800 0 0
6803.16 87.9877 0
6806.32 175.975 0
6809.48 263.963 0
6812.64 351.951 0
6815.8 439.938 0
6818.96 527.926 0
6822.11 615.914 0
6825.27 703.902 0
6828.43 791.889 0
6831.59 879.877 0
6834.75 967.865 0
6837.91 1055.85 0
6841.07 1143.84 0
6844.23 1231.83 0
6847.39 1319.82 0
6850.55 1407.8 0
6853.71 1495.79 0
6856.87 1583.78 0
6860.02 1671.77 0
6863.18 1759.75 0
6866.34 1847.74 0
6869.5 1935.73 0
6872.66 2023.72 0
6875.82 2111.7 0
6878.98 2199.69 0
6882.14 2287.68 0
6885.3 2375.67 0
6888.46 2463.66 0
6891.62 2551.64 0
6894.78 2639.63 0
p
30
30
7000 0 0
7011.37 80.5384 0
7022.75 161.077 0
7034.12 241.615 0
7045.49 322.153 0
7056.87 402.692 0
7068.24 483.23 0
7079.61 563.768 0
7090.99 644.307 0
7102.36 724.845 0
7113.73 805.384 0
7125.1 885.922 0
7136.48 966.46 0
7147.85 1047 0
7159.22 1127.54 0
7170.6 1208.08 0
7181.97 1288.61 0
7193.34 1369.15 0
7204.72 1449.69 0
7216.09 1530.23 0
7227.46 1610.77 0
7238.84 1691.31 0
7250.21 1771.84 0
7261.58 1852.38 0
7272.96 1932.92 0
7284.33 2013.46 0
7295.7 2094 0
7307.08 2174.54 0
7318.45 2255.07 0
7329.82 2335.61 0
7341.19 2416.15 0
p
31
30
7200 0 0
7205.43 67.7373 0
7210.86 135.475 0
7216.29 203.212 0
7221.72 270.949 0
7227.15 338.687 0
7232.58 406.424 0
7238.01 474.161 0
7243.44 541.899 0
7248.87 609.636 0
7254.3 677.373 0
7259.73 745.11 0
7265.16 812.848 0
7270.59 880.585 0
7276.02 948.322 0
7281.45 1016.06 0
7286.88 1083.8 0
7292.31 1151.53 0
7297.75 1219.27 0
7303.18 1287.01 0
7308.61 1354.75 0
7314.04 1422.48 0
7319.47 1490.22 0
7324.9 1557.96 0
7330.33 1625.7 0
7335.76 1693.43 0
7341.19 1761.17 0
7346.62 1828.91 0
7352.05 1896.64 0
7357.48 1964.38 0
7362.91 2032.12 0
p
32
30
7400 0 0
7407.11 86.461 0
7414.21 172.922 0
7420.38 259.456 0
7425.24 346.079 0
7428.19 432.803 0
7428.59 519.605 0
7425.81 606.404 0
7419.35 693.066 0
7409 779.417 0
7396.86 865.592 0
7383.67 951.653 0
7370.8 1037.77 0
7359.66 1124.1 0
7351.69 1210.73 0
7348.22 1297.59 0
7350.41 1384.44 0
7358.51 1470.91 0
7372.99 1556.54 0
7393.84 1640.88 0
7420.77 1723.57 0
7453.21 1804.36 0
7490.35 1883.23 0
7531.2 1960.37 0
7574.62 2036.22 0
7619.34 2111.4 0
7664.01 2186.66 0
7707.16 2262.82 0
7747.26 2340.65 10.2241
7783.97 2420.19 10.2241
7820.79 2499.71 10.2241
p
33
30
7600 0 0
7595.87 79.9449 0
7591.75 159.89 0
7587.94 239.858 0
7584.56 319.851 0
7581.8 399.875 0
7579.86 479.933 0
7578.98 560.025 0
7579.47 640.142 0
7581.69 720.261 0
7584.91 800.351 0
7589.19 880.411 0
7594.38 960.433 0
7600.4 1040.42 0
7607.2 1120.36 0
7614.81 1200.26 0
7623.35 1280.1 0
7632.03 1359.98 0
7640.93 1439.89 0
7649.97 1519.86 0
7659.13 1599.88 0
7668.49 1679.95 0
7678.19 1760.06 0
7688.41 1840.16 0
7699.43 1920.2 0
7711.57 2000.13 0
7725.22 2079.85 0
7740.85 2159.22 0
7758.98 2238.06 10.2241
7780.01 2316.2 10.2241
7803.17 2393.69 10.2241
p
34
30
7800 0 0
7803.67 82.9843 0
7807.35 165.969 0
7810.91 248.953 0
7814.28 331.942 0
7817.36 414.938 0
7820.04 497.945 0
7822.23 580.963 0
7823.89 663.988 0
7825.07 747.018 0
7825.75 830.062 0
7825.94 913.113 0
7825.66 996.166 0
7824.95 1079.22 0
7823.83 1162.28 0
7822.35 1245.33 0
7820.55 1328.38 0
7818.48 1411.42 0
7816.2 1494.47 0
7813.77 1577.51 0
7811.25 1660.54 0
7808.71 1743.58 0
7806.21 1826.62 0
7803.82 1909.66 0
7801.61 1992.7 0
7799.65 2075.74 0
7798.01 2158.79 0
7796.75 2241.84 -15.3361
7796.28 2324.86 -15.3361
7797.56 2407.9 -15.3361
7799.12 2490.95 -15.3361
p
35
30
8000 0 0
8001.76 75.5456 0
8003.52 151.091 0
8005.29 226.637 0
8007.05 302.182 0
8008.81 377.728 0
8010.57 453.274 0
8012.34 528.819 0
8014.1 604.365 0
8015.86 679.91 0
8017.62 755.456 0
8019.38 831.002 0
8021.15 906.547 0
8022.91 982.093 0
8024.67 1057.64 0
8026.43 1133.18 0
8028.2 1208.73 0
8029.96 1284.28 0
8031.72 1359.82 0
8033.48 1435.37 0
8035.24 1510.91 0
8037.01 1586.46 0
8038.77 1662 0
8040.53 1737.55 0
8042.29 1813.09 0
8044.06 1888.64 0
8045.82 1964.19 0
8047.58 2039.73 0
8049.34 2115.28 0
8051.1 2190.82 0
8052.87 2266.37 0
p
36
30
8200 0 0
8201.45 87.1059 0
8202.9 174.212 0
8204.36 261.318 0
8205.81 348.424 0
8207.26 435.529 0
8208.71 522.635 0
8210.16 609.741 0
8211.62 696.847 0
8213.07 783.953 0
8214.52 871.059 0
8215.97 958.165 0
8217.42 1045.27 0
8218.88 1132.38 0
8220.33 1219.48 0
8221.78 1306.59 0
8223.23 1393.69 0
8224.69 1480.8 0
8226.14 1567.91 0
8227.59 1655.01 0
8229.04 1742.12 0
8230.49 1829.22 0
8231.95 1916.33 0
8233.4 2003.44 0
8234.85 2090.54 0
8236.3 2177.65 0
8237.75 2264.75 0
8239.21 2351.86 0
8240.66 2438.96 0
8242.11 2526.07 0
8243.56 2613.18 0
p
37
30
8400 0 0
8409.78 80.9818 0
8419.55 161.964 0
8427.93 243.073 0
8434.49 324.335 0
8438.56 405.742 0
8441.83 487.175 0
8444.74 568.572 0
8448.3 649.842 0
8453.58 730.848 0
8461.79 811.358 0
8478.23 890.761 0
8504.12 967.725 0
8539.21 1041.13 0
8579.74 1111.72 0
8618.99 1182.79 0
8649.47 1257.6 3.58376
8666.81 1336.2 3.58376
8670.33 1416.84 3.58376
8665.3 1497.79 3.58376
8653.55 1578.29 3.58376
8636.99 1658.17 3.58376
8618.27 1737.69 3.58376
8600.37 1817.36 0
8586.17 1897.62 0
8577.94 1978.51 0
8576.9 2059.66 0
8582.97 2140.53 0
8594.73 2220.78 0
8609.42 2300.58 0
8623.73 2380.85 0
p
38
30
8600 0 0
8596.87 75.2251 0
8593.73 150.45 0
8592.44 225.819 0
8593.11 301.279 0
8596.06 376.803 0
8600.89 452.298 0
8607.23 527.794 0
8614.65 603.354 0
8622.77 679.132 0
8630.27 755.5 0
8636.86 831.815 0
8644.65 908.11 0
8652.86 984.597 0
8661.42 1061.34 0
8670.16 1138.33 0
8677.75 1215.65 -24.376
8680.93 1293.57 -24.376
8675.81 1371.4 -24.376
8668.92 1448.54 -24.376
8662.91 1525.51 -24.376
8657.91 1602.45 -24.376
8653.71 1679.4 -24.376
8650.05 1756.37 -24.376
8646.79 1833.33 0
8644.04 1910.32 0
8641.73 1987.34 0
8639.75 2064.37 0
8638.12 2141.41 0
8637.14 2218.45 -2.73006
8637.16 2294.69 -2.73006
p
39
30
8800 0 0
8783.37 80.447 0
8766.75 160.894 0
8750.49 241.398 0
8735.5 322.139 0
8723.26 403.362 0
8716.12 485.252 0
8717.35 567.654 0
8731.06 649.421 0
8761.18 727.673 0
8807.16 799.102 0
8848.92 872.766 0
8875.66 951.952 0
8877.39 1034.19 0
8853.38 1112.22 0
8810.48 1181.8 0
8761.46 1247.27 0
8720.11 1317.36 28.3203
8695.68 1394.72 28.3203
8681.06 1474.85 28.3203
8674.57 1556.2 28.3203
8675.54 1638.04 28.3203
8681.59 1719.9 28.3203
8689.64 1801.72 0
8696.77 1883.6 0
8700.35 1965.56 0
8698.67 2047.39 0
8691.32 2128.77 0
8679.22 2209.48 0
8664.87 2289.81 2.73006
8651.87 2370.8 2.73006
p
40
30
9000 0 0
8988.34 70.9728 0
8976.68 141.946 0
8965.99 213.068 0
8956.84 284.409 0
8950.14 356.04 0
8944.47 427.8 0
8939.99 499.68 0
8936.34 571.639 0
8933.19 643.641 0
8930.18 715.654 0
8926.92 787.647 0
8923.08 859.588 0
8918.3 931.44 0
8912.23 1003.16 0
8904.87 1074.79 0
8897.24 1146.35 0
8889.62 1217.91 0
8881.99 1289.47 0
8874.37 1361.02 0
8866.74 1432.58 0
8859.12 1504.14 0
8851.5 1575.7 0
8843.87 1647.26 0
8836.25 1718.81 0
8828.62 1790.37 0
8821 1861.93 0
8813.37 1933.49 0
8805.75 2005.05 0
8798.12 2076.6 0
8790.5 2148.16 0
p
41
30
9200 0 0
9197.69 69.7515 0
9195.39 139.503 0
9193.08 209.254 0
9190.78 279.006 0
9188.47 348.757 0
9186.17 418.509 0
9183.86 488.26 0
9181.56 558.012 0
9179.25 627.763 0
9176.95 697.515 0
9174.64 767.266 0
9172.34 837.018 0
9170.03 906.769 0
9167.73 976.521 0
9165.42 1046.27 0
9163.12 1116.02 0
9160.81 1185.78 0
9158.51 1255.53 0
9156.2 1325.28 0
9153.9 1395.03 0
9151.59 1464.78 0
9149.29 1534.53 0
9146.98 1604.28 0
9144.68 1674.04 0
9142.37 1743.79 0
9140.07 1813.54 0
9137.76 1883.29 0
9135.46 1953.04 0
9133.15 2022.79 0
9130.85 2092.54 0
p
42
30
9400 0 0
9393.66 77.6171 0
9387.31 155.234 0
9380.48 232.802 0
9373.51 310.363 0
9366.35 387.908 0
9358.99 465.436 0
9351.47 542.95 0
9343.8 620.45 0
9336.01 697.94 0
9328.12 775.42 0
9320.15 852.892 0
9312.14 930.36 0
9304.1 1007.82 0
9296.07 1085.29 0
9288.06 1162.76 0
9280.12 1240.23 0
9272.26 1317.72 0
9264.53 1395.22 0
9256.94 1472.73 0
9249.54 1550.28 0
9242.36 1627.85 0
9235.43 1705.46 0
9228.8 1783.11 0
9222.5 1860.81 0
9216.56 1938.57 0
9211.04 2016.4 0
9205.98 2094.3 0
9201.42 2172.3 0
9197.41 2250.4 -7.3632
9193.89 2328.6 -7.3632
p
43
30
9600 0 0
9611.73 73.1604 0
9623.45 146.321 0
9635.47 219.432 0
9647.63 292.515 0
9659.84 365.587 0
9671.78 438.697 0
9682.97 511.922 0
9692.67 585.358 0
9699.82 659.094 0
9702.97 733.143 0
9700.13 807.292 0
9688.54 880.786 0
9664.52 951.666 0
9626.99 1017.17 0
9578.56 1076.07 0
9525.65 1131.8 0
9471.99 1187.03 0
9422.29 1245.42 0
9381.35 1309.41 0
9353.62 1379.26 0
9341.85 1452.79 0
9346.98 1526.72 0
9367.33 1597.93 0
9399.22 1664.98 0
9437.76 1728.68 0
9477.45 1791.78 0
9512.25 1857.69 0
9535.33 1928.71 -12.0699
9539.91 2003.95 -12.0699
9526.43 2079.28 -12.0699
p
44
30
9800 0 0
9795.89 66.0799 0
9791.78 132.16 0
9787.68 198.25 0
9783.36 264.329 0
9778.79 330.398 0
9773.89 396.452 0
9768.61 462.485 0
9762.87 528.493 0
9756.61 594.47 0
9749.75 660.41 0
9742.2 726.307 0
9733.87 792.167 0
9725.24 858.108 0
9719.31 924.678 0
9714.68 991.509 0
9709.19 1058.28 0
9703.18 1125.05 0
9696.44 1191.75 0
9689.09 1258.39 0
9681.54 1325.06 0
9672.77 1391.67 0
9663.16 1458.35 0
9652.68 1525.11 0
9641.3 1591.96 0
9629.03 1658.87 0
9615.91 1725.78 0
9602.11 1792.64 0
9588.01 1859.43 0
9574.34 1926.21 7.24196
9561.82 1993.02 7.24196
p
45
30
10000 0 0
10000.9 90.7505 0
10001.9 181.501 0
10004.2 272.229 0
10007.3 362.938 0
10011.6 453.608 0
10017.3 544.215 0
10024.5 634.724 0
10033.3 725.096 0
10043.9 815.287 0
10056.2 905.258 0
10070.1 994.991 0
10085.2 1084.52 0
10100.4 1173.94 0
10114 1263.53 -12.1463
10125.7 1353.42 -12.1463
10129.4 1444.02 -12.1463
10122 1534.48 -12.1463
10100.3 1622.86 -12.1463
10062.8 1706.23 0
10009.4 1781.38 0
9942.42 1846.11 0
9865.42 1900.31 0
9782.55 1946.74 0
9698.01 1990.8 0
9616.46 2039.68 7.24196
9540.25 2095.88 7.24196
9460.1 2148.31 7.24196
9378.74 2199.94 0
9297.65 2251.97 7.3632
9216.65 2304.14 7.3632
p
46
30
10200 0 0
10197 76.359 0
10194 152.718 0
10191 229.077 0
10188.1 305.436 0
10185.1 381.795 0
10182.1 458.154 0
10179.1 534.513 0
10176.1 610.872 0
10173.1 687.231 0
10170.1 763.59 0
10167.2 839.949 0
10164.2 916.308 0
10161.2 992.667 0
10158.2 1069.03 0
10155.2 1145.38 0
10152.2 1221.74 0
10149.2 1298.1 12.1463
10146.3 1374.46 12.1463
10143.3 1450.82 12.1463
10140.3 1527.18 12.1463
10137.3 1603.54 12.1463
10134.3 1679.9 0
10131.3 1756.26 0
10128.3 1832.62 0
10125.4 1908.97 0
10122.4 1985.33 0
10119.4 2061.69 0
10116.4 2138.05 0
10113.4 2214.41 0
10110.4 2290.77 0
p
47
30
10400 0 0
10402.4 77.1712 0
10404.9 154.342 0
10407.3 231.514 0
10409.7 308.685 0
10412.1 385.856 0
10414.6 463.027 0
10417 540.199 0
10419.4 617.37 0
10421.9 694.541 0
10424.3 771.712 0
10426.7 848.883 0
10429.1 926.055 0
10431.6 1003.23 0
10434 1080.4 0
10436.4 1157.57 0
10438.9 1234.74 0
10441.3 1311.91 0
10443.7 1389.08 0
10446.1 1466.25 0
10448.6 1543.42 0
10451 1620.6 0
10453.4 1697.77 0
10455.8 1774.94 0
10458.3 1852.11 0
10460.7 1929.28 0
10463.1 2006.45 0
10465.6 2083.62 0
10468 2160.79 0
10470.4 2237.97 0
10472.8 2315.14 0
p
48
30
10600 0 0
10605.7 80.3856 0
10611.3 160.771 0
10616.2 241.207 0
10620 321.705 0
10622.1 402.272 0
10622 482.886 0
10619.3 563.483 0
10613.5 643.956 0
10605.8 724.311 0
10596.3 804.522 0
10585.9 884.634 0
10575.3 964.73 0
10565.5 1044.9 0
10557.3 1125.23 0
10551.9 1205.74 0
10550 1286.36 0
10552.5 1366.91 0
10560.1 1447.14 0
10572.5 1526.75 0
10590.5 1605.33 0
10613.9 1682.54 0
10642.5 1758.09 0
10675.6 1831.87 0
10712.5 1903.97 0
10752.1 1974.71 0
10793.2 2044.67 0
10834.4 2114.64 0
10874.2 2185.54 0
10911.8 2257.66 10.1611
10949.8 2329.71 10.1611
p
49
30
10800 0 0
10792.7 75.1327 0
10785.3 150.265 0
10778.3 225.432 0
10771.6 300.639 0
10765.5 375.898 0
10760.2 451.222 0
10755.8 526.616 0
10752.5 602.082 0
10750.2 677.586 0
10748.8 753.124 0
10748.4 828.684 0
10749 904.254 0
10750.5 979.826 0
10753 1055.39 0
10756.6 1130.94 0
10761.3 1206.46 0
10767.3 1281.94 0
10774.6 1357.34 0
10783.3 1432.67 0
10792.8 1507.96 0
10803.2 1583.2 0
10814.4 1658.38 0
10826.5 1733.5 0
10839.5 1808.52 0
10853.5 1883.41 0
10868.7 1958.12 0
10885.2 2032.57 0
10903.3 2106.68 0
10923.2 2180.34 10.1611
10944.8 2253.52 10.1611
p
50
30
11000 0 0
11003.1 79.3097 0
11006.1 158.619 0
11009 237.932 0
11011.7 317.25 0
11014 396.577 0
11015.9 475.914 0
11017.3 555.259 0
11018.1 634.612 0
11018.4 713.974 0
11018.2 793.34 0
11017.6 872.706 0
11016.5 952.071 0
11014.9 1031.43 0
11013 1110.79 0
11010.8 1190.14 0
11008.2 1269.49 0
11005.4 1348.83 0
11002.4 1428.17 0
10999.2 1507.5 0
10995.9 1586.83 0
10992.5 1666.16 0
10989.1 1745.48 0
10985.7 1824.81 0
10982.4 1904.14 0
10979.2 1983.47 0
10976.2 2062.81 0
10973.5 2142.15 0
10970.9 2221.49 -13.5482
10968.5 2300.85 -13.5482
10966.2 2380.21 -13.5482
p
51
30
11200 0 0
11212 71.0431 0
11224 142.086 0
11235.7 213.164 0
11246.6 284.344 0
11256.1 355.701 0
11264.3 427.239 0
11270.9 498.954 0
11276.4 570.795 0
11280.9 642.736 0
11284.4 714.751 0
11287.4 786.817 0
11289.9 858.916 0
11292.3 931.032 0
11294.6 1003.16 0
11297 1075.27 0
11299.8 1147.37 0
11303 1219.43 0
11306.9 1291.44 0
11311.6 1363.39 0
11317.4 1435.22 0
11324.6 1506.92 0
11333.3 1578.42 0
11343.7 1649.68 0
11355.9 1720.66 0
11369.9 1791.3 0
11385.7 1861.58 0
11403 1931.5 0
11421.7 2001.08 0
11441.3 2070.42 5.76554
11461.1 2139.76 5.76554
p
52
30
11400 0 0
11398.4 70.5359 0
11396.9 141.072 0
11396 211.685 0
11396.1 282.393 0
11398.1 353.19 0
11401.7 423.969 0
11406.4 494.72 0
11410.7 565.503 0
11414.7 636.33 0
11418.4 707.194 0
11421.8 778.077 0
11424.8 848.962 0
11427.6 919.839 0
11430.2 990.704 0
11432.7 1061.56 0
11435.1 1132.43 0
11437.4 1203.32 0
11439.9 1274.24 0
11442.8 1345.2 0
11445.4 1416.21 0
11448.2 1487.27 0
11450.9 1558.35 0
11453.8 1629.43 0
11456.8 1700.49 0
11460.1 1771.5 0
11463.7 1842.44 0
11467.6 1913.29 0
11471.8 1984.07 0
11476.2 2054.78 -14.4139
11481.1 2125.36 -14.4139
p
53
30
11600 0 0
11599.7 76.7661 0
11599.4 153.532 0
11600.8 230.268 0
11603.8 306.927 0
11607.6 383.517 0
11612.2 460.088 0
11617 536.65 0
11621.7 613.227 0
11625.9 689.823 0
11629.2 766.446 0
11631.1 843.093 0
11631.4 919.747 0
11629.8 996.382 0
11626.3 1072.96 0
11620.7 1149.45 0
11613.2 1225.82 0
11603.8 1302.04 0
11592.9 1378.11 0
11580.8 1454.04 0
11568 1529.88 0
11554.8 1605.68 0
11542 1681.5 0
11530 1757.42 0
11519.5 1833.49 0
11510.9 1909.75 0
11504.9 1986.21 0
11501.5 2062.8 5.76554
11499.7 2139.52 5.76554
11497.7 2216.27 5.76554
11495.7 2293.03 0
p
54
30
11800 0 0
11795.9 75.3523 0
11791.9 150.705 0
11787.8 226.057 0
11783.8 301.409 0
11779.7 376.762 0
11775.7 452.114 0
11771.6 527.466 0
11767.5 602.819 0
11763.5 678.171 0
11759.4 753.523 0
11755.4 828.876 0
11751.3 904.228 0
11747.3 979.58 0
11743.2 1054.93 0
11739.1 1130.28 0
11735.1 1205.64 0
11731 1280.99 0
11727 1356.34 0
11722.9 1431.69 0
11718.8 1507.05 0
11714.8 1582.4 0
11710.7 1657.75 0
11706.7 1733.1 0
11702.6 1808.46 0
11698.6 1883.81 0
11694.5 1959.16 0
11690.4 2034.51 0
11686.4 2109.87 0
11682.3 2185.22 0
11678.3 2260.57 0
p
55
30
12000 0 0
12006.3 89.2373 0
12012.6 178.475 0
12018.9 267.712 0
12025.2 356.949 0
12031.5 446.186 0
12037.8 535.424 0
12044.1 624.661 0
12050.4 713.898 0
12056.7 803.135 0
12063 892.373 0
12069.3 981.61 0
12075.6 1070.85 0
12081.9 1160.08 0
12088.2 1249.32 0
12094.5 1338.56 0
12100.8 1427.8 0
12107.1 1517.03 0
12113.4 1606.27 0
12119.7 1695.51 0
12126 1784.75 0
12132.3 1873.98 0
12138.6 1963.22 0
12145 2052.46 0
12151.3 2141.69 0
12157.6 2230.93 0
12163.9 2320.17 0
12170.2 2409.41 0
12176.5 2498.64 0
12182.8 2587.88 0
12189.1 2677.12 0
p
56
30
12200 0 0
12200.5 69.6528 0
12201 139.306 0
12201.5 208.958 0
12202 278.611 0
12202.5 348.264 0
12203 417.917 0
12203.5 487.57 0
12204 557.223 0
12204.5 626.875 0
12205.1 696.528 0
12205.6 766.181 0
12206.1 835.834 0
12206.6 905.487 0
12207.1 975.14 0
12207.6 1044.79 0
12208.1 1114.45 0
12208.6 1184.1 0
12209.1 1253.75 0
12209.6 1323.4 0
12210.1 1393.06 0
12210.6 1462.71 0
12211.1 1532.36 0
12211.6 1602.01 0
12212.1 1671.67 0
12212.6 1741.32 0
12213.1 1810.97 0
12213.6 1880.63 0
12214.1 1950.28 0
12214.6 2019.93 0
12215.2 2089.58 0
p
57
30
12400 0 0
12400.5 77.1175 0
12401 154.235 0
12401.5 231.353 0
12401.9 308.47 0
12402.4 385.588 0
12402.9 462.705 0
12403.4 539.823 0
12403.9 616.94 0
12404.4 694.058 0
12404.9 771.175 0
12405.3 848.293 0
12405.8 925.411 0
12406.3 1002.53 0
12406.8 1079.65 0
12407.3 1156.76 0
12407.8 1233.88 0
12408.3 1311 0
12408.7 1388.12 0
12409.2 1465.23 0
12409.7 1542.35 0
12410.2 1619.47 0
12410.7 1696.59 0
12411.2 1773.7 0
12411.7 1850.82 0
12412.1 1927.94 0
12412.6 2005.06 0
12413.1 2082.17 0
12413.6 2159.29 0
12414.1 2236.41 0
12414.6 2313.53 0
p
58
30
12600 0 0
12594.4 88.3689 0
12588.7 176.738 0
12583.1 265.107 0
12577.5 353.476 0
12571.9 441.845 0
12566.2 530.214 0
12560.6 618.583 0
12555 706.952 0
12549.4 795.32 0
12543.7 883.689 0
12538.1 972.058 0
12532.5 1060.43 0
12526.9 1148.8 0
12521.2 1237.17 0
12515.6 1325.53 0
12510 1413.9 0
12504.3 1502.27 0
12498.7 1590.64 0
12493.1 1679.01 0
12487.5 1767.38 0
12481.8 1855.75 0
12476.2 1944.12 0
12470.6 2032.49 0
12465 2120.85 0
12459.3 2209.22 0
12453.7 2297.59 0
12448.1 2385.96 0
12442.5 2474.33 0
12436.8 2562.7 0
12431.2 2651.07 0
p
59
30
12800 0 0
12793.3 77.4244 0
12786.5 154.849 0
12779.8 232.273 0
12773.1 309.698 0
12766.3 387.122 0
12759.6 464.546 0
12752.9 541.971 0
12746.1 619.395 0
12739.4 696.82 0
12732.7 774.244 0
12725.9 851.669 0
12719.2 929.093 0
12712.4 1006.52 0
12705.7 1083.94 0
12699 1161.37 0
12692.2 1238.79 0
12685.5 1316.21 0
12678.8 1393.64 0
12672 1471.06 0
12665.3 1548.49 0
12658.6 1625.91 0
12651.8 1703.34 0
12645.1 1780.76 0
12638.4 1858.19 0
12631.6 1935.61 0
12624.9 2013.03 0
12618.2 2090.46 0
12611.4 2167.88 0
12604.7 2245.31 0
12598 2322.73 0
p
60
30
13000 0 0
12998.6 64.5398 0
12997.3 129.08 0
12995.9 193.619 0
12994.5 258.159 0
12993.2 322.699 0
12991.8 387.239 0
12990.5 451.779 0
12989.1 516.318 0
12987.7 580.858 0
12986.4 645.398 0
12985 709.938 0
12983.6 774.478 0
12982.3 839.018 0
12980.9 903.557 0
12979.5 968.097 0
12978.2 1032.64 0
12976.8 1097.18 0
12975.5 1161.72 0
12974.1 1226.26 0
12972.7 1290.8 0
12971.4 1355.34 0
12970 1419.88 0
12968.6 1484.42 0
12967.3 1548.96 0
12965.9 1613.5 0
12964.5 1678.04 0
12963.2 1742.57 0
12961.8 1807.11 0
12960.5 1871.65 0
12959.1 1936.19 0
p
61
30
13200 0 0
13202.8 74.2595 0
13205.5 148.519 0
13208.3 222.778 0
13211.1 297.038 0
13213.8 371.297 0
13216.6 445.557 0
13219.4 519.816 0
13222.2 594.076 0
13224.9 668.335 0
13227.7 742.595 0
13230.5 816.854 0
13233.2 891.114 0
13236 965.373 0
13238.8 1039.63 0
13241.5 1113.89 0
13244.3 1188.15 0
13247.1 1262.41 0
13249.8 1336.67 0
13252.6 1410.93 0
13255.4 1485.19 0
13258.2 1559.45 0
13260.9 1633.71 0
13263.7 1707.97 0
13266.5 1782.23 0
13269.2 1856.49 0
13272 1930.75 0
13274.8 2005.01 0
13277.5 2079.27 0
13280.3 2153.52 0
13283.1 2227.78 0
p
62
30
13400 0 0
13396.1 73.9306 0
13392.2 147.861 0
13388.3 221.794 0
13384.6 295.73 0
13380.9 369.673 0
13377.5 443.623 0
13374.3 517.584 0
13371.3 591.556 0
13368.7 665.54 0
13366.5 739.537 0
13364.7 813.545 0
13363.3 887.565 0
13362.5 961.594 0
13362.2 1035.63 0
13362.4 1109.67 0
13363.2 1183.7 0
13364.5 1257.74 0
13366.6 1331.76 0
13369.3 1405.76 0
13372.7 1479.75 0
13376.8 1553.7 0
13381.7 1627.61 0
13387.4 1701.48 0
13393.8 1775.28 0
13401 1849.03 0
13409.1 1922.7 0
13417.9 1996.29 0
13427.6 2069.78 0
13437.9 2143.2 0
13448.6 2216.57 0
p
63
30
13600 0 0
13586.7 70.9987 0
13573.4 141.997 0
13560.4 213.056 0
13547.8 284.184 0
13535.7 355.4 0
13524.1 426.72 0
13513.3 498.154 0
13503.3 569.709 0
13494.2 641.388 0
13486 713.188 0
13478.8 785.105 0
13472.7 857.13 0
13467.7 929.253 0
13464 1001.46 0
13461.4 1073.73 0
13459.8 1146.03 0
13459 1218.36 0
13458.9 1290.7 0
13459.5 1363.05 0
13460.6 1435.4 0
13462.1 1507.75 0
13463.9 1580.09 0
13465.9 1652.44 0
13468 1724.78 0
13470.1 1797.13 0
13472.1 1869.47 0
13473.9 1941.82 0
13475.4 2014.17 0
13476.5 2086.52 0
13477.2 2158.87 0
p
64
30
13800 0 0
13804.9 62.7807 0
13809.8 125.561 0
13814.7 188.342 0
13819.6 251.123 0
13824.5 313.903 0
13829.4 376.684 0
13834.3 439.465 0
13839.1 502.245 0
13844 565.026 0
13848.9 627.807 0
13853.8 690.588 0
13858.7 753.368 0
13863.6 816.149 0
13868.5 878.93 0
13873.4 941.71 0
13878.3 1004.49 0
13883.2 1067.27 0
13888.1 1130.05 0
13893 1192.83 0
13897.9 1255.61 0
13902.8 1318.39 0
13907.7 1381.18 0
13912.6 1443.96 0
13917.4 1506.74 0
13922.3 1569.52 0
13927.2 1632.3 0
13932.1 1695.08 0
13937 1757.86 0
13941.9 1820.64 0
13946.8 1883.42 0
p
65
30
14000 0 0
14004.6 82.8805 0
14009.3 165.761 0
14013.9 248.641 0
14018.6 331.522 0
14023.2 414.402 0
14027.9 497.283 0
14032.5 580.163 0
14037.2 663.044 0
14041.8 745.924 0
14046.5 828.805 0
14051.1 911.685 0
14055.7 994.566 0
14060.4 1077.45 0
14065 1160.33 0
14069.7 1243.21 0
14074.3 1326.09 0
14079 1408.97 0
14083.6 1491.85 0
14088.3 1574.73 0
14092.9 1657.61 0
14097.6 1740.49 0
14102.2 1823.37 0
14106.8 1906.25 0
14111.5 1989.13 0
14116.1 2072.01 0
14120.8 2154.89 0
14125.4 2237.77 0
14130.1 2320.65 0
14134.7 2403.53 0
14139.4 2486.41 0
p
66
30
14200 0 0
14198.8 76.2058 0
14197.7 152.412 0
14196.5 228.617 0
14195.3 304.823 0
14194.1 381.029 0
14193 457.235 0
14191.8 533.441 0
14190.6 609.647 0
14189.4 685.852 0
14188.3 762.058 0
14187.1 838.264 0
14185.9 914.47 0
14184.8 990.676 0
14183.6 1066.88 0
14182.4 1143.09 0
14181.2 1219.29 0
14180.1 1295.5 0
14178.9 1371.7 0
14177.7 1447.91 0
14176.6 1524.12 0
14175.4 1600.32 0
14174.2 1676.53 0
14173 1752.73 0
14171.9 1828.94 0
14170.7 1905.15 0
14169.5 1981.35 0
14168.3 2057.56 0
14167.2 2133.76 0
14166 2209.97 0
14164.8 2286.17 0
p
67
30
14400 0 0
14399.6 74.7414 0
14399.2 149.483 0
14398.7 224.224 0
14398.3 298.966 0
14397.9 373.707 0
14397.5 448.448 0
14397.1 523.19 0
14396.7 597.931 0
14396.2 672.673 0
14395.8 747.414 0
14395.4 822.155 0
14395 896.897 0
14394.6 971.638 0
14394.2 1046.38 0
14393.7 1121.12 0
14393.3 1195.86 0
14392.9 1270.6 0
14392.5 1345.35 0
14392.1 1420.09 0
14391.6 1494.83 0
14391.2 1569.57 0
14390.8 1644.31 0
14390.4 1719.05 0
14390 1793.79 0
14389.6 1868.53 0
14389.1 1943.28 0
14388.7 2018.02 0
14388.3 2092.76 0
14387.9 2167.5 0
14387.5 2242.24 0
p
68
30
14600 0 0
14603.3 77.818 0
14606.7 155.636 0
14610 233.454 0
14613.3 311.272 0
14616.7 389.09 0
14620 466.908 0
14623.3 544.726 0
14626.7 622.544 0
14630 700.362 0
14633.3 778.18 0
14636.7 855.998 0
14640 933.816 0
14643.3 1011.63 0
14646.7 1089.45 0
14650 1167.27 0
14653.3 1245.09 0
14656.7 1322.91 0
14660 1400.72 0
14663.4 1478.54 0
14666.7 1556.36 0
14670 1634.18 0
14673.4 1712 0
14676.7 1789.81 0
14680 1867.63 0
14683.4 1945.45 0
14686.7 2023.27 0
14690 2101.09 0
14693.4 2178.9 0
14696.7 2256.72 0
14700 2334.54 0
p
69
30
14800 0 0
14797.7 69.7159 0
14795.4 139.432 0
14793.2 209.148 0
14790.9 278.864 0
14788.6 348.58 0
14786.3 418.296 0
14784 488.012 0
14781.8 557.728 0
14779.5 627.443 0
14777.2 697.159 0
14774.9 766.875 0
14772.6 836.591 0
14770.4 906.307 0
14768.1 976.023 0
14765.8 1045.74 0
14763.5 1115.46 0
14761.2 1185.17 0
14759 1254.89 0
14756.7 1324.6 0
14754.4 1394.32 0
14752.1 1464.03 0
14749.8 1533.75 0
14747.6 1603.47 0
14745.3 1673.18 0
14743 1742.9 0
14740.7 1812.61 0
14738.4 1882.33 0
14736.2 1952.05 0
14733.9 2021.76 0
14731.6 2091.48 0
p
70
30
15000 0 0
14999.6 76.8856 0
14999.2 153.771 0
14998.8 230.657 0
14998.4 307.542 0
14997.9 384.428 0
14997.5 461.314 0
14997.1 538.199 0
14996.7 615.085 0
14996.3 691.97 0
14995.9 768.856 0
14995.5 845.742 0
14995.1 922.627 0
14994.6 999.513 0
14994.2 1076.4 0
14993.8 1153.28 0
14993.4 1230.17 0
14993 1307.06 0
14992.6 1383.94 0
14992.2 1460.83 0
14991.8 1537.71 0
14991.3 1614.6 0
14990.9 1691.48 0
14990.5 1768.37 0
14990.1 1845.25 0
14989.7 1922.14 0
14989.3 1999.03 0
14988.9 2075.91 0
14988.5 2152.8 0
14988 2229.68 0
14987.6 2306.57 0
p
71
30
15200 0 0
15203.4 85.1413 0
15206.8 170.283 0
15209.3 255.369 0
15210.5 340.426 0
15211.3 425.553 0
15211.4 510.693 0
15211.1 595.841 0
15210.6 680.993 0
15210.1 766.145 0
15209.8 851.293 0
15209.9 936.433 0
15210.4 1021.57 -11.5861
15210.3 1106.74 -11.5861
15209.6 1191.95 -11.5861
15209.1 1277.19 -11.5861
15209.4 1362.45 -11.5861
15211 1447.7 -11.5861
15213.6 1532.91 -11.5861
15216.4 1618.08 0
15219.1 1703.24 0
15221.9 1788.41 0
15224.7 1873.57 0
15227.4 1958.74 0
15230.2 2043.91 0
15233 2129.07 0
15235.7 2214.24 0
15238.5 2299.4 0
15241.3 2384.57 0
15244 2469.74 0
15246.8 2554.9 0
p
72
30
15400 0 0
15401.5 86.6694 0
15403 173.339 0
15401.5 260.104 0
15397.4 346.852 0
15390 433.414 0
15377.8 519.561 0
15358.4 604.724 0
15333.9 688.847 0
15308.1 772.902 0
15282.3 857.11 0
15258.6 941.955 0
15237.6 1027.38 13.5171
15222 1113.7 13.5171
15213.1 1200.72 13.5171
15212.3 1287.98 13.5171
15220.7 1374.73 13.5171
15238.3 1460.11 13.5171
15264.5 1543.46 0
15299.8 1623.67 0
15342.5 1700.57 0
15389.8 1775.08 0
15438.5 1848.82 0
15485.3 1923.75 0
15526.8 2001.59 0
15561.3 2082.57 11.6355
15593.5 2164.63 11.6355
15625.9 2246.7 11.6355
15658.5 2328.76 0
15691.1 2410.81 0
15723.7 2492.86 0
p
73
30
15600 0 0
15593 71.2786 0
15585.9 142.557 0
15581.9 214.374 0
15582 286.62 0
15581.8 358.74 0
15581.5 430.902 0
15582.5 503.262 0
15585 575.807 0
15585.6 648.38 0
15585.7 721.081 0
15585.7 793.856 0
15585 866.633 0
15584.3 939.399 0
15583.7 1012.15 0
15583.2 1084.9 0
15582.8 1157.69 0
15582.7 1230.55 0
15582.5 1303.51 0
15582.3 1376.59 0
15581.8 1449.79 0
15580.9 1523.11 0
15579.4 1596.51 0
15577.2 1669.96 0
15574.7 1743.44 0
15572.7 1816.94 0
15573.6 1890.41 11.6355
15580.3 1963.5 11.6355
15591.8 2035.85 11.6355
15608.2 2106.99 11.6355
15626.8 2177.49 11.6355
p
74
30
15800 0 0
15797.2 79.6524 0
15794.3 159.305 0
15794.4 238.996 0
15797.1 318.639 0
15799.8 398.339 0
15802 478.071 0
15803 557.822 0
15802.8 637.572 0
15800.8 717.294 0
15796.9 796.927 0
15790.9 876.419 0
15782.8 955.727 0
15772.8 1034.82 0
15761.1 1113.69 0
15747.8 1192.34 0
15733.2 1270.8 0
15717.8 1349.1 0
15701.8 1427.31 0
15685.6 1505.48 0
15669.5 1583.67 0
15653.8 1661.93 0
15638.8 1740.29 0
15624.7 1818.78 0
15611.6 1897.43 -15.5139
15600.2 1976.28 -15.5139
15593.3 2055.63 -15.5139
15592 2135.39 -15.5139
15592.2 2215.15 -15.5139
15592.2 2294.89 -15.5139
15592.1 2374.63 0
p
75
30
16000 0 0
15999.6 70.8693 0
15999.1 141.739 0
15998.7 212.608 0
15998.3 283.477 0
15997.8 354.347 0
15997.4 425.216 0
15996.9 496.085 0
15996.5 566.955 0
15996.1 637.824 0
15995.6 708.693 0
15995.2 779.563 0
15994.8 850.432 0
15994.3 921.301 0
15993.9 992.171 0
15993.4 1063.04 0
15993 1133.91 0
15992.6 1204.78 0
15992.1 1275.65 0
15991.7 1346.52 0
15991.3 1417.39 0
15990.8 1488.26 0
15990.4 1559.13 0
15989.9 1629.99 0
15989.5 1700.86 0
15989.1 1771.73 0
15988.6 1842.6 0
15988.2 1913.47 0
15987.8 1984.34 0
15987.3 2055.21 0
15986.9 2126.08 0
p
76
30
16200 0 0
16196.3 70.186 0
16192.7 140.372 0
16189 210.558 0
16185.4 280.744 0
16181.7 350.93 0
16178.1 421.116 0
16174.4 491.302 0
16170.7 561.488 0
16167.1 631.674 0
16163.4 701.86 0
16159.8 772.046 0
16156.1 842.232 0
16152.5 912.418 0
16148.8 982.604 0
16145.1 1052.79 0
16141.5 1122.98 0
16137.8 1193.16 0
16134.2 1263.35 0
16130.5 1333.53 0
16126.9 1403.72 0
16123.2 1473.91 0
16119.5 1544.09 0
16115.9 1614.28 0
16112.2 1684.46 0
16108.6 1754.65 0
16104.9 1824.84 0
16101.3 1895.02 0
16097.6 1965.21 0
16093.9 2035.39 0
16090.3 2105.58 0
p
77
30
16400 0 0
16403.2 82.4296 0
16406.4 164.859 0
16409.6 247.289 0
16412.7 329.718 0
16415.9 412.148 0
16419.1 494.577 0
16422.3 577.007 0
16425.5 659.436 0
16428.7 741.866 0
16431.9 824.296 0
16435 906.725 0
16438.2 989.155 0
16441.4 1071.58 0
16444.6 1154.01 0
16447.8 1236.44 0
16451 1318.87 0
16454.1 1401.3 0
16457.3 1483.73 0
16460.5 1566.16 0
16463.7 1648.59 0
16466.9 1731.02 0
16470.1 1813.45 0
16473.3 1895.88 0
16476.4 1978.31 0
16479.6 2060.74 0
16482.8 2143.17 0
16486 2225.6 0
16489.2 2308.03 0
16492.4 2390.46 0
16495.6 2472.89 0
p
78
30
16600 0 0
16604 80.0074 0
16608.1 160.015 0
16612.1 240.022 0
16616.2 320.03 0
16620.2 400.037 0
16624.3 480.045 0
16628.3 560.052 0
16632.3 640.059 0
16636.4 720.067 0
16640.4 800.074 0
16644.5 880.082 0
16648.5 960.089 0
16652.6 1040.1 0
16656.6 1120.1 0
16660.6 1200.11 0
16664.7 1280.12 0
16668.7 1360.13 0
16672.8 1440.13 0
16676.8 1520.14 0
16680.9 1600.15 0
16684.9 1680.16 0
16688.9 1760.16 0
16693 1840.17 0
16697 1920.18 0
16701.1 2000.19 0
16705.1 2080.19 0
16709.2 2160.2 0
16713.2 2240.21 0
16717.2 2320.22 0
16721.3 2400.22 0
p
79
30
16800 0 0
16801.3 72.3573 0
16802.6 144.715 0
16803.9 217.072 0
16805.2 289.429 0
16806.5 361.786 0
16807.8 434.144 0
16809.1 506.501 0
16810.4 578.858 0
16811.7 651.216 0
16813 723.573 0
16814.3 795.93 0
16815.6 868.287 0
16816.8 940.645 0
16818.1 1013 0
16819.4 1085.36 0
16820.7 1157.72 0
16822 1230.07 0
16823.3 1302.43 0
16824.6 1374.79 0
16825.9 1447.15 0
16827.2 1519.5 0
16828.5 1591.86 0
16829.8 1664.22 0
16831.1 1736.57 0
16832.4 1808.93 0
16833.7 1881.29 0
16835 1953.65 0
16836.3 2026 0
16837.6 2098.36 0
16838.9 2170.72 0
s	0
62 63 64 95 96 97 122 123 124 125 126 127 128 129 130 153 154 155 156 157 158 159 160 161 162 163 192 193 194 195 196 224 225 226 227 228 229 
62 63 64 95 96 97 122 123 124 125 126 127 128 129 130 153 154 155 156 157 158 159 160 161 162 163 192 193 194 195 196 224 225 226 227 228 229 
b
3 0
0.783099 0.394383 0.840188
63 0 0 3
96 0 0 1
227 0 0 1
228 0 0 1
b
3 0
0.197551 0.911647 0.79844
123 0 0 2
124 0 0 2
125 0 0 3
126 0 0 3
127 0 0 3
128 0 0 3
129 0 0 4
154 0 0 1
155 0 0 3
156 0 0 3
157 0 0 3
158 0 0 3
159 0 0 3
160 0 0 2
193 0 0 1
194 0 0 1
b
3 0
0.277775 0.76823 0.335223
162 0 0 1
195 0 0 3
225 0 0 1
226 0 0 1
g
0
2 2 0 0 1 2 0 2 5
t
2
0
1609.58 1952.67 100
1610.29 1938.78 -100
a
12
0
64 61 97 94 130 121 163 152 196 191 229 223 
1 129 1 194 0 159 0 160 0 193 0 192 0 2640 0.406185 2641 0.593815 
1 128 1 158 0 159 0 160 0 193 0 2640 0.406185 2641 0.593815 
1 124 1 154 0 155 0 156 0 2640 0.406185 2641 0.593815 
1 125 1 155 0 156 0 157 0 2640 0.406185 2641 0.593815 
1 126 1 156 0 157 0 158 0 2640 0.406185 2641 0.593815 
1 127 1 157 0 158 0 159 0 2640 0.406185 2641 0.593815 
1 122 1 154 0 153 0 2640 0.406185 2641 0.593815 
1 123 1 154 0 155 0 2640 0.406185 2641 0.593815 
2 154 1 124 0 122 0 123 0 2640 0.551598 2641 0.448402 
2 155 1 124 0 125 0 123 0 2640 0.551598 2641 0.448402 
2 156 1 124 0 125 0 126 0 2640 0.551598 2641 0.448402 
2 157 1 125 0 126 0 127 0 2640 0.551598 2641 0.448402 
2 158 1 128 0 126 0 127 0 2640 0.551598 2641 0.448402 
2 159 1 129 0 128 0 127 0 2640 0.551598 2641 0.448402 
2 160 1 129 0 128 0 2640 0.551598 2641 0.448402 
2 161 1 195 0 194 0 2640 0.551598 2641 0.448402 
2 153 1 122 0 2640 0.551598 2641 0.448402 
2 162 1 195 0 2640 0.551598 2641 0.448402 
1 195 1 226 0 161 0 224 0 225 0 162 0 2640 0.406185 2641 0.593815 
3 194 1 129 0 161 0 224 0 225 0 2640 0.551598 2641 0.448402 
3 193 1 129 0 128 0 2640 0.551598 2641 0.448402 
3 192 1 129 0 2640 0.551598 2641 0.448402 
2 226 1 195 0 62 0 63 0 2640 0.551598 2641 0.448402 
2 224 1 195 0 194 0 2640 0.551598 2641 0.448402 
2 225 1 195 0 194 0 2640 0.551598 2641 0.448402 
2 227 1 62 0 63 0 2640 0.551598 2641 0.448402 
2 228 1 63 0 2640 0.551598 2641 0.448402 
1 62 1 226 0 96 0 227 0 95 0 2640 0.406185 2641 0.593815 
1 63 1 226 0 96 0 227 0 228 0 2640 0.406185 2641 0.593815 
2 96 1 62 0 63 0 2640 0.551598 2641 0.448402 
2 95 1 62 0 2640 0.551598 2641 0.448402 
0 2640 15.5 129 0.406185 128 0.406185 124 0.406185 125 0.406185 126 0.406185 127 0.406185 122 0.406185 123 0.406185 154 0.551598 155 0.551598 156 0.551598 157 0.551598 158 0.551598 159 0.551598 160 0.551598 161 0.551598 153 0.551598 162 0.551598 195 0.406185 194 0.551598 193 0.551598 192 0.551598 226 0.551598 224 0.551598 225 0.551598 227 0.551598 228 0.551598 62 0.406185 63 0.406185 96 0.551598 95 0.551598 
0 2641 15.5 129 0.593815 128 0.593815 124 0.593815 125 0.593815 126 0.593815 127 0.593815 122 0.593815 123 0.593815 154 0.448402 155 0.448402 156 0.448402 157 0.448402 158 0.448402 159 0.448402 160 0.448402 161 0.448402 153 0.448402 162 0.448402 195 0.593815 194 0.448402 193 0.448402 192 0.448402 226 0.448402 224 0.448402 225 0.448402 227 0.448402 228 0.448402 62 0.593815 63 0.593815 96 0.448402 95 0.448402 
NanList HYP 6
4 235 30
4 235 29
4 235 28
4 235 30
4 235 29
4 235 28
d
99
0 0 -18.763 0 0 -18.763 0 0 -18.763 0 0 -18.763 0 0 -18.763 0 0 -18.763 0 0 -18.763 0 0 -18.763 0 0 10.3197 0 0 10.3197 0 0 10.3197 0 0 10.3197 0 0 10.3197 0 0 10.3197 0 0 10.3197 0 0 10.3197 0 0 10.3197 0 0 10.3197 0 0 -18.763 0 0 10.3197 0 0 10.3197 0 0 10.3197 0 0 10.3197 0 0 10.3197 0 0 10.3197 0 0 10.3197 0 0 10.3197 0 0 -18.763 0 0 -18.763 0 0 10.3197 0 0 10.3197 -0.356351 6.94652 0 0.356382 -6.94664 0 
s	1
418 422 451 456 490 493 519 525 
418 419 420 421 422 451 452 453 454 455 456 490 491 492 493 519 520 521 522 523 524 525 
b
4 0
0.628871 0.477397 0.55397
419 0 0 2
420 0 0 3
421 0 0 1
452 0 0 2
453 0 0 3
454 0 0 3
455 0 0 2
491 0 0 2
492 0 0 3
520 0 0 2
521 0 0 2
522 0 0 3
523 0 0 2
524 0 0 2
g
0
2 2 0 0 1 2 0 2 5
t
2
2
3387.96 1975.81 100
3389.93 1971.78 -100
a
8
12
422 417 456 450 493 489 525 518 
1 521 1 453 0 419 0 454 0 418 0 455 0 2640 0.431488 2641 0.568512 
1 522 1 419 0 420 0 418 0 455 0 2640 0.431488 2641 0.568512 
1 519 1 453 0 452 0 2640 0.431488 2641 0.568512 
1 520 1 453 0 454 0 2640 0.431488 2641 0.568512 
1 523 1 419 0 420 0 2640 0.431488 2641 0.568512 
1 524 1 420 0 421 0 2640 0.431488 2641 0.568512 
2 453 1 521 0 491 0 492 0 519 0 520 0 2640 0.568512 2641 0.431488 
2 452 1 491 0 492 0 519 0 490 0 2640 0.568512 2641 0.431488 
2 454 1 521 0 492 0 520 0 2640 0.568512 2641 0.431488 
2 455 1 521 0 522 0 2640 0.568512 2641 0.431488 
2 451 1 491 0 2640 0.568512 2641 0.431488 
2 419 1 521 0 522 0 523 0 2640 0.568512 2641 0.431488 
2 420 1 522 0 523 0 524 0 2640 0.568512 2641 0.431488 
2 418 1 521 0 522 0 2640 0.568512 2641 0.431488 
2 421 1 524 0 2640 0.568512 2641 0.431488 
1 491 1 453 0 452 0 451 0 2640 0.431488 2641 0.568512 
1 492 1 453 0 452 0 454 0 2640 0.431488 2641 0.568512 
1 490 1 452 0 2640 0.431488 2641 0.568512 
0 2640 9 521 0.431488 522 0.431488 519 0.431488 520 0.431488 523 0.431488 524 0.431488 453 0.568512 452 0.568512 454 0.568512 455 0.568512 451 0.568512 419 0.568512 420 0.568512 418 0.568512 421 0.568512 491 0.431488 492 0.431488 490 0.431488 
0 2641 9 521 0.568512 522 0.568512 519 0.568512 520 0.568512 523 0.568512 524 0.568512 453 0.431488 452 0.431488 454 0.431488 455 0.431488 451 0.431488 419 0.431488 420 0.431488 418 0.431488 421 0.431488 491 0.568512 492 0.568512 490 0.568512 
NanList HYP 0
d
60
0 0 -13.7023 0 0 -13.7023 0 0 -13.7023 0 0 -13.7023 0 0 -13.7023 0 0 -13.7023 0 0 13.7023 0 0 13.7023 0 0 13.7023 0 0 13.7023 0 0 13.7023 0 0 13.7023 0 0 13.7023 0 0 13.7023 0 0 13.7023 0 0 -13.7023 0 0 -13.7023 0 0 -13.7023 -0.980523 2.01712 0 0.98074 -2.01715 0 
s	2
656 658 688 690 
656 657 658 688 689 690 
b
2 0
0.95223 0.513401 0.364784
657 0 0 1
689 0 0 1
g
0
2 2 0 0 1 2 0 2 5
t
2
4
4402.75 2335.28 100
4402.88 2332.19 -100
a
4
20
658 655 690 687 
1 657 1 688 0 689 0 2640 0.464412 2641 0.535588 
1 656 1 688 0 2640 0.464412 2641 0.535588 
2 688 1 657 0 656 0 2640 0.535588 2641 0.464412 
2 689 1 657 0 2640 0.535588 2641 0.464412 
0 2640 2 657 0.464412 656 0.464412 688 0.535588 689 0.535588 
0 2641 2 657 0.535588 656 0.535588 688 0.464412 689 0.464412 
NanList HYP 0
d
18
0 0 -7.11755 0 0 -7.11755 0 0 7.11755 0 0 7.11755 -0.0660152 1.54441 0 0.0660152 -1.54425 0 
s	3
721 723 755 757 788 790 
721 722 723 755 756 757 788 789 790 
b
3 0
0.717297 0.635712 0.916195
722 0 0 2
756 0 0 2
789 0 0 2
g
0
2 2 0 0 1 2 0 2 5
t
2
6
5483.95 2117.99 100
5480.78 2121.8 -100
a
6
24
723 720 757 754 790 787 
1 721 1 756 0 788 0 789 0 755 0 2640 0.415121 2641 0.584879 
1 722 1 756 0 789 0 2640 0.415121 2641 0.584879 
2 756 1 721 0 788 0 789 0 722 0 2640 0.479082 2641 0.520918 
2 755 1 721 0 788 0 2640 0.479082 2641 0.520918 
3 788 1 721 0 756 0 755 0 2640 0.605797 2641 0.394203 
3 789 1 721 0 756 0 722 0 2640 0.605797 2641 0.394203 
0 2640 3 721 0.415121 722 0.415121 756 0.479082 755 0.479082 788 0.605797 789 0.605797 
0 2641 3 721 0.584879 722 0.584879 756 0.520918 755 0.520918 788 0.394203 789 0.394203 
NanList HYP 0
d
24
0 0 -16.9758 0 0 -16.9758 0 0 -4.18353 0 0 -4.18353 0 0 21.1593 0 0 21.1593 1.58865 -1.90563 0 -1.58912 1.90577 0 
s	4
1084 1087 1117 1120 1149 1153 
1084 1085 1086 1087 1117 1118 1119 1120 1149 1150 1151 1152 1153 
b
3 0
0.0163006 0.606969 0.141603
1085 0 0 2
1086 0 0 2
1118 0 0 2
1119 0 0 3
1150 0 0 2
1151 0 0 4
1152 0 0 3
g
0
2 2 0 0 1 2 0 2 5
t
2
8
7787.46 2367.51 100
7789.31 2367.3 -100
a
6
30
1087 1083 1120 1116 1153 1148 
1 1150 1 1085 0 1118 0 1119 0 1084 0 1117 0 2640 0.423319 2641 0.576681 
1 1151 1 1085 0 1118 0 1119 0 1084 0 1086 0 2640 0.423319 2641 0.576681 
1 1152 1 1085 0 1119 0 1086 0 2640 0.423319 2641 0.576681 
1 1149 1 1118 0 1117 0 2640 0.423319 2641 0.576681 
2 1118 1 1150 0 1151 0 1149 0 2640 0.55112 2641 0.44888 
2 1119 1 1150 0 1151 0 1152 0 2640 0.55112 2641 0.44888 
2 1117 1 1150 0 1149 0 2640 0.55112 2641 0.44888 
2 1085 1 1150 0 1151 0 1152 0 2640 0.55112 2641 0.44888 
2 1084 1 1150 0 1151 0 2640 0.55112 2641 0.44888 
2 1086 1 1151 0 1152 0 2640 0.55112 2641 0.44888 
0 2640 5 1150 0.423319 1151 0.423319 1152 0.423319 1149 0.423319 1118 0.55112 1119 0.55112 1117 0.55112 1085 0.55112 1084 0.55112 1086 0.55112 
0 2641 5 1150 0.576681 1151 0.576681 1152 0.576681 1149 0.576681 1118 0.44888 1119 0.44888 1117 0.44888 1085 0.44888 1084 0.44888 1086 0.44888 
NanList HYP 0
d
36
0 0 -15.3361 0 0 -15.3361 0 0 -15.3361 0 0 -15.3361 0 0 10.2241 0 0 10.2241 0 0 10.2241 0 0 10.2241 0 0 10.2241 0 0 10.2241 -0.924264 0.104001 0 0.923943 -0.104059 0 
s	5
1237 1244 1270 1278 1304 1310 
1237 1238 1239 1240 1241 1242 1243 1244 1270 1271 1272 1273 1274 1275 1276 1277 1278 1304 1305 1306 1307 1308 1309 1310 
b
3 0
0.804177 0.137232 0.242887
1238 0 0 2
1239 0 0 4
1240 0 0 5
1241 0 0 6
1242 0 0 4
1243 0 0 2
1271 0 0 1
1272 0 0 3
1273 0 0 4
1274 0 0 4
1275 0 0 5
1276 0 0 5
1277 0 0 3
1305 0 0 3
1306 0 0 5
1307 0 0 4
1308 0 0 4
1309 0 0 2
g
0
2 2 0 0 1 2 0 2 5
t
2
10
8669.1 1501.46 100
8665.87 1496.31 -100
a
6
36
1244 1236 1278 1269 1310 1303 
1 1273 1 1241 0 1240 0 1239 0 1305 0 1306 0 2640 0.37812 2641 0.62188 
1 1274 1 1241 0 1240 0 1239 0 1306 0 1307 0 2640 0.37812 2641 0.62188 
1 1275 1 1241 0 1240 0 1242 0 1307 0 1308 0 2640 0.37812 2641 0.62188 
1 1276 1 1241 0 1242 0 1308 0 1243 0 1309 0 2640 0.37812 2641 0.62188 
1 1272 1 1239 0 1305 0 1238 0 1304 0 2640 0.37812 2641 0.62188 
1 1271 1 1238 0 1304 0 1237 0 2640 0.37812 2641 0.62188 
1 1277 1 1242 0 1243 0 1309 0 2640 0.37812 2641 0.62188 
1 1270 1 1237 0 2640 0.37812 2641 0.62188 
2 1241 1 1273 0 1274 0 1275 0 1276 0 1306 0 1307 0 1308 0 2640 0.517919 2641 0.482081 
2 1240 1 1273 0 1274 0 1275 0 1305 0 1306 0 1307 0 2640 0.517919 2641 0.482081 
2 1239 1 1273 0 1274 0 1305 0 1306 0 1272 0 2640 0.517919 2641 0.482081 
2 1238 1 1305 0 1272 0 1271 0 1304 0 2640 0.517919 2641 0.482081 
2 1242 1 1275 0 1276 0 1308 0 1277 0 2640 0.517919 2641 0.482081 
2 1237 1 1271 0 1270 0 2640 0.517919 2641 0.482081 
2 1243 1 1276 0 1277 0 2640 0.517919 2641 0.482081 
3 1305 1 1240 0 1239 0 1273 0 1238 0 1272 0 2640 0.641601 2641 0.358399 
3 1306 1 1241 0 1240 0 1239 0 1273 0 1274 0 2640 0.641601 2641 0.358399 
3 1307 1 1241 0 1240 0 1274 0 1275 0 2640 0.641601 2641 0.358399 
3 1308 1 1241 0 1275 0 1276 0 1242 0 2640 0.641601 2641 0.358399 
3 1304 1 1238 0 1272 0 1271 0 2640 0.641601 2641 0.358399 
3 1309 1 1276 0 1277 0 2640 0.641601 2641 0.358399 
0 2640 10.5 1273 0.37812 1274 0.37812 1275 0.37812 1276 0.37812 1272 0.37812 1271 0.37812 1277 0.37812 1270 0.37812 1241 0.517919 1240 0.517919 1239 0.517919 1238 0.517919 1242 0.517919 1237 0.517919 1243 0.517919 1305 0.641601 1306 0.641601 1307 0.641601 1308 0.641601 1304 0.641601 1309 0.641601 
0 2641 10.5 1273 0.62188 1274 0.62188 1275 0.62188 1276 0.62188 1272 0.62188 1271 0.62188 1277 0.62188 1270 0.62188 1241 0.482081 1240 0.482081 1239 0.482081 1238 0.482081 1242 0.482081 1237 0.482081 1243 0.482081 1305 0.358399 1306 0.358399 1307 0.358399 1308 0.358399 1304 0.358399 1309 0.358399 
NanList HYP 0
d
69
0 0 -24.376 0 0 -24.376 0 0 -24.376 0 0 -24.376 0 0 -24.376 0 0 -24.376 0 0 -24.376 0 0 -24.376 0 0 3.58376 0 0 3.58376 0 0 3.58376 0 0 3.58376 0 0 3.58376 0 0 3.58376 0 0 3.58376 0 0 28.3203 0 0 28.3203 0 0 28.3203 0 0 28.3203 0 0 28.3203 0 0 28.3203 1.61512 2.57662 0 -1.61453 -2.57653 0 
s	6
1283 1285 1316 1318 
1283 1284 1285 1316 1317 1318 
b
2 0
0.12979 0.400944 0.156679
1284 0 0 1
1317 0 0 1
g
0
2 2 0 0 1 2 0 2 5
t
2
12
8648.05 2294.44 100
8647.47 2292.43 -100
a
4
42
1285 1282 1318 1315 
1 1284 1 1316 0 1317 0 2640 0.48635 2641 0.51365 
1 1283 1 1316 0 2640 0.48635 2641 0.51365 
2 1316 1 1284 0 1283 0 2640 0.51365 2641 0.48635 
2 1317 1 1284 0 2640 0.51365 2641 0.48635 
0 2640 2 1284 0.48635 1283 0.48635 1316 0.51365 1317 0.51365 
0 2641 2 1284 0.51365 1283 0.51365 1316 0.48635 1317 0.48635 
NanList HYP 0
d
18
0 0 -2.73006 0 0 -2.73006 0 0 2.73006 0 0 2.73006 0.289894 1.00651 0 -0.289425 -1.00651 0 
s	7
1415 1417 1514 1516 
1415 1416 1417 1514 1515 1516 
b
2 0
0.218257 0.998924 0.108809
1416 0 0 1
1515 0 0 1
g
0
2 2 0 0 1 2 0 2 5
t
2
14
9228.66 2283.36 100
9224.14 2284.2 -100
a
4
46
1417 1414 1516 1513 
1 1415 1 1515 0 1514 0 2640 0.463184 2641 0.536816 
1 1416 1 1515 0 2640 0.463184 2641 0.536816 
2 1515 1 1415 0 1416 0 2640 0.536816 2641 0.463184 
2 1514 1 1415 0 2640 0.536816 2641 0.463184 
0 2640 2 1415 0.463184 1416 0.463184 1515 0.536816 1514 0.536816 
0 2641 2 1415 0.536816 1416 0.536816 1515 0.463184 1514 0.463184 
NanList HYP 0
d
18
0 0 -7.3632 0 0 -7.3632 0 0 7.3632 0 0 7.3632 2.26379 -0.421447 0 -2.26457 0.421271 0 
s	8
1447 1450 1481 1483 1510 1513 
1447 1448 1449 1450 1481 1482 1483 1510 1511 1512 1513 
b
3 0
0.61264 0.839112 0.512932
1448 0 0 1
1449 0 0 3
1482 0 0 2
1511 0 0 1
1512 0 0 1
g
0
2 2 0 0 1 2 0 2 5
t
2
16
9545.09 2028.54 100
9543.57 2025.22 -100
a
6
50
1450 1446 1483 1480 1513 1509 
1 1449 1 1482 0 1511 0 1510 0 1512 0 2640 0.43965 2641 0.56035 
1 1448 1 1482 0 1481 0 1511 0 2640 0.43965 2641 0.56035 
1 1447 1 1482 0 1481 0 2640 0.43965 2641 0.56035 
2 1482 1 1449 0 1448 0 1447 0 2640 0.53621 2641 0.46379 
2 1481 1 1448 0 1447 0 2640 0.53621 2641 0.46379 
2 1511 1 1449 0 1448 0 2640 0.53621 2641 0.46379 
2 1510 1 1449 0 2640 0.53621 2641 0.46379 
2 1512 1 1449 0 2640 0.53621 2641 0.46379 
0 2640 4 1449 0.43965 1448 0.43965 1447 0.43965 1482 0.53621 1481 0.53621 1511 0.53621 1510 0.53621 1512 0.53621 
0 2641 4 1449 0.56035 1448 0.56035 1447 0.56035 1482 0.46379 1481 0.46379 1511 0.46379 1510 0.46379 1512 0.46379 
NanList HYP 0
d
30
0 0 -12.0699 0 0 -12.0699 0 0 -12.0699 0 0 7.24196 0 0 7.24196 0 0 7.24196 0 0 7.24196 0 0 7.24196 0.755982 1.6584 0 -0.756139 -1.65841 0 
s	9
1499 1504 1535 1540 
1499 1500 1501 1502 1503 1504 1535 1536 1537 1538 1539 1540 
b
2 0
0.524287 0.637552 0.296032
1500 0 0 1
1501 0 0 3
1502 0 0 3
1503 0 0 2
1536 0 0 2
1537 0 0 2
1538 0 0 3
1539 0 0 2
g
0
2 2 0 0 1 2 0 2 5
t
2
18
10132.3 1447.68 100
10129.3 1446.81 -100
a
4
56
1504 1498 1540 1534 
1 1500 1 1537 0 1535 0 1536 0 2640 0.439268 2641 0.560732 
1 1501 1 1537 0 1538 0 1536 0 2640 0.439268 2641 0.560732 
1 1502 1 1537 0 1538 0 1539 0 2640 0.439268 2641 0.560732 
1 1503 1 1538 0 1539 0 2640 0.439268 2641 0.560732 
1 1499 1 1535 0 2640 0.439268 2641 0.560732 
2 1537 1 1500 0 1501 0 1502 0 2640 0.560732 2641 0.439268 
2 1538 1 1501 0 1502 0 1503 0 2640 0.560732 2641 0.439268 
2 1535 1 1500 0 1499 0 2640 0.560732 2641 0.439268 
2 1536 1 1500 0 1501 0 2640 0.560732 2641 0.439268 
2 1539 1 1502 0 1503 0 2640 0.560732 2641 0.439268 
0 2640 5 1500 0.439268 1501 0.439268 1502 0.439268 1503 0.439268 1499 0.439268 1537 0.560732 1538 0.560732 1535 0.560732 1536 0.560732 1539 0.560732 
0 2641 5 1500 0.560732 1501 0.560732 1502 0.560732 1503 0.560732 1499 0.560732 1537 0.439268 1538 0.439268 1535 0.439268 1536 0.439268 1539 0.439268 
NanList HYP 0
d
36
0 0 -12.1463 0 0 -12.1463 0 0 -12.1463 0 0 -12.1463 0 0 -12.1463 0 0 12.1463 0 0 12.1463 0 0 12.1463 0 0 12.1463 0 0 12.1463 1.51802 0.43475 0 -1.51856 -0.434684 0 
s	10
1613 1614 1615 1646 1647 1648 1678 1679 1680 1681 
1613 1614 1615 1646 1647 1648 1678 1679 1680 1681 
b
2 0
0.292517 0.972775 0.493583
1614 0 0 1
1680 0 0 1
b
2 0
0.769914 0.526745 0.771358
1647 0 0 1
1679 0 0 1
g
0
2 2 0 0 1 2 0 2 5
t
2
20
10945.8 2272.18 100
10950 2277.47 -100
a
6
60
1615 1612 1648 1645 1681 1677 
1 1679 1 1614 0 1647 0 1613 0 2640 0.432259 2641 0.567741 
1 1678 1 1647 0 1646 0 2640 0.432259 2641 0.567741 
1 1680 1 1614 0 2640 0.432259 2641 0.567741 
2 1614 1 1679 0 1680 0 2640 0.550806 2641 0.449194 
2 1613 1 1679 0 2640 0.550806 2641 0.449194 
2 1647 1 1679 0 1678 0 2640 0.550806 2641 0.449194 
2 1646 1 1678 0 2640 0.550806 2641 0.449194 
0 2640 3.5 1679 0.432259 1678 0.432259 1680 0.432259 1614 0.550806 1613 0.550806 1647 0.550806 1646 0.550806 
0 2641 3.5 1679 0.567741 1678 0.567741 1680 0.567741 1614 0.449194 1613 0.449194 1647 0.449194 1646 0.449194 
NanList HYP 0
d
27
0 0 -13.5482 0 0 -13.5482 0 0 -13.5482 0 0 10.1611 0 0 10.1611 0 0 10.1611 0 0 10.1611 -2.09806 -2.64433 0 2.098 2.64439 0 
s	11
1712 1714 1745 1747 1776 1779 
1712 1713 1714 1745 1746 1747 1776 1777 1778 1779 
b
3 0
0.283315 0.891529 0.400229
1713 0 0 1
1746 0 0 3
1777 0 0 1
1778 0 0 1
g
0
2 2 0 0 1 2 0 2 5
t
2
22
11479.9 2117.03 100
11479.7 2114.09 -100
a
6
66
1714 1711 1747 1744 1779 1775 
1 1746 1 1712 0 1776 0 1777 0 1713 0 1778 0 2640 0.427931 2641 0.572069 
1 1745 1 1712 0 1776 0 1777 0 2640 0.427931 2641 0.572069 
2 1776 1 1746 0 1745 0 2640 0.528828 2641 0.471172 
2 1777 1 1746 0 1745 0 2640 0.528828 2641 0.471172 
2 1778 1 1746 0 2640 0.528828 2641 0.471172 
2 1712 1 1746 0 1745 0 2640 0.528828 2641 0.471172 
2 1713 1 1746 0 2640 0.528828 2641 0.471172 
0 2640 3.5 1746 0.427931 1745 0.427931 1776 0.528828 1777 0.528828 1778 0.528828 1712 0.528828 1713 0.528828 
0 2641 3.5 1746 0.572069 1745 0.572069 1776 0.471172 1777 0.471172 1778 0.471172 1712 0.471172 1713 0.471172 
NanList HYP 0
d
27
0 0 -14.4139 0 0 -14.4139 0 0 5.76554 0 0 5.76554 0 0 5.76554 0 0 5.76554 0 0 5.76554 0.066499 1.46953 0 -0.0661084 -1.46958 0 
s	12
2355 2362 2388 2394 
2355 2356 2357 2358 2359 2360 2361 2362 2388 2389 2390 2391 2392 2393 2394 
b
2 0
0.919026 0.807725 0.352458
2356 0 0 2
2357 0 0 3
2358 0 0 3
2359 0 0 3
2360 0 0 2
2361 0 0 1
2389 0 0 2
2390 0 0 3
2391 0 0 3
2392 0 0 3
2393 0 0 3
g
0
2 2 0 0 1 2 0 2 5
t
2
24
15217.6 1259.87 100
15215.9 1264 -100
a
4
72
2362 2354 2394 2387 
1 2356 1 2389 0 2390 0 2388 0 2640 0.442069 2641 0.557931 
1 2357 1 2389 0 2390 0 2391 0 2640 0.442069 2641 0.557931 
1 2358 1 2390 0 2391 0 2392 0 2640 0.442069 2641 0.557931 
1 2359 1 2391 0 2392 0 2393 0 2640 0.442069 2641 0.557931 
1 2355 1 2389 0 2388 0 2640 0.442069 2641 0.557931 
1 2360 1 2392 0 2393 0 2640 0.442069 2641 0.557931 
1 2361 1 2393 0 2640 0.442069 2641 0.557931 
2 2389 1 2356 0 2357 0 2355 0 2640 0.567586 2641 0.432414 
2 2390 1 2356 0 2357 0 2358 0 2640 0.567586 2641 0.432414 
2 2391 1 2357 0 2358 0 2359 0 2640 0.567586 2641 0.432414 
2 2392 1 2358 0 2359 0 2360 0 2640 0.567586 2641 0.432414 
2 2393 1 2359 0 2360 0 2361 0 2640 0.567586 2641 0.432414 
2 2388 1 2356 0 2355 0 2640 0.567586 2641 0.432414 
0 2640 6.5 2356 0.442069 2357 0.442069 2358 0.442069 2359 0.442069 2355 0.442069 2360 0.442069 2361 0.442069 2389 0.567586 2390 0.567586 2391 0.567586 2392 0.567586 2393 0.567586 2388 0.567586 
0 2641 6.5 2356 0.557931 2357 0.557931 2358 0.557931 2359 0.557931 2355 0.557931 2360 0.557931 2361 0.557931 2389 0.432414 2390 0.432414 2391 0.432414 2392 0.432414 2393 0.432414 2388 0.432414 
NanList HYP 0
d
45
0 0 -11.5861 0 0 -11.5861 0 0 -11.5861 0 0 -11.5861 0 0 -11.5861 0 0 -11.5861 0 0 -11.5861 0 0 13.5171 0 0 13.5171 0 0 13.5171 0 0 13.5171 0 0 13.5171 0 0 13.5171 0.843532 -2.0658 0 -0.842691 2.06574 0 
s	13
2401 2404 2435 2440 2466 2472 
2401 2402 2403 2404 2435 2436 2437 2438 2439 2440 2466 2467 2468 2469 2470 2471 2472 
b
3 0
0.525995 0.949327 0.0697553
2402 0 0 2
2403 0 0 2
2436 0 0 2
2437 0 0 3
2438 0 0 2
2439 0 0 2
2467 0 0 2
2468 0 0 3
2469 0 0 4
2470 0 0 3
2471 0 0 1
g
0
2 2 0 0 1 2 0 2 5
t
2
26
15595.8 2087.96 100
15596 2089.6 -100
a
6
76
2404 2400 2440 2434 2472 2465 
1 2469 1 2401 0 2437 0 2438 0 2402 0 2439 0 2640 0.42243 2641 0.57757 
1 2467 1 2436 0 2437 0 2438 0 2435 0 2640 0.42243 2641 0.57757 
1 2468 1 2401 0 2436 0 2437 0 2438 0 2640 0.42243 2641 0.57757 
1 2470 1 2401 0 2402 0 2403 0 2439 0 2640 0.42243 2641 0.57757 
1 2466 1 2436 0 2435 0 2640 0.42243 2641 0.57757 
1 2471 1 2403 0 2640 0.42243 2641 0.57757 
2 2436 1 2467 0 2468 0 2466 0 2640 0.558177 2641 0.441823 
2 2437 1 2469 0 2467 0 2468 0 2640 0.558177 2641 0.441823 
2 2438 1 2469 0 2467 0 2468 0 2640 0.558177 2641 0.441823 
2 2435 1 2467 0 2466 0 2640 0.558177 2641 0.441823 
2 2439 1 2469 0 2470 0 2640 0.558177 2641 0.441823 
2 2401 1 2469 0 2468 0 2470 0 2640 0.558177 2641 0.441823 
2 2402 1 2469 0 2470 0 2640 0.558177 2641 0.441823 
2 2403 1 2470 0 2471 0 2640 0.558177 2641 0.441823 
0 2640 7 2469 0.42243 2467 0.42243 2468 0.42243 2470 0.42243 2466 0.42243 2471 0.42243 2436 0.558177 2437 0.558177 2438 0.558177 2435 0.558177 2439 0.558177 2401 0.558177 2402 0.558177 2403 0.558177 
0 2641 7 2469 0.57757 2467 0.57757 2468 0.57757 2470 0.57757 2466 0.57757 2471 0.57757 2436 0.441823 2437 0.441823 2438 0.441823 2435 0.441823 2439 0.441823 2401 0.441823 2402 0.441823 2403 0.441823 
NanList HYP 0
d
48
0 0 -15.5139 0 0 -15.5139 0 0 -15.5139 0 0 -15.5139 0 0 -15.5139 0 0 -15.5139 0 0 11.6355 0 0 11.6355 0 0 11.6355 0 0 11.6355 0 0 11.6355 0 0 11.6355 0 0 11.6355 0 0 11.6355 -0.116247 -0.816322 0 0.115354 0.816299 0 
