33 0.1 0.1 0.3 1 0 26 1
p
0
30
1000 0 0
1006.99 83.2896 0
1013.98 166.579 0
1021.5 249.811 0
1029.57 332.98 0
1038.23 416.067 0
1047.35 499.063 0
1056.3 581.996 0
1064 664.964 0
1069.39 748.186 0
1071.67 831.567 0
1070.26 915.01 0
1064.93 998.364 0
1056.08 1081.51 0
1044.25 1164.37 0
1030.31 1246.98 0
1015.34 1329.45 0
1000.52 1411.94 0
987.054 1494.61 0
976.057 1577.55 0
968.463 1660.77 0
964.933 1744.17 0
965.781 1827.59 0
970.922 1910.83 0
979.85 1993.76 0
991.657 2076.36 0
1005.07 2158.72 0
1018.55 2241.07 0
1030.33 2323.66 0
1039.5 2406.51 0
1048.26 2489.65 0
p
1
30
1200 0 0
1198.46 81.8181 0
1196.92 163.636 0
1195.09 245.455 0
1192.91 327.272 0
1190.27 409.086 0
1187.09 490.902 0
1183.38 572.729 0
1179.28 654.574 0
1174.83 736.375 0
1170.08 818.162 0
1165.09 899.936 0
1159.92 981.702 0
1154.55 1063.46 0
1149.03 1145.2 0
1143.39 1226.95 0
1137.66 1308.68 0
1131.87 1390.41 0
1126.04 1472.14 0
1120.22 1553.88 0
1114.43 1635.61 0
1108.71 1717.35 0
1103.11 1799.09 0
1097.67 1880.85 0
1092.44 1962.61 0
1087.48 2044.4 0
1082.87 2126.19 0
1078.67 2208.01 0
1074.96 2289.85 0
1071.91 2371.71 0
1069.65 2453.57 0
p
2
30
1400 0 0
1391.65 83.0046 0
1383.29 166.009 0
1374.88 249.003 0
1366.35 331.981 0
1357.65 414.935 0
1348.69 497.849 0
1339.43 580.709 0
1329.85 663.512 0
1320 746.302 0
1309.87 829.059 0
1299.49 911.785 0
1288.86 994.483 0
1278.03 1077.15 0
1267.02 1159.8 0
1255.87 1242.43 0
1244.61 1325.05 0
1233.26 1407.66 0
1221.87 1490.26 0
1210.47 1572.86 0
1199.1 1655.46 0
1187.78 1738.07 0
1176.54 1820.69 0
1165.41 1903.33 0
1154.41 1985.98 0
1143.57 2068.65 0
1132.9 2151.35 0
1122.41 2234.06 0
1112.11 2316.8 0
1102.02 2399.58 0
1092.2 2482.43 0
p
3
30
1600 0 0
1597.54 53.9685 0
1595.07 107.937 0
1592.61 161.906 0
1590.15 215.874 0
1587.68 269.843 0
1585.22 323.811 0
1582.76 377.78 0
1580.29 431.748 0
1577.83 485.717 0
1575.37 539.685 0
1572.9 593.654 0
1570.44 647.622 0
1567.98 701.591 0
1565.51 755.559 0
1563.05 809.528 0
1560.59 863.496 0
1558.12 917.465 0
1555.66 971.433 0
1553.2 1025.4 0
1550.73 1079.37 0
1548.27 1133.34 0
1545.81 1187.31 0
1543.34 1241.28 0
1540.88 1295.24 0
1538.42 1349.21 0
1535.95 1403.18 0
1533.49 1457.15 0
1531.03 1511.12 0
1528.56 1565.09 0
1526.1 1619.06 0
p
4
30
1800 0 0
1804.06 87.6416 0
1808.12 175.283 0
1812.19 262.925 0
1816.25 350.566 0
1820.31 438.208 0
1824.37 525.849 0
1828.43 613.491 0
1832.49 701.133 0
1836.56 788.774 0
1840.62 876.416 0
1844.68 964.057 0
1848.74 1051.7 0
1852.8 1139.34 0
1856.87 1226.98 0
1860.93 1314.62 0
1864.99 1402.27 0
1869.05 1489.91 0
1873.11 1577.55 0
1877.18 1665.19 0
1881.24 1752.83 0
1885.3 1840.47 0
1889.36 1928.11 0
1893.42 2015.76 0
1897.48 2103.4 0
1901.55 2191.04 0
1905.61 2278.68 0
1909.67 2366.32 0
1913.73 2453.96 0
1917.79 2541.61 0
1921.86 2629.25 0
p
5
30
2000 0 0
1999.7 85.2737 0
1999.4 170.547 0
1999.11 255.821 0
1998.81 341.095 0
1998.51 426.369 0
1998.21 511.642 0
1997.92 596.916 0
1997.62 682.19 0
1997.32 767.464 0
1997.02 852.737 0
1996.72 938.011 0
1996.43 1023.28 0
1996.13 1108.56 0
1995.83 1193.83 0
1995.53 1279.11 0
1995.24 1364.38 0
1994.94 1449.65 0
1994.64 1534.93 0
1994.34 1620.2 0
1994.04 1705.47 0
1993.75 1790.75 0
1993.45 1876.02 0
1993.15 1961.3 0
1992.85 2046.57 -11.9638
1992.56 2131.84 -11.9638
1992.26 2217.12 -11.9638
1991.96 2302.39 -11.9638
1991.66 2387.66 0
1991.37 2472.94 0
1991.07 2558.21 0
p
6
30
2200 0 0
2208.6 73.4828 0
2217.2 146.966 0
2225.21 220.519 0
2232.55 294.149 0
2238.99 367.87 0
2244.34 441.687 0
2248.47 515.594 0
2251.25 589.579 0
2252.59 663.619 0
2252.43 737.689 0
2250.71 811.758 0
2247.47 885.793 0
2242.7 959.763 0
2236.41 1033.64 0
2228.61 1107.39 0
2219.28 1180.97 0
2208.41 1254.37 0
2195.98 1327.53 0
2181.93 1400.41 0
2166.18 1472.97 0
2149.52 1545.33 0
2132.07 1617.53 0
2114.13 1689.61 0
2096.01 1761.65 0
2077.99 1833.72 0
2060.38 1905.88 0
2043.48 1978.2 0
2027.62 2050.74 11.9638
2013.17 2123.57 11.9638
2000.14 2196.66 11.9638
p
7
30
2400 0 0
2394.98 76.0189 0
2389.96 152.038 0
2384.88 228.05 0
2379.69 304.055 0
2374.32 380.046 0
2368.71 456.018 0
2362.76 531.964 0
2356.39 607.876 0
2349.52 683.744 0
2342.05 759.557 0
2333.91 835.303 0
2325.14 910.982 0
2315.72 986.586 0
2305.62 1062.11 0
2294.86 1137.55 0
2283.44 1212.89 0
2271.36 1288.14 0
2258.63 1363.3 0
2245.26 1438.35 0
2231.25 1513.31 0
2216.22 1588.07 0
2200.07 1662.62 0
2182.63 1736.9 0
2163.72 1810.83 0
2143.21 1884.35 0
2120.96 1957.39 0
2096.88 2029.86 0
2070.87 2101.69 0
2042.93 2172.81 11.9638
2013.52 2243.36 11.9638
p
8
30
2600 0 0
2592.24 77.494 0
2584.48 154.988 0
2576.72 232.482 0
2568.95 309.976 0
2561.19 387.47 0
2553.43 464.964 0
2545.67 542.458 0
2537.91 619.952 0
2530.15 697.446 0
2522.39 774.94 0
2514.62 852.434 0
2506.86 929.928 0
2499.1 1007.42 0
2491.34 1084.92 0
2483.58 1162.41 0
2475.82 1239.9 0
2468.05 1317.4 0
2460.29 1394.89 0
2452.53 1472.39 0
2444.77 1549.88 0
2437.01 1627.37 0
2429.25 1704.87 0
2421.49 1782.36 0
2413.72 1859.86 0
2405.96 1937.35 0
2398.2 2014.84 0
2390.44 2092.34 0
2382.68 2169.83 0
2374.92 2247.33 0
2367.16 2324.82 0
p
9
30
2800 0 0
2799.4 78.2932 0
2798.8 156.586 0
2798.2 234.88 0
2797.61 313.173 0
2797.01 391.466 0
2796.41 469.759 0
2795.81 548.053 0
2795.21 626.346 0
2794.61 704.639 0
2794.01 782.932 0
2793.42 861.225 0
2792.82 939.519 0
2792.22 1017.81 0
2791.62 1096.11 0
2791.02 1174.4 0
2790.42 1252.69 0
2789.83 1330.98 0
2789.23 1409.28 0
2788.63 1487.57 0
2788.03 1565.86 0
2787.43 1644.16 0
2786.83 1722.45 0
2786.23 1800.74 0
2785.64 1879.04 0
2785.04 1957.33 0
2784.44 2035.62 0
2783.84 2113.92 0
2783.24 2192.21 0
2782.64 2270.5 0
2782.04 2348.8 0
p
10
30
3000 0 0
3002.52 80.9642 0
3005.05 161.928 0
3006.1 242.921 0
3006.13 323.922 0
3004.69 404.916 0
3001.67 485.874 0
2997.12 566.767 0
2991.65 647.641 0
2985.45 728.479 0
2978.93 809.298 0
2972.46 890.12 0
2966.44 970.965 0
2961.25 1051.85 0
2957.26 1132.77 0
2954.83 1213.73 0
2954.28 1294.71 0
2955.88 1375.65 0
2959.9 1456.51 0
2966.51 1537.22 0
2975.86 1617.69 0
2988.02 1697.84 0
3003.01 1777.59 0
3020.76 1856.87 0
3041.15 1935.63 0
3063.99 2013.83 0
3089 2091.49 0
3115.87 2168.66 0
3144.15 2245.42 -23.1711
3173.21 2321.99 -23.1711
3202.41 2398.53 0
p
11
30
3200 0 0
3203.86 69.1113 0
3207.72 138.223 0
3211.05 207.378 0
3214.2 276.553 0
3216.98 345.761 0
3219.22 415.01 0
3220.65 484.306 0
3221.84 553.59 0
3222.76 622.88 0
3223.53 692.173 0
3224.25 761.464 0
3224.98 830.752 0
3225.75 900.032 0
3226.44 969.304 0
3226.7 1038.57 0
3227.02 1107.84 0
3227.31 1177.13 0
3227.61 1246.42 0
3227.97 1315.72 0
3228.42 1385.04 0
3228.97 1454.36 0
3229.63 1523.7 0
3230.37 1593.06 0
3231.19 1662.42 0
3232.05 1731.79 0
3232.89 1801.16 0
3233.67 1870.54 0
3234.23 1939.91 -23.1711
3234.11 2009.3 -23.1711
3232.84 2078.74 -23.1711
p
12
30
3400 0 0
3407.06 70.2628 0
3414.12 140.526 0
3420.5 210.859 0
3427.41 281.138 0
3434.97 351.352 0
3443.56 421.453 0
3453.36 491.402 0
3462.85 561.425 0
3471.8 631.54 0
3479.59 701.811 0
3485.65 772.268 0
3489.44 842.906 0
3490.39 913.677 0
3487.72 984.478 0
3480.3 1055.1 0
3470.4 1125.4 0
3457.99 1195.34 0
3443.46 1264.91 0
3426.88 1334.08 0
3410.1 1403.26 0
3393.09 1472.47 0
3376.09 1541.8 0
3359.16 1611.28 0
3342.13 1680.85 0
3324.68 1750.43 0
3306.25 1819.87 0
3286.15 1888.94 0
3263.86 1957.51 10.547
3240.12 2025.73 10.547
3215.08 2093.62 10.547
p
13
30
3600 0 0
3592.18 82.1785 0
3584.37 164.357 0
3574.54 246.321 0
3565.46 328.38 0
3557.3 410.546 0
3551.07 492.892 0
3547.78 575.429 0
3547.68 658.068 0
3551.51 740.671 0
3559.8 823.019 0
3572.97 904.817 0
3591.36 985.709 0
3615.08 1065.31 0
3643.9 1143.32 0
3676.28 1219.98 0
3704.69 1298.1 0
3725.86 1378.31 0
3735.12 1460.51 0
3728.14 1542.78 0
3704.2 1621.83 0
3663.85 1694.23 0
3610.02 1757.87 0
3546.73 1812.93 0
3478.2 1862.08 0
3408.52 1909.96 0
3342.04 1962.09 0
3284.24 2023.44 0
3239.39 2094.69 0
3202.06 2170.49 0
3171.44 2250.04 0
p
14
30
3800 0 0
3807.92 81.5829 0
3815.84 163.166 0
3822.62 244.852 0
3827.67 326.675 0
3830.1 408.647 0
3828.78 490.703 0
3822.32 572.621 0
3809.33 653.929 0
3793.22 734.809 0
3774.76 815.295 0
3756.13 895.752 0
3739.86 976.625 0
3728.3 1058.11 0
3724.22 1140.05 0
3728.12 1221.75 0
3740.74 1302.63 0
3761.58 1381.81 0
3789.86 1458.75 0
3824.62 1533.13 0
3864.4 1605.12 0
3907.48 1675.33 0
3952.01 1744.69 0
3996.16 1814.27 0
4038.13 1885.07 0
4076.26 1957.84 0
4109.15 2032.97 0
4135.74 2110.41 0
4156.24 2189.58 -1.55507
4174.19 2269.58 -1.55507
4192.09 2349.79 0
p
15
30
4000 0 0
4000.96 72.3925 0
4001.92 144.785 0
4003.74 217.197 0
4005.83 289.606 0
4008.39 362.015 0
4011.47 434.424 0
4015.3 506.832 0
4020.71 579.213 0
4027.03 651.539 0
4034.45 723.827 0
4042.89 796.092 0
4052.44 868.361 0
4061.24 940.927 0
4071.89 1013.58 0
4079.04 1087.21 0
4086.8 1160.64 0
4093.87 1234.25 0
4100.8 1307.89 0
4107.4 1381.51 0
4113.77 1455.07 0
4120.03 1528.59 0
4126.33 1602.11 0
4132.87 1675.66 0
4139.85 1749.26 0
4147.42 1822.86 0
4155.67 1896.41 0
4164.41 1969.85 0
4173.04 2043.17 0
4180.18 2116.47 1.55507
4184.52 2189.48 1.55507
p
16
30
4200 0 0
4189.17 77.285 0
4178.33 154.57 0
4168.44 231.988 0
4158.77 309.435 0
4149.65 386.952 0
4141.23 464.554 0
4133.78 542.264 0
4127.87 620.123 0
4122.88 698.034 0
4119.81 776.044 0
4120.08 854.139 0
4126.02 932.107 0
4140.27 1009.23 0
4165.32 1084.03 0
4200.27 1155.35 0
4239.69 1225.16 0
4280.53 1294.56 0
4318.95 1365.24 0
4350.89 1438.6 -13.8806
4373.06 1514.76 -13.8806
4383.99 1592.62 -13.8806
4382.55 1670.7 -13.8806
4368.92 1747.34 -13.8806
4345.19 1821.45 -13.8806
4314.6 1893.13 0
4281.25 1963.65 0
4250.53 2035.32 0
4228.34 2110 0
4217.42 2187.13 0
4209.74 2264.96 0
p
17
30
4400 0 0
4402.22 78.5667 0
4404.44 157.133 0
4407.11 235.673 0
4409.65 314.22 0
4412.09 392.767 0
4414.28 471.318 0
4416.11 549.871 0
4417.52 628.42 0
4418.52 706.988 0
4419.04 785.562 0
4419.07 864.14 0
4418.59 942.718 0
4417.6 1021.29 0
4416.08 1099.86 0
4414.04 1178.43 0
4411.48 1256.98 0
4408.42 1335.52 0
4404.87 1414.04 0
4400.86 1492.55 13.8806
4396.35 1571.07 13.8806
4391.15 1649.56 13.8806
4385.13 1728.01 13.8806
4378.38 1806.42 13.8806
4371.22 1884.79 13.8806
4364 1963.16 0
4356.78 2041.52 0
4349.56 2119.88 0
4342.34 2198.24 0
4335.12 2276.6 0
4327.9 2354.96 0
p
18
30
4600 0 0
4604.07 76.5888 0
4608.13 153.178 0
4612.2 229.766 0
4616.27 306.355 0
4620.34 382.944 0
4624.4 459.533 0
4628.47 536.122 0
4632.54 612.711 0
4636.61 689.299 0
4640.67 765.888 0
4644.74 842.477 0
4648.81 919.066 0
4652.88 995.655 0
4656.94 1072.24 0
4661.01 1148.83 0
4665.08 1225.42 0
4669.15 1302.01 0
4673.21 1378.6 0
4677.28 1455.19 0
4681.35 1531.78 0
4685.42 1608.37 0
4689.48 1684.95 0
4693.55 1761.54 0
4697.62 1838.13 0
4701.69 1914.72 0
4705.75 1991.31 0
4709.82 2067.9 0
4713.89 2144.49 0
4717.95 2221.08 0
4722.02 2297.66 0
p
19
30
4800 0 0
4801.61 70.2082 0
4803.23 140.416 0
4804.33 210.758 0
4804.82 281.441 0
4805.27 351.93 0
4805.59 422.425 0
4805.86 492.928 0
4806.11 563.443 0
4806.35 633.972 0
4806.54 704.517 0
4806.6 775.079 0
4806.43 845.655 0
4805.88 916.242 0
4804.8 986.833 0
4802.97 1057.42 0
4800.17 1127.98 0
4796.13 1198.51 0
4790.57 1268.98 0
4783.82 1339.41 0
4778.2 1409.83 0
4774.13 1480.16 0
4770.37 1550.39 0
4766.62 1620.62 0
4762.87 1690.85 0
4759.12 1761.08 0
4755.36 1831.31 0
4751.61 1901.54 0
4747.86 1971.77 0
4744.11 2042 0
4740.36 2112.22 0
p
20
30
5000 0 0
4996.91 90.9356 0
4993.83 181.871 0
5001.86 273.063 0
5021.71 362.883 0
5039.09 453.313 0
5052.24 544.156 0
5056.16 635.301 0
5048.47 725.837 0
5028.24 814.576 0
4996.55 900.581 0
4956.44 983.839 0
4912.67 1065.64 0
4871.28 1148.33 0
4838.38 1233.9 0
4817.39 1322.42 0
4806.59 1412.68 0
4807.62 1503.63 0
4826.19 1592.92 0
4859.91 1678.13 0
4904.64 1758.67 0
4957.08 1834.93 0
5014.73 1907.86 0
5075.58 1978.65 0
5137.86 2048.53 0
5199.68 2118.87 0
5258.83 2191.21 0
5313.85 2266.22 -13.1413
5368.54 2341.4 -13.1413
5426.28 2414.34 -13.1413
5484.83 2486.77 -13.1413
p
21
30
5200 0 0
5207.61 71.4501 0
5215.22 142.9 0
5219.03 214.849 0
5218.91 286.851 0
5217.69 358.949 0
5214.42 431.097 0
5209.54 503.231 0
5203.99 575.362 0
5198.43 647.489 0
5193.55 719.618 0
5190 791.777 -12.0722
5188.15 863.96 -12.0722
5187.86 936.131 -12.0722
5187.53 1008.36 -12.0722
5185.45 1080.72 -12.0722
5184.4 1153.05 0
5184.19 1225.46 0
5185.53 1297.91 0
5188.76 1370.39 0
5193.75 1442.93 0
5202.25 1515.38 0
5213.81 1587.74 0
5228.17 1659.99 0
5244.76 1732.16 0
5262.64 1804.36 0
5280.62 1876.76 0
5297.19 1949.58 0
5310.63 2022.94 0
5318.95 2096.85 0
5321.63 2171.08 0
p
22
30
5400 0 0
5391.94 82.9947 0
5383.88 165.989 0
5377.46 248.956 0
5368 331.661 0
5353.95 413.785 0
5333.26 494.661 0
5304.36 573.304 0
5270.51 650.159 0
5238.4 727.736 12.0722
5212.17 807.273 12.0722
5196.27 889.303 12.0722
5196.6 972.861 12.0722
5217.55 1054.25 12.0722
5260.11 1127.82 0
5321.15 1188.65 0
5388.52 1243.52 0
5454.48 1300.05 0
5510.41 1365.42 -11.6194
5551.62 1440.13 -11.6194
5574.53 1521.56 -11.6194
5579.06 1605.56 -11.6194
5565.47 1688.44 -11.6194
5536.08 1767.27 0
5495.56 1841.28 0
5449.9 1912.57 0
5405.64 1984.93 0
5370.52 2062.32 0
5350.54 2145.32 0
5341.11 2230.89 13.1413
5346.26 2318.08 13.1413
p
23
30
5600 0 0
5604.96 66.4569 0
5609.92 132.914 0
5612.88 199.53 0
5611.87 266.537 0
5608.29 333.575 0
5602.96 400.547 0
5595.89 467.473 0
5588.29 534.334 0
5579.97 601.085 0
5572.07 667.876 0
5564.46 734.697 0
5557.27 801.558 0
5550.57 868.46 0
5544.44 935.406 0
5539.01 1002.4 0
5534.53 1069.45 0
5531.37 1136.57 0
5530.18 1203.76 0
5531.95 1270.93 0
5538.24 1337.87 11.6194
5549.58 1404.31 11.6194
5561.13 1470.6 11.6194
5571.23 1536.99 11.6194
5580.63 1603.45 11.6194
5589.94 1669.9 11.6194
5599.31 1736.38 11.6194
5608.24 1803.12 0
5614.38 1870.35 0
5614.77 1937.96 12.1244
5608.35 2005.71 12.1244
p
24
30
5800 0 0
5797.16 85.4859 0
5794.32 170.972 0
5787.79 256.152 0
5780.06 341.195 0
5776.54 426.517 0
5778.02 511.908 0
5786.53 596.978 0
5802.6 681.183 0
5822.93 764.713 0
5846.23 847.655 0
5869.84 930.542 0
5891.13 1013.91 0
5907.74 1098.11 0
5917.83 1183.11 0
5920.41 1268.54 0
5915.59 1353.86 0
5904.14 1438.64 -12.1244
5885.54 1522.26 -12.1244
5858.63 1603.95 -12.1244
5823.97 1683.18 -12.1244
5783.03 1759.89 -12.1244
5737.86 1834.65 -12.1244
5690.44 1908.36 -12.1244
5642.31 1981.76 -12.1244
5594.42 2055.61 -12.1244
5551.3 2132.29 0
5512.93 2211.44 0
5477.78 2292.12 0
5444.26 2373.54 13.1413
5411.03 2455.08 13.1413
p
25
30
6000 0 0
6008.41 69.4543 0
6016.81 138.909 0
6018.25 209.46 0
6012.71 280.208 0
6006.82 350.832 0
5999.94 421.461 0
5993.12 492.061 0
5986.98 562.6 0
5981.83 633.06 0
5977.72 703.458 0
5974.42 773.852 0
5972.45 844.344 0
5971.45 915.013 0
5971.19 985.92 0
5971.33 1057.08 0
5971.32 1128.44 0
5970.35 1199.91 0
5967.16 1271.27 0
5959.95 1342.14 0
5946.21 1411.81 0
5924.39 1479.39 12.1244
5898.42 1545.65 12.1244
5870.03 1611.03 12.1244
5839.44 1675.5 12.1244
5807.39 1739.29 12.1244
5774.6 1802.69 12.1244
5741.49 1865.88 12.1244
5708.44 1929.05 12.1244
5675.76 1992.4 0
5643.21 2055.88 0
p
26
30
6200 0 0
6200.11 80.184 0
6200.22 160.368 0
6202.71 240.536 0
6203.71 320.78 0
6205.18 401.035 0
6206.37 481.325 0
6206.89 561.643 0
6206.2 641.969 0
6203.63 722.258 0
6198.48 802.422 0
6190.04 882.312 0
6178.69 961.864 0
6164.1 1040.92 0
6146.22 1119.37 0
6125.07 1197.08 0
6100.68 1273.95 0
6073.17 1349.9 0
6042.67 1424.85 0
6009.36 1498.76 0
5973.44 1571.62 0
5935.18 1643.44 0
5894.85 1714.27 0
5852.75 1784.2 0
5809.2 1853.34 0
5764.55 1921.85 0
5719.16 1989.91 0
5673.34 2057.71 0
5627.29 2125.38 0
5581.2 2193.04 0
5535.11 2260.7 0
p
27
30
6400 0 0
6404.7 70.4333 0
6409.39 140.867 0
6412.91 211.39 0
6414.84 282.001 0
6414.57 352.681 0
6411.56 423.359 0
6405.3 493.904 0
6397.91 564.388 0
6389.55 634.903 0
6380.62 705.461 0
6371.96 776.126 0
6363.91 846.788 0
6357.13 917.541 0
6352.21 988.387 0
6349.83 1059.29 0
6350.73 1130.15 0
6355.35 1200.9 -11.4102
6363.05 1271.43 -11.4102
6373.88 1341.56 -11.4102
6387.92 1411.15 -11.4102
6404.61 1480.18 -11.4102
6422.92 1548.82 -11.4102
6441.88 1617.26 -11.4102
6460.7 1685.71 -11.4102
6478.48 1754.37 0
6494.67 1823.39 0
6509.18 1892.77 0
6522.03 1962.47 0
6533.35 2032.46 0
6543.48 2102.6 0
p
28
30
6600 0 0
6596.4 76.6342 0
6592.8 153.268 0
6590.77 229.935 0
6589.97 306.601 0
6589.81 383.229 0
6588.89 459.786 0
6585.08 536.175 0
6574.43 611.942 0
6555.51 685.952 0
6529.71 757.879 0
6499.06 827.955 0
6466.45 897.435 0
6435.36 967.51 0
6409.21 1039.32 0
6390.83 1113.24 0
6381.35 1188.59 11.4102
6379.13 1264.38 11.4102
6384.76 1340.11 11.4102
6398.54 1415.07 11.4102
6419.46 1488.74 11.4102
6445.4 1561.17 11.4102
6473.82 1632.91 11.4102
6502.81 1704.49 0
6530.94 1776.28 0
6553.49 1849.64 -11.8496
6566.49 1924.89 -11.8496
6572.84 2001.03 -11.8496
6575.04 2077.76 -11.8496
6575.94 2154.88 0
6576.69 2232.03 0
p
29
30
6800 0 0
6800.18 65.5755 0
6800.36 131.151 0
6799.75 196.748 0
6798.2 262.351 0
6795.45 327.945 0
6791.32 393.507 0
6785.64 459.009 0
6779.2 524.481 0
6770.34 589.841 0
6759.04 654.958 0
6745.79 719.8 0
6732.88 784.699 0
6720.12 849.655 0
6707.84 914.688 0
6696.16 979.794 0
6685.11 1044.96 0
6674.61 1110.19 0
6664.51 1175.47 0
6654.49 1240.82 0
6645.2 1306.34 0
6636.46 1372.04 0
6628.35 1437.95 0
6620.94 1504.04 0
6614.29 1570.32 0
6608.42 1636.72 0
6603.25 1703.19 0
6598.55 1769.67 0
6593.82 1836.09 11.8496
6587.68 1902.29 11.8496
6578 1967.87 11.8496
p
30
30
7000 0 0
6986.53 68.6801 0
6973.06 137.36 0
6959.8 206.071 0
6946.9 274.845 0
6934.72 343.74 0
6923.8 412.84 0
6915 482.239 0
6909.61 552.013 0
6908.52 622.036 0
6911.06 692.114 0
6916.43 762.147 0
6923.62 832.088 0
6931.51 901.994 0
6938.84 971.954 0
6944.32 1042.03 0
6946.75 1112.2 0
6945.06 1182.3 0
6938.41 1252.01 0
6926.26 1320.92 0
6908.4 1388.57 0
6884.95 1454.52 0
6856.46 1518.52 0
6823.78 1580.57 0
6788.04 1640.99 0
6750.61 1700.42 0
6713.07 1759.79 0
6677.18 1820.16 0
6644.93 1882.56 0
6617.38 1947.19 11.8496
6591.38 2012.78 11.8496
p
31
30
7200 0 0
7199.82 65.9788 0
7199.65 131.958 0
7199.47 197.936 0
7199.3 263.915 0
7199.12 329.894 0
7198.95 395.873 0
7198.77 461.852 0
7198.59 527.831 0
7198.42 593.809 0
7198.24 659.788 0
7198.07 725.767 0
7197.89 791.746 0
7197.72 857.725 0
7197.54 923.704 0
7197.36 989.682 0
7197.19 1055.66 0
7197.01 1121.64 0
7196.84 1187.62 0
7196.66 1253.6 0
7196.48 1319.58 0
7196.31 1385.56 0
7196.13 1451.53 0
7195.96 1517.51 0
7195.78 1583.49 0
7195.61 1649.47 0
7195.43 1715.45 0
7195.25 1781.43 0
7195.08 1847.41 0
7194.9 1913.39 0
7194.73 1979.36 0
p
32
30
7400 0 0
7395.55 85.928 0
7391.11 171.856 0
7386.66 257.784 0
7382.21 343.712 0
7377.77 429.64 0
7373.32 515.568 0
7368.87 601.496 0
7364.43 687.424 0
7359.98 773.352 0
7355.53 859.28 0
7351.09 945.208 0
7346.64 1031.14 0
7342.19 1117.06 0
7337.75 1202.99 0
7333.3 1288.92 0
7328.86 1374.85 0
7324.41 1460.78 0
7319.96 1546.7 0
7315.52 1632.63 0
7311.07 1718.56 0
7306.62 1804.49 0
7302.18 1890.42 0
7297.73 1976.34 0
7293.28 2062.27 0
7288.84 2148.2 0
7284.39 2234.13 0
7279.94 2320.06 0
7275.5 2405.98 0
7271.05 2491.91 0
7266.6 2577.84 0
p
33
30
7600 0 0
7590.36 75.8586 0
7580.72 151.717 0
7571.07 227.576 0
7561.43 303.435 0
7551.79 379.293 0
7542.15 455.152 0
7532.51 531.01 0
7522.87 606.869 0
7513.22 682.728 0
7503.58 758.586 0
7493.94 834.445 0
7484.3 910.304 0
7474.66 986.162 0
7465.01 1062.02 0
7455.37 1137.88 0
7445.73 1213.74 0
7436.09 1289.6 0
7426.45 1365.46 0
7416.81 1441.31 0
7407.16 1517.17 0
7397.52 1593.03 0
7387.88 1668.89 0
7378.24 1744.75 0
7368.6 1820.61 0
7358.95 1896.47 0
7349.31 1972.32 0
7339.67 2048.18 0
7330.03 2124.04 0
7320.39 2199.9 0
7310.75 2275.76 0
p
34
30
7800 0 0
7800.66 63.5166 0
7801.33 127.033 0
7801.99 190.55 0
7802.66 254.066 0
7803.32 317.583 0
7803.98 381.099 0
7804.65 444.616 0
7805.31 508.132 0
7805.98 571.649 0
7806.64 635.166 0
7807.3 698.682 0
7807.97 762.199 0
7808.63 825.715 0
7809.3 889.232 0
7809.96 952.748 0
7810.63 1016.26 0
7811.29 1079.78 0
7811.95 1143.3 0
7812.62 1206.81 0
7813.28 1270.33 0
7813.95 1333.85 0
7814.61 1397.36 0
7815.27 1460.88 0
7815.94 1524.4 0
7816.6 1587.91 0
7817.27 1651.43 0
7817.93 1714.95 0
7818.59 1778.46 0
7819.26 1841.98 0
7819.92 1905.5 0
p
35
30
8000 0 0
7999.97 83.5998 0
7999.95 167.2 0
7999.86 250.791 0
7999.71 334.379 0
7999.72 417.971 0
7999.95 501.563 0
8000.53 585.155 0
8001.57 668.745 0
8003.17 752.331 0
8005.44 835.91 0
8008.5 919.478 0
8012.45 1003.03 0
8017.39 1086.55 0
8023.42 1170.04 0
8030.63 1253.49 0
8039.11 1336.88 0
8048.96 1420.19 0
8060.24 1503.41 0
8073.04 1586.53 0
8087.42 1669.52 0
8103.44 1752.35 0
8121.17 1835.02 0
8140.65 1917.49 -5.18529
8161.61 1999.77 -5.18529
8182.87 2082.03 0
8204.13 2164.29 0
8225.39 2246.55 0
8246.65 2328.81 0
8267.91 2411.06 0
8289.16 2493.32 0
p
36
30
8200 0 0
8194.07 64.6742 0
8188.15 129.348 0
8182.97 194.095 0
8178.58 258.906 0
8174.66 323.751 0
8171.31 388.64 0
8168.51 453.567 0
8166.22 518.528 0
8164.4 583.517 0
8163.02 648.532 0
8162.03 713.569 0
8161.41 778.624 0
8161.11 843.696 0
8161.11 908.782 0
8161.36 973.879 0
8161.83 1038.99 0
8162.49 1104.1 0
8163.3 1169.22 0
8164.23 1234.35 0
8165.24 1299.48 0
8166.3 1364.61 0
8167.38 1429.74 0
8168.44 1494.88 0
8169.44 1560.01 0
8170.35 1625.13 0
8171.14 1690.26 0
8171.77 1755.37 0
8172.2 1820.48 0
8172.41 1885.59 5.18529
8172.4 1950.68 5.18529
p
37
30
8400 0 0
8401.98 64.988 0
8403.96 129.976 0
8405.93 194.964 0
8407.91 259.952 0
8409.89 324.94 0
8411.87 389.928 0
8413.84 454.916 0
8415.82 519.904 0
8417.8 584.892 0
8419.78 649.88 0
8421.75 714.868 0
8423.73 779.856 0
8425.71 844.844 0
8427.69 909.831 0
8429.66 974.819 0
8431.64 1039.81 0
8433.62 1104.8 0
8435.6 1169.78 0
8437.57 1234.77 0
8439.55 1299.76 0
8441.53 1364.75 0
8443.51 1429.74 0
8445.49 1494.72 0
8447.46 1559.71 0
8449.44 1624.7 0
8451.42 1689.69 0
8453.4 1754.68 0
8455.37 1819.66 0
8457.35 1884.65 0
8459.33 1949.64 0
p
38
30
8600 0 0
8601.1 82.6323 0
8602.19 165.265 0
8603.29 247.897 0
8604.39 330.529 0
8605.48 413.161 0
8606.58 495.794 0
8607.68 578.426 0
8608.77 661.058 0
8609.87 743.69 0
8610.97 826.323 0
8612.06 908.955 0
8613.16 991.587 0
8614.26 1074.22 0
8615.36 1156.85 0
8616.45 1239.48 0
8617.55 1322.12 0
8618.65 1404.75 0
8619.74 1487.38 0
8620.84 1570.01 0
8621.94 1652.65 0
8623.03 1735.28 0
8624.13 1817.91 0
8625.23 1900.54 0
8626.32 1983.17 0
8627.42 2065.81 0
8628.52 2148.44 0
8629.61 2231.07 0
8630.71 2313.7 0
8631.81 2396.34 0
8632.9 2478.97 0
p
39
30
8800 0 0
8807.4 82.2794 0
8814.79 164.559 0
8827.49 246.298 0
8846.63 327.001 0
8868.78 407.196 0
8894.36 486.692 0
8922.24 565.653 0
8951.15 644.356 0
8979.63 723.158 0
9006.09 802.446 0
9028.76 882.564 0
9045.63 963.698 0
9054.46 1045.67 0
9057.37 1128.07 0
9055.05 1210.46 0
9049.29 1292.69 0
9042.13 1374.84 0
9035.58 1457.03 0
9031.31 1539.34 -12.0795
9031.06 1621.69 -12.0795
9037.96 1703.62 -12.0795
9051.86 1784.46 -12.0795
9068.95 1864.67 -12.0795
9090.27 1943.98 -12.0795
9121.24 2020.57 -12.0795
9158.05 2095.15 -12.0795
9195.81 2169.39 0
9233.57 2243.63 0
9271.33 2317.86 0
9309.09 2392.1 0
p
40
30
9000 0 0
9016.38 87.2529 0
9032.76 174.506 0
9050.9 261.196 0
9074.59 346.606 0
9101.58 431.269 0
9132.27 514.889 0
9165.69 597.67 0
9200.29 680.067 0
9234.13 762.739 0
9265.08 846.389 0
9291.02 931.567 0
9310.11 1018.52 0
9320.2 1107.23 0
9318.95 1196.58 0
9299.81 1284.34 0
9258.18 1365.37 0
9195.26 1433.84 0
9130.3 1501.91 0
9070.84 1574.82 12.0795
9028.81 1657.47 12.0795
9012.75 1747.08 12.0795
9022.56 1836.11 0
9056.83 1918.31 12.0795
9114.21 1986.84 12.0795
9188.23 2038.58 12.0795
9265.78 2085.73 0
9333.77 2144.42 -27.2063
9394.19 2211.6 -27.2063
9453.91 2279.57 -27.2063
9514.22 2347.22 -27.2063
p
41
30
9200 0 0
9200.47 71.4875 0
9200.95 142.975 0
9206.54 214.629 0
9215.49 286.106 0
9225.97 357.407 0
9238.2 428.566 0
9251.68 499.62 0
9265.99 570.611 0
9280.8 641.58 0
9295.84 712.568 0
9310.86 783.626 0
9325.44 854.87 0
9336.82 926.985 0
9346.37 999.223 0
9353.26 1071.76 0
9355.86 1144.77 0
9362.82 1218.5 0
9365.6 1292.06 0
9366.5 1365.68 0
9364.89 1439.25 0
9361.72 1512.77 0
9357.35 1586.33 0
9352.12 1659.98 0
9346.4 1733.73 0
9340.72 1807.49 0
9336.04 1881.17 0
9334.21 1954.69 0
9338.72 2027.75 0
9354.44 2099.05 23.4425
9381.14 2166.93 23.4425
p
42
30
9400 0 0
9394.24 84.5493 0
9388.48 169.099 0
9387.47 253.992 0
9391.8 338.955 0
9399 423.824 0
9409.98 508.451 0
9424.76 592.627 0
9443.58 676.085 0
9466.95 758.46 0
9495.7 839.204 0
9531.16 917.416 0
9575.28 991.491 0
9628.27 1060.06 0
9677.74 1130.99 -12.9444
9717.76 1207.08 -12.9444
9738.93 1289.58 -12.9444
9736.84 1374 -12.9444
9712.08 1454.99 -12.9444
9668.53 1528.14 -12.9444
9613.11 1593.48 0
9552.87 1654.79 0
9494.36 1717.54 0
9443.71 1786.18 0
9406.2 1862.16 0
9384.81 1943.75 0
9378.77 2027.74 0
9385.2 2111.72 0
9403.34 2194.55 0
9424.74 2277.09 0
9445.17 2359.97 0
p
43
30
9600 0 0
9604.25 71.4001 0
9608.49 142.8 0
9614.74 214.088 0
9623.94 285.093 0
9633.73 356.077 0
9644.38 427.01 0
9655.42 497.963 0
9666.39 569 0
9677.3 640.097 0
9687.83 711.293 0
9697.77 782.597 0
9706.92 854.013 0
9715.07 925.537 0
9722.03 997.159 0
9727.6 1068.86 0
9731.58 1140.63 12.9444
9733.92 1212.43 12.9444
9734.92 1284.25 12.9444
9734.32 1356.04 12.9444
9731.71 1427.8 12.9444
9727.08 1499.47 12.9444
9720.82 1571.01 0
9712.24 1642.38 0
9701.42 1713.58 0
9688.6 1784.61 0
9673.91 1855.43 0
9657.38 1925.96 0
9639.27 1996.16 -10.2272
9620.78 2066.28 -10.2272
9602.25 2136.38 -10.2272
p
44
30
9800 0 0
9801.98 78.672 0
9803.96 157.344 0
9810.72 235.864 0
9820.99 314.113 0
9832.88 392.279 0
9846.53 470.324 0
9861.28 548.304 0
9876.53 626.269 0
9890.88 704.46 0
9903.58 782.924 0
9913.8 861.693 0
9920.8 940.728 0
9924.53 1019.88 0
9924.57 1099.01 0
9920.78 1177.97 0
9913.09 1256.59 0
9901.54 1334.71 0
9886.27 1412.18 0
9867.47 1488.92 0
9845.45 1564.87 0
9820.58 1640.02 0
9793.27 1714.42 0
9764.01 1788.21 0
9733.35 1861.55 0
9701.85 1934.72 0
9670.03 2007.97 10.2272
9638.07 2081.26 10.2272
9605.92 2154.5 10.2272
9572.71 2227.34 10.2272
9537.6 2299.35 0
p
45
30
10000 0 0
9993.07 82.4472 0
9986.14 164.894 0
9984.87 247.782 0
9988.32 330.75 0
9993.88 413.822 0
10001.7 496.959 0
10010.7 580.178 0
10019.9 663.523 0
10028.6 746.981 0
10036 830.557 0
10041.2 914.207 0
10043.6 997.845 0
10043 1081.35 0
10038.8 1164.56 0
10030.9 1247.34 0
10019 1329.49 0
10003.1 1410.87 0
9983.1 1491.32 0
9959.17 1570.7 0
9931.42 1648.91 0
9900.08 1725.89 0
9865.45 1801.64 0
9827.86 1876.17 0
9787.74 1949.58 0
9745.55 2022.02 0
9701.79 2093.69 0
9657 2164.85 0
9611.78 2235.8 0
9566.63 2306.82 0
9521.57 2377.95 0
p
46
30
10200 0 0
10194 63.2499 0
10188.1 126.5 0
10182.1 189.75 0
10176.1 253 0
10170.1 316.25 0
10164.2 379.5 0
10158.2 442.75 0
10152.2 506 0
10146.3 569.249 0
10140.3 632.499 0
10134.3 695.749 0
10128.4 758.999 0
10122.4 822.249 0
10116.4 885.499 0
10110.4 948.749 0
10104.5 1012 0
10098.5 1075.25 0
10092.5 1138.5 0
10086.6 1201.75 0
10080.6 1265 0
10074.6 1328.25 0
10068.7 1391.5 0
10062.7 1454.75 0
10056.7 1518 0
10050.7 1581.25 0
10044.8 1644.5 0
10038.8 1707.75 0
10032.8 1771 0
10026.9 1834.25 0
10020.9 1897.5 0
p
47
30
10400 0 0
10398 65.3787 0
10396 130.757 0
10393.9 196.133 0
10391.7 261.503 0
10389.2 326.866 0
10386.4 392.217 0
10383.3 457.551 0
10379.6 522.863 0
10375.4 588.142 0
10370.5 653.375 0
10364.8 718.544 0
10358.1 783.62 0
10350.6 848.617 0
10342.2 913.517 0
10333 978.31 0
10322.9 1042.99 0
10312.1 1107.55 0
10300.5 1171.99 0
10288.1 1236.3 0
10274.9 1300.47 0
10261 1364.5 0
10246.5 1428.39 0
10231.2 1492.13 0
10215.3 1555.73 0
10198.7 1619.17 0
10181.5 1682.46 0
10163.7 1745.6 0
10145.3 1808.59 0
10126.3 1871.42 -12.085
10106.9 1934.11 -12.085
p
48
30
10600 0 0
10606.9 71.2146 0
10613.8 142.429 0
10620.2 213.687 0
10626.1 284.997 0
10631.2 356.373 0
10635.2 427.822 0
10638.1 499.344 0
10639.4 570.924 0
10638.9 642.535 0
10636.4 714.131 0
10631.6 785.644 0
10624.2 856.976 0
10614.2 928.033 0
10601.4 998.705 0
10586 1068.88 0
10567.7 1138.44 0
10546.6 1207.26 0
10522.6 1275.21 0
10495.6 1342.1 0
10465.4 1407.7 0
10433.2 1472.43 0
10398.9 1536.2 0
10362.7 1599.04 0
10324.7 1660.95 0
10285.1 1721.87 0
10243.6 1781.73 0
10200.3 1840.37 0
10155.1 1897.72 12.085
10108.2 1953.77 12.085
10059.3 2008.17 12.085
p
49
30
10800 0 0
10791.7 78.5801 0
10783.3 157.16 0
10775.3 235.769 0
10767.6 314.413 0
10760.5 393.103 0
10753.9 471.845 0
10748 550.642 0
10742.8 629.493 0
10738.5 708.393 0
10735 787.333 0
10732.2 866.301 0
10730.1 945.284 0
10727.1 1024.24 0
10722.7 1103.11 0
10715.5 1181.77 0
10704.4 1259.98 0
10688.3 1337.33 0
10666.3 1413.23 0
10637.4 1486.93 0
10601.5 1557.57 0
10558.8 1624.56 0
10509.7 1687.28 0
10454.9 1745.49 0
10395.5 1799.31 0
10332.5 1849.3 0
10267.1 1896.41 0
10200.5 1941.98 0
10133.9 1987.64 0
10068.1 2034.36 0
10001.9 2080.75 0
p
50
30
11000 0 0
11008 72.782 0
11016.1 145.564 0
11022.7 218.481 0
11026.5 291.607 0
11025.5 364.9 0
11018.3 437.922 0
11007.4 510.818 0
10992.5 583.295 0
10974.2 655.324 0
10953.7 726.962 0
10931.9 798.381 0
10909.9 869.773 0
10888.7 941.344 0
10869.3 1013.26 0
10852.7 1085.61 0
10839.6 1158.39 0
10830.6 1231.52 0
10826.1 1304.83 0
10826.3 1378.09 0
10831.1 1451.08 0
10840.3 1523.6 0
10853.4 1595.53 0
10869.5 1666.87 0
10887.8 1737.72 0
10907.3 1808.31 0
10926.6 1878.92 0
10944.6 1949.89 0
10960.1 2021.38 0
10974.2 2093.31 -3.84023
10988.2 2165.32 -3.84023
p
51
30
11200 0 0
11200.1 68.2884 0
11200.1 136.577 0
11198.4 204.915 0
11195.5 273.295 0
11188.8 341.613 0
11183.6 410.427 0
11176.8 479.071 0
11169.3 547.757 0
11161.1 616.45 0
11152.3 685.111 0
11143.1 753.69 0
11133.4 822.174 0
11123.6 890.559 0
11113.5 958.863 0
11103.4 1027.11 0
11093.2 1095.35 0
11083 1163.6 0
11072.9 1231.89 0
11062.8 1300.25 0
11052.8 1368.68 0
11043 1437.16 0
11033.4 1505.7 0
11024.1 1574.27 0
11015.4 1642.88 0
11007.5 1711.5 0
11000.8 1780.15 0
10995.6 1848.84 0
10992.5 1917.56 0
10992.1 1986.25 -3.26125
10994.2 2054.81 -3.26125
p
52
30
11400 0 0
11395.5 81.0055 0
11391 162.011 0
11388.6 243.079 0
11387.1 324.117 0
11384.7 405.021 0
11379.9 485.641 0
11372.8 566.217 0
11362.5 646.492 0
11348.9 726.342 0
11331.9 805.663 0
11311.8 884.399 0
11289 962.551 0
11264 1040.19 0
11237.4 1117.45 0
11210.1 1194.52 0
11182.8 1271.58 0
11156.3 1348.85 0
11131.2 1426.48 0
11108.1 1504.59 0
11087.5 1583.23 0
11069.5 1662.39 0
11054.4 1742.01 0
11041.7 1822.01 0
11031.3 1902.27 0
11022.7 1982.74 3.26125
11016.6 2063.51 3.26125
11011.8 2144.51 3.84023
11007.4 2225.58 3.84023
11003.1 2306.66 0
10998.7 2387.73 0
p
53
30
11600 0 0
11601.4 56.7207 0
11602.8 113.441 0
11603.9 170.171 0
11605 226.902 0
11605.9 283.637 0
11606.6 340.374 0
11607.3 397.115 0
11607.8 453.859 0
11608.2 510.606 0
11608.5 567.355 0
11608.7 624.107 0
11608.8 680.86 0
11608.9 737.616 0
11608.8 794.374 0
11608.7 851.134 0
11608.6 907.895 0
11608.4 964.657 0
11608.1 1021.42 0
11607.8 1078.19 0
11607.4 1134.95 0
11607.1 1191.72 0
11606.7 1248.48 0
11606.3 1305.25 0
11605.9 1362.02 0
11605.5 1418.78 0
11605.1 1475.55 0
11604.8 1532.32 0
11604.4 1589.08 0
11604.1 1645.84 0
11603.8 1702.61 0
p
54
30
11800 0 0
11812.8 73.0045 0
11825.7 146.009 0
11838.3 219.054 0
11850.1 292.235 0
11860.9 365.579 0
11870.4 439.122 0
11878.2 512.877 0
11884 586.835 0
11887.6 660.964 0
11888.9 735.209 0
11887.5 809.491 0
11883.3 883.719 0
11876.4 957.789 0
11866.6 1031.59 0
11853.8 1105 0
11838.2 1177.91 0
11819.6 1250.18 0
11797.9 1321.68 0
11773.2 1392.24 0
11746.3 1462.08 0
11717.3 1531.16 0
11686.5 1599.53 0
11654.1 1667.24 0
11620.4 1734.34 0
11585.4 1800.89 0
11549.5 1866.94 0
11512.5 1932.48 0
11474.6 1997.49 0
11435.6 2061.97 0
11395.9 2125.98 0
p
55
30
12000 0 0
11999.7 79.1161 0
11999.4 158.232 0
11998.9 237.346 0
11998.5 316.459 0
11998 395.571 0
11997.5 474.682 0
11996.7 553.79 0
11995.5 632.894 0
11993.7 711.987 0
11991.1 791.057 0
11987.2 870.081 0
11981.7 949.019 0
11974.3 1027.81 0
11964.4 1106.35 0
11951.7 1184.51 0
11935.8 1262.12 0
11916.3 1338.97 0
11893 1414.82 0
11865.7 1489.41 0
11834.6 1562.59 0
11799.6 1634.15 0
11761.1 1703.95 0
11719.1 1771.91 0
11674.1 1838.04 0
11626.5 1902.39 0
11576.5 1965.12 0
11524.8 2026.48 0
11471.7 2086.78 0
11417.8 2146.42 0
11363.6 2205.82 0
p
56
30
12200 0 0
12194.1 79.8875 0
12188.2 159.775 0
12182.3 239.663 0
12176.3 319.55 0
12170.4 399.438 0
12164.5 479.325 0
12158.6 559.213 0
12152.7 639.1 0
12146.8 718.988 0
12140.9 798.875 0
12135 878.763 0
12129 958.65 0
12123.1 1038.54 0
12117.2 1118.43 0
12111.3 1198.31 0
12105.4 1278.2 0
12099.5 1358.09 0
12093.6 1437.98 0
12087.6 1517.86 0
12081.7 1597.75 0
12075.8 1677.64 0
12069.9 1757.53 0
12064 1837.41 0
12058.1 1917.3 0
12052.2 1997.19 0
12046.2 2077.08 0
12040.3 2156.96 0
12034.4 2236.85 0
12028.5 2316.74 0
12022.6 2396.63 0
p
57
30
12400 0 0
12396.7 81.2588 0
12393.5 162.518 0
12390.2 243.776 0
12386.9 325.035 0
12383.6 406.294 0
12380.4 487.553 0
12377.1 568.812 0
12373.8 650.07 0
12370.6 731.329 0
12367.3 812.588 0
12364 893.847 0
12360.7 975.106 0
12357.5 1056.36 0
12354.2 1137.62 0
12350.9 1218.88 0
12347.7 1300.14 0
12344.4 1381.4 0
12341.1 1462.66 0
12337.8 1543.92 0
12334.6 1625.18 0
12331.3 1706.43 0
12328 1787.69 0
12324.8 1868.95 0
12321.5 1950.21 0
12318.2 2031.47 0
12314.9 2112.73 0
12311.7 2193.99 0
12308.4 2275.25 0
12305.1 2356.51 0
12301.9 2437.76 0
p
58
30
12600 0 0
12600.7 76.9315 0
12601.4 153.863 0
12602 230.795 0
12602.7 307.726 0
12603.4 384.658 0
12604.1 461.589 0
12604.8 538.521 0
12605.5 615.452 0
12606.1 692.384 0
12606.8 769.315 0
12607.5 846.247 0
12608.2 923.178 0
12608.9 1000.11 0
12609.5 1077.04 0
12610.2 1153.97 0
12610.9 1230.9 0
12611.6 1307.84 0
12612.3 1384.77 0
12613 1461.7 0
12613.6 1538.63 0
12614.3 1615.56 0
12615 1692.49 0
12615.7 1769.43 0
12616.4 1846.36 0
12617 1923.29 0
12617.7 2000.22 0
12618.4 2077.15 0
12619.1 2154.08 0
12619.8 2231.01 0
12620.5 2307.95 0
p
59
30
12800 0 0
12803.5 67.8653 0
12806.9 135.731 0
12810.4 203.596 0
12813.9 271.461 0
12817.4 339.327 0
12820.8 407.192 0
12824.3 475.057 0
12827.8 542.922 0
12831.2 610.788 0
12834.7 678.653 0
12838.2 746.518 0
12841.7 814.384 0
12845.1 882.249 0
12848.6 950.114 0
12852.1 1017.98 0
12855.5 1085.84 0
12859 1153.71 0
12862.5 1221.58 0
12866 1289.44 0
12869.4 1357.31 0
12872.9 1425.17 0
12876.4 1493.04 0
12879.8 1560.9 0
12883.3 1628.77 0
12886.8 1696.63 0
12890.3 1764.5 0
12893.7 1832.36 0
12897.2 1900.23 0
12900.7 1968.09 0
12904.1 2035.96 0
p
60
30
13000 0 0
12999.3 80.4717 0
12998.6 160.943 0
12997.9 241.415 0
12997.2 321.887 0
12996.5 402.358 0
12995.8 482.83 0
12995.2 563.302 0
12994.5 643.774 0
12993.8 724.245 0
12993.1 804.717 0
12992.4 885.189 0
12991.7 965.66 0
12991 1046.13 0
12990.3 1126.6 0
12989.6 1207.08 0
12988.9 1287.55 0
12988.2 1368.02 0
12987.5 1448.49 0
12986.9 1528.96 0
12986.2 1609.43 0
12985.5 1689.91 0
12984.8 1770.38 0
12984.1 1850.85 0
12983.4 1931.32 0
12982.7 2011.79 0
12982 2092.26 0
12981.3 2172.74 0
12980.6 2253.21 0
12979.9 2333.68 0
12979.2 2414.15 0
p
61
30
13200 0 0
13202.7 75.8638 0
13205.3 151.728 0
13208 227.591 0
13210.7 303.455 0
13213.3 379.319 0
13216 455.183 0
13218.7 531.046 0
13221.4 606.91 0
13224 682.774 0
13226.7 758.638 0
13229.4 834.501 0
13232 910.365 0
13234.7 986.229 0
13237.4 1062.09 0
13240 1137.96 0
13242.7 1213.82 0
13245.4 1289.68 0
13248 1365.55 0
13250.7 1441.41 0
13253.4 1517.28 0
13256 1593.14 0
13258.7 1669 0
13261.4 1744.87 0
13264.1 1820.73 0
13266.7 1896.59 0
13269.4 1972.46 0
13272.1 2048.32 0
13274.7 2124.19 0
13277.4 2200.05 0
13280.1 2275.91 0
p
62
30
13400 0 0
13413.6 85.149 0
13427.2 170.298 0
13440.1 255.555 0
13451.9 340.974 0
13461.6 426.648 0
13468.3 512.652 0
13470.5 598.955 0
13465.2 685.314 0
13449.7 770.802 0
13421.3 853.589 0
13379.6 931.505 0
13338.2 1009.84 0
13302.7 1090.91 0
13281.8 1176.36 0
13283 1263.74 0
13306.8 1347.49 0
13352.7 1421.67 0
13416.3 1482.48 0
13491.3 1530.12 0
13572.2 1568.98 0
13654.2 1606.67 0
13732.1 1652.24 12.7408
13801.1 1710.82 12.7408
13865.3 1774.82 12.7408
13931.1 1837.75 12.7408
13999.6 1897.57 -14.3912
14069.3 1955.94 -14.3912
14138.7 2014.62 -14.3912
14209.2 2072.06 -14.3912
14278.8 2130.6 -14.3912
p
63
30
13600 0 0
13599.9 63.2343 0
13599.9 126.469 0
13600.8 189.741 0
13603 253.022 0
13606.8 316.288 0
13612.3 379.541 0
13621.8 442.663 0
13631.4 505.688 0
13641.7 568.689 0
13652.4 631.698 0
13665 694.618 0
13676.2 757.699 0
13686.7 820.943 0
13696.5 884.381 0
13706.2 948.065 0
13714.3 1012.27 0
13721.1 1077.07 0
13726.4 1142.49 0
13729.9 1208.48 0
13731.7 1274.86 0
13732.8 1341.4 12.7408
13736 1407.86 12.7408
13746.2 1473.36 12.7408
13767.4 1535.66 12.7408
13796.6 1594.48 12.7408
13830.6 1650.88 0
13868.7 1704.88 0
13909.9 1756.75 0
13952.8 1807.36 -14.3912
13996.2 1857.65 -14.3912
p
64
30
13800 0 0
13810.4 81.1281 0
13820.7 162.256 0
13825.5 243.964 0
13824.9 325.836 0
13821.6 407.43 0
13822.5 488.521 0
13836.1 567.872 0
13868.2 642.589 0
13914.3 710.622 0
13963.1 776.834 0
13999 849.602 0
14007.7 929.854 0
13994.8 1009.99 0
13964.9 1086.65 0
13920.8 1157.37 0
13870.1 1224.19 0
13819.6 1291.05 0
13776.6 1362.39 -12.7408
13748.6 1440.12 -12.7408
13742 1522.36 -12.7408
13755.4 1603.91 -12.7408
13788.1 1679.82 -12.7408
13827.8 1752.48 -12.7408
13870.9 1823.4 -12.7408
13918.8 1891.51 0
13971.7 1955.92 0
14025.8 2019.49 0
14077.4 2084.83 -14.3912
14128.2 2150.87 -14.3912
14178.5 2217.02 0
p
65
30
14000 0 0
13995.8 72.1408 0
13991.7 144.282 0
13989.1 216.539 0
13989.1 288.923 0
13992.6 361.353 0
14000.4 433.601 0
14013.6 505.251 0
14026.4 577.053 0
14037.8 649.196 0
14046.1 721.812 0
14051.9 794.651 0
14052.3 867.537 0
14045.8 939.95 0
14031.1 1011.09 0
14010.1 1080.66 0
13981.4 1147.86 0
13950.1 1214.45 0
13921.8 1282.44 0
13901.8 1352.94 0
13891.8 1425.15 0
13893.6 1497.75 0
13906.6 1569.18 0
13928.4 1638.53 0
13955.9 1706.03 0
13984.8 1772.97 14.3912
14011.7 1840.74 14.3912
14037.9 1908.81 14.3912
14065.8 1976.31 14.3912
14095.9 2042.99 14.3912
14128 2108.98 14.3912
p
66
30
14200 0 0
14190.5 65.2951 0
14180.9 130.59 0
14172.2 196.092 0
14164.2 261.799 0
14156.8 327.749 0
14149.1 393.953 0
14143.4 460.677 0
14137.2 527.222 0
14129.5 593.721 0
14122.9 660.82 0
14116.8 728.213 0
14108.9 795.447 0
14100.3 862.675 0
14090.9 929.74 0
14080.7 996.566 0
14069.6 1063.09 0
14058.5 1129.48 -6.71892
14049.1 1196.08 -6.71892
14042.7 1262.94 -6.71892
14039.1 1329.96 -6.71892
14037.3 1397.06 -6.71892
14037.1 1464.22 0
14040.3 1531.46 0
14046.1 1598.79 0
14053.6 1666.12 0
14061.8 1733.39 0
14070.7 1800.46 0
14081.1 1867.13 0
14094.4 1933.13 14.3912
14108.7 1998.83 14.3912
p
67
30
14400 0 0
14387.9 77.6787 0
14375.8 155.357 0
14367.3 233.543 0
14364.3 312.271 0
14368.8 391.149 0
14378.9 469.581 0
14388.5 547.884 0
14388.7 626.543 0
14374 703.564 0
14341.6 775.165 0
14296.1 839.798 0
14243.7 899.699 0
14190.6 959.151 0
14143.2 1022.81 0
14106.2 1092.37 0
14081.4 1166.77 6.71892
14067.8 1243.86 6.71892
14063.9 1322.13 6.71892
14068.2 1400.6 6.71892
14079.1 1478.72 0
14095.9 1556.09 0
14116.6 1632.67 0
14139 1708.86 0
14161.1 1785.14 0
14180.9 1862.01 0
14195.6 1939.9 0
14203.4 2018.8 14.3912
14206.7 2097.96 14.3912
14207.7 2177.18 14.3912
14208.6 2256.5 0
p
68
30
14600 0 0
14610.4 82.1734 0
14620.8 164.347 0
14634.1 246.114 0
14650.8 327.335 0
14668.8 408.316 0
14687.9 489.097 0
14707 569.889 0
14725.2 650.905 0
14740.7 732.431 0
14752.5 814.537 0
14758.6 897.231 -5.38947
14758.8 980.176 -5.38947
14750.8 1062.82 -5.38947
14735 1144.52 -5.38947
14710.2 1224.17 0
14677.6 1301.22 0
14636.8 1374.59 0
14591.7 1445.47 0
14548.9 1517.77 0
14512.4 1593.19 0
14486 1672.38 0
14471.7 1754.38 0
14470.6 1837.46 0
14481.5 1919.81 0
14501.6 2000.5 0
14526.8 2079.89 0
14552 2159.39 0
14571.9 2240.52 0
14580.5 2323.85 -5.00364
14575.1 2408.02 -5.00364
p
69
30
14800 0 0
14793.4 70.9114 0
14786.9 141.823 0
14784.7 213.389 0
14784.9 285.106 0
14783.9 357.02 0
14786.7 429.109 0
14787 501.683 0
14790.1 574.646 0
14791.2 648.344 0
14793.5 722.571 0
14791.9 797.539 0
14789.2 873.174 0
14781.4 949.405 5.38947
14774.6 1026.66 5.38947
14763.9 1103.89 5.38947
14754.8 1182.43 5.38947
14744 1261.27 0
14735.8 1341.73 0
14724.7 1420.29 0
14714.1 1497.82 0
14703.9 1574.21 0
14692.7 1650.02 0
14681.2 1726.93 0
14669 1806.2 0
14656.3 1887.71 0
14643.2 1969.66 0
14629.9 2049.6 0
14616.8 2126.25 0
14605.4 2200.35 0
14597.7 2273.82 0
p
70
30
15000 0 0
14993.3 85.1282 0
14986.5 170.256 0
14981 255.468 0
14976.5 340.747 0
14972.5 426.052 0
14969.1 511.393 0
14965.8 596.742 0
14962.7 682.106 0
14959.3 767.441 0
14955.5 852.774 0
14951.1 938.048 0
14946.1 1023.3 0
14940.2 1108.46 0
14934 1193.59 0
14927 1278.64 0
14920.1 1363.69 0
14913.1 1448.69 0
14907.3 1533.8 0
14900.1 1618.85 0
14890.9 1703.75 0
14878.5 1788.28 0
14861.9 1872.13 0
14840 1954.86 0
14812.5 2035.97 0
14779.3 2115 0
14740.7 2191.67 0
14697.6 2266.05 0
14651.5 2338.61 0
14603.3 2409.89 5.00364
14552.7 2479.76 5.00364
p
71
30
15200 0 0
15205 73.05 0
15209.9 146.1 0
15214.6 219.167 0
15219.2 292.244 0
15223.6 365.335 0
15227.6 438.443 0
15231.4 511.568 0
15234.8 584.711 0
15237.8 657.874 0
15240.4 731.054 0
15242.5 804.251 0
15244.1 877.463 0
15245.1 950.688 0
15245.5 1023.92 0
15245.4 1097.16 0
15244.5 1170.39 0
15243 1243.62 0
15240.8 1316.83 0
15237.8 1390.01 0
15234.6 1463.2 0
15231.3 1536.37 0
15228.2 1609.56 0
15225.5 1682.76 0
15223.5 1755.98 0
15222.5 1829.22 0
15222.6 1902.45 0
15224.2 1975.67 0
15227.5 2048.82 0
15232.8 2121.86 0
15239.9 2194.75 0
p
72
30
15400 0 0
15391.7 72.3153 0
15383.3 144.631 0
15374.9 216.936 0
15366.6 289.254 0
15358.4 361.586 0
15350.4 433.937 0
15342.6 506.315 0
15335.1 578.724 0
15328 651.168 0
15321.2 723.653 0
15314.9 796.18 0
15309.1 868.752 0
15303.9 941.368 0
15299.3 1014.03 0
15295.4 1086.73 0
15292.2 1159.48 0
15289.7 1232.25 0
15288.1 1305.06 0
15287.5 1377.88 0
15287.2 1450.72 0
15287.2 1523.55 0
15287.2 1596.39 0
15287.2 1669.23 0
15286.7 1742.07 0
15285.6 1814.9 0
15283.7 1887.71 0
15280.8 1960.48 0
15276.5 2033.19 0
15270.7 2105.78 0
15263.6 2178.25 0
p
73
30
15600 0 0
15600.2 76.7522 0
15600.4 153.504 0
15600.1 230.262 0
15599.5 307.018 0
15598.3 383.77 0
15596.4 460.513 0
15593.8 537.237 0
15590.2 613.931 0
15585.6 690.574 0
15579.7 767.141 0
15572.9 843.638 0
15565 920.048 0
15556.1 996.365 0
15546.4 1072.58 0
15535.7 1148.69 0
15524.1 1224.69 0
15511.6 1300.57 0
15498.3 1376.32 0
15484 1451.93 0
15468.9 1527.39 0
15452.9 1602.7 0
15436 1677.83 0
15418.2 1752.78 0
15399.3 1827.52 0
15379.5 1902.03 0
15358.6 1976.3 0
15336.6 2050.28 0
15313.4 2123.96 0
15289.1 2197.29 -9.35842
15263.6 2270.3 -9.35842
p
74
30
15800 0 0
15809.7 87.3583 0
15819.5 174.717 0
15829 262.091 0
15838.1 349.52 0
15846.5 437.023 0
15853.8 524.621 0
15859.8 612.33 0
15864.1 700.153 0
15866.3 788.073 0
15865.9 876.047 0
15862.4 963.994 0
15855.4 1051.78 0
15844.6 1139.24 0
15829.5 1226.15 0
15809.9 1312.25 0
15785.6 1397.26 0
15756.7 1480.95 0
15723.6 1563.14 0
15686.9 1643.95 0
15646.9 1723.34 0
15604 1801.34 0
15558.6 1878.05 0
15511 1953.54 0
15461.5 2027.91 0
15410.4 2101.28 0
15357.8 2173.75 0
15304 2245.43 9.35842
15248.9 2316.25 9.35842
15192.1 2385.88 -6.03719
15133.9 2454.43 -6.03719
p
75
30
16000 0 0
15997.4 96.6888 0
15994.9 193.378 0
15992.8 290.078 0
15991 386.784 0
15989.6 483.495 0
15988.5 580.21 0
15987.5 676.926 0
15986.6 773.639 0
15985.4 870.346 0
15983.5 967.038 0
15980.6 1063.7 0
15975.9 1160.29 0
15968.3 1256.71 0
15956.7 1352.75 0
15940 1448.07 0
15917 1542.14 0
15887.7 1634.58 0
15851.9 1724.9 0
15809.1 1812.29 0
15759.2 1896.2 0
15702.7 1976.11 0
15640 2051.73 0
15572.1 2123.02 0
15499.8 2190.31 0
15424.2 2254.27 0
15346.6 2315.96 0
15268.2 2376.74 0
15189.9 2437.58 6.03719
15110.9 2497.67 6.03719
15031.7 2557.54 0
p
76
30
16200 0 0
16197.5 60.4814 0
16195 120.963 0
16192.4 181.444 0
16189.9 241.926 0
16187.4 302.407 0
16184.9 362.888 0
16182.3 423.37 0
16179.8 483.851 0
16177.3 544.333 0
16174.8 604.814 0
16172.3 665.295 0
16169.7 725.777 0
16167.2 786.258 0
16164.7 846.74 0
16162.2 907.221 0
16159.6 967.702 0
16157.1 1028.18 0
16154.6 1088.67 0
16152.1 1149.15 0
16149.6 1209.63 0
16147 1270.11 0
16144.5 1330.59 0
16142 1391.07 0
16139.5 1451.55 0
16137 1512.04 0
16134.4 1572.52 0
16131.9 1633 0
16129.4 1693.48 0
16126.9 1753.96 0
16124.3 1814.44 0
p
77
30
16400 0 0
16406.4 63.9913 0
16412.8 127.983 0
16419.2 191.974 0
16425.5 255.965 0
16431.9 319.957 0
16438.3 383.948 0
16444.7 447.939 0
16451.1 511.931 0
16457.5 575.922 0
16463.9 639.913 0
16470.3 703.905 0
16476.6 767.896 0
16483 831.887 0
16489.4 895.879 0
16495.8 959.87 0
16502.2 1023.86 0
16508.6 1087.85 0
16515 1151.84 0
16521.3 1215.84 0
16527.7 1279.83 0
16534.1 1343.82 0
16540.5 1407.81 0
16546.9 1471.8 0
16553.3 1535.79 0
16559.7 1599.78 0
16566.1 1663.77 0
16572.4 1727.77 0
16578.8 1791.76 0
16585.2 1855.75 0
16591.6 1919.74 0
p
78
30
16600 0 0
16602.9 78.5371 0
16605.9 157.074 0
16608.8 235.611 0
16611.7 314.148 0
16614.6 392.685 0
16617.6 471.223 0
16620.5 549.76 0
16623.4 628.297 0
16626.3 706.834 0
16629.3 785.371 0
16632.2 863.908 0
16635.1 942.445 0
16638 1020.98 0
16641 1099.52 0
16643.9 1178.06 0
16646.8 1256.59 0
16649.7 1335.13 0
16652.7 1413.67 0
16655.6 1492.2 0
16658.5 1570.74 0
16661.4 1649.28 0
16664.4 1727.82 0
16667.3 1806.35 0
16670.2 1884.89 0
16673.1 1963.43 0
16676.1 2041.96 0
16679 2120.5 0
16681.9 2199.04 0
16684.8 2277.58 0
16687.8 2356.11 0
p
79
30
16800 0 0
16805 81.1684 0
16810 162.337 0
16814.9 243.505 0
16819.9 324.674 0
16824.9 405.842 0
16829.9 487.011 0
16834.9 568.179 0
16839.9 649.348 0
16844.8 730.516 0
16849.8 811.684 0
16854.8 892.853 0
16859.8 974.021 0
16864.8 1055.19 0
16869.7 1136.36 0
16874.7 1217.53 0
16879.7 1298.7 0
16884.7 1379.86 0
16889.7 1461.03 0
16894.7 1542.2 0
16899.6 1623.37 0
16904.6 1704.54 0
16909.6 1785.71 0
16914.6 1866.87 0
16919.6 1948.04 0
16924.5 2029.21 0
16929.5 2110.38 0
16934.5 2191.55 0
16939.5 2272.72 0
16944.5 2353.88 0
16949.5 2435.05 0
s	0
189 193 226 229 260 262 
189 190 191 192 193 226 227 228 229 260 261 262 
b
3 0
0.783099 0.394383 0.840188
190 0 0 2
191 0 0 2
192 0 0 2
227 0 0 2
228 0 0 3
261 0 0 1
g
0
0.1 2 0 0 1 2 0 2 4
t
2
0
2007.45 2165.01 100
2007.45 2165.01 -100
a
6
0
193 188 229 225 262 259 
1 191 1 227 0 228 0 261 0 260 0 2640 0.5 2641 0.5 
1 190 1 227 0 228 0 226 0 2640 0.5 2641 0.5 
1 189 1 227 0 226 0 2640 0.5 2641 0.5 
1 192 1 228 0 261 0 2640 0.5 2641 0.5 
2 227 1 191 0 190 0 189 0 2640 0.5 2641 0.5 
2 228 1 191 0 190 0 192 0 2640 0.5 2641 0.5 
2 226 1 190 0 189 0 2640 0.5 2641 0.5 
2 261 1 191 0 192 0 2640 0.5 2641 0.5 
2 260 1 191 0 2640 0.5 2641 0.5 
0 2640 4.5 191 0.5 190 0.5 189 0.5 192 0.5 227 0.5 228 0.5 226 0.5 261 0.5 260 0.5 
0 2641 4.5 191 0.5 190 0.5 189 0.5 192 0.5 227 0.5 228 0.5 226 0.5 261 0.5 260 0.5 
NanList DIR 0
d
33
0 0 -11.9638 0 0 -11.9638 0 0 -11.9638 0 0 -11.9638 0 0 11.9638 0 0 11.9638 0 0 11.9638 0 0 11.9638 0 0 11.9638 0 0 0 0 0 0 
s	1
358 359 360 391 392 393 394 424 425 426 427 456 457 458 459 460 
358 359 360 391 392 393 394 424 425 426 427 456 457 458 459 460 
b
2 0
0.197551 0.911647 0.79844
359 0 0 1
459 0 0 1
b
3 0
0.277775 0.76823 0.335223
392 0 0 2
393 0 0 4
425 0 0 2
426 0 0 4
457 0 0 2
458 0 0 2
g
0
0.1 2 0 0 1 2 0 2 4
t
2
2
3219.56 2100.91 100
3219.56 2100.91 -100
a
8
6
360 357 394 390 427 423 460 455 
1 392 1 425 0 426 0 457 0 456 0 424 0 2640 0.5 2641 0.5 
1 393 1 425 0 426 0 457 0 456 0 458 0 2640 0.5 2641 0.5 
1 391 1 425 0 424 0 2640 0.5 2641 0.5 
2 457 1 392 0 393 0 425 0 426 0 2640 0.5 2641 0.5 
2 456 1 392 0 393 0 425 0 2640 0.5 2641 0.5 
2 458 1 393 0 426 0 358 0 2640 0.5 2641 0.5 
2 459 1 358 0 359 0 2640 0.5 2641 0.5 
3 425 1 392 0 393 0 457 0 456 0 391 0 2640 0.5 2641 0.5 
3 426 1 392 0 393 0 457 0 458 0 2640 0.5 2641 0.5 
3 424 1 392 0 391 0 2640 0.5 2641 0.5 
1 358 1 458 0 459 0 2640 0.5 2641 0.5 
1 359 1 459 0 2640 0.5 2641 0.5 
0 2640 6 392 0.5 393 0.5 391 0.5 457 0.5 456 0.5 458 0.5 459 0.5 425 0.5 426 0.5 424 0.5 358 0.5 359 0.5 
0 2641 6 392 0.5 393 0.5 391 0.5 457 0.5 456 0.5 458 0.5 459 0.5 425 0.5 426 0.5 424 0.5 358 0.5 359 0.5 
NanList DIR 0
d
42
0 0 -23.1711 0 0 -23.1711 0 0 -23.1711 0 0 0 0 0 0 0 0 0 0 0 0 0 0 10.547 0 0 10.547 0 0 10.547 0 0 -23.1711 0 0 -23.1711 0 0 0 0 0 0 
s	2
490 492 524 526 
490 491 492 524 525 526 
b
2 0
0.628871 0.477397 0.55397
491 0 0 1
525 0 0 1
g
0
0.1 2 0 0 1 2 0 2 4
t
2
4
4173.78 2191.28 100
4173.78 2191.28 -100
a
4
14
492 489 526 523 
1 490 1 525 0 524 0 2640 0.5 2641 0.5 
1 491 1 525 0 2640 0.5 2641 0.5 
2 525 1 490 0 491 0 2640 0.5 2641 0.5 
2 524 1 490 0 2640 0.5 2641 0.5 
0 2640 2 490 0.5 491 0.5 525 0.5 524 0.5 
0 2641 2 490 0.5 491 0.5 525 0.5 524 0.5 
NanList DIR 0
d
18
0 0 -1.55507 0 0 -1.55507 0 0 1.55507 0 0 1.55507 0 0 0 0 0 0 
s	3
547 553 580 586 
547 548 549 550 551 552 553 580 581 582 583 584 585 586 
b
2 0
0.95223 0.513401 0.364784
548 0 0 1
549 0 0 2
550 0 0 3
551 0 0 3
552 0 0 3
581 0 0 3
582 0 0 3
583 0 0 3
584 0 0 2
585 0 0 1
g
0
0.1 2 0 0 1 2 0 2 4
t
2
6
4377.31 1659.82 100
4377.31 1659.82 -100
a
4
18
553 546 586 579 
1 549 1 580 0 581 0 582 0 2640 0.5 2641 0.5 
1 550 1 581 0 582 0 583 0 2640 0.5 2641 0.5 
1 551 1 582 0 583 0 584 0 2640 0.5 2641 0.5 
1 552 1 583 0 584 0 585 0 2640 0.5 2641 0.5 
1 548 1 580 0 581 0 2640 0.5 2641 0.5 
1 547 1 580 0 2640 0.5 2641 0.5 
2 580 1 549 0 548 0 547 0 2640 0.5 2641 0.5 
2 581 1 549 0 550 0 548 0 2640 0.5 2641 0.5 
2 582 1 549 0 550 0 551 0 2640 0.5 2641 0.5 
2 583 1 550 0 551 0 552 0 2640 0.5 2641 0.5 
2 584 1 551 0 552 0 2640 0.5 2641 0.5 
2 585 1 552 0 2640 0.5 2641 0.5 
0 2640 6 549 0.5 550 0.5 551 0.5 552 0.5 548 0.5 547 0.5 580 0.5 581 0.5 582 0.5 583 0.5 584 0.5 585 0.5 
0 2641 6 549 0.5 550 0.5 551 0.5 552 0.5 548 0.5 547 0.5 580 0.5 581 0.5 582 0.5 583 0.5 584 0.5 585 0.5 
NanList DIR 0
d
42
0 0 -13.8806 0 0 -13.8806 0 0 -13.8806 0 0 -13.8806 0 0 -13.8806 0 0 -13.8806 0 0 13.8806 0 0 13.8806 0 0 13.8806 0 0 13.8806 0 0 13.8806 0 0 13.8806 0 0 0 0 0 0 
s	4
687 688 689 690 691 755 756 757 821 822 823 
687 688 689 690 691 755 756 757 821 822 823 
b
2 0
0.717297 0.635712 0.916195
688 0 0 1
756 0 0 1
b
2 0
0.0163006 0.606969 0.141603
689 0 0 1
690 0 0 1
822 0 0 2
g
0
0.1 2 0 0 1 2 0 2 4
t
2
8
5392.02 2360.79 100
5392.02 2360.79 -100
a
6
22
691 686 757 754 823 820 
1 688 1 821 0 755 0 756 0 2640 0.5 2641 0.5 
1 687 1 755 0 756 0 2640 0.5 2641 0.5 
1 689 1 821 0 822 0 2640 0.5 2641 0.5 
1 690 1 821 0 822 0 2640 0.5 2641 0.5 
2 821 1 688 0 689 0 690 0 2640 0.5 2641 0.5 
2 822 1 689 0 690 0 2640 0.5 2641 0.5 
2 755 1 688 0 687 0 2640 0.5 2641 0.5 
2 756 1 688 0 687 0 2640 0.5 2641 0.5 
0 2640 4 688 0.5 687 0.5 689 0.5 690 0.5 821 0.5 822 0.5 755 0.5 756 0.5 
0 2641 4 688 0.5 687 0.5 689 0.5 690 0.5 821 0.5 822 0.5 755 0.5 756 0.5 
NanList DIR 0
d
30
0 0 -13.1413 0 0 -13.1413 0 0 -13.1413 0 0 -13.1413 0 0 13.1413 0 0 13.1413 0 0 13.1413 0 0 13.1413 0 0 0 0 0 0 
s	5
704 709 735 740 
704 705 706 707 708 709 735 736 737 738 739 740 
b
2 0
0.804177 0.137232 0.242887
705 0 0 2
706 0 0 2
707 0 0 2
708 0 0 1
736 0 0 1
737 0 0 2
738 0 0 2
739 0 0 2
g
0
0.1 2 0 0 1 2 0 2 4
t
2
10
5200 913.237 100
5200 913.237 -100
a
4
28
709 703 740 734 
1 704 1 736 0 735 0 2640 0.5 2641 0.5 
1 705 1 736 0 737 0 2640 0.5 2641 0.5 
1 706 1 737 0 738 0 2640 0.5 2641 0.5 
1 707 1 738 0 739 0 2640 0.5 2641 0.5 
1 708 1 739 0 2640 0.5 2641 0.5 
2 736 1 704 0 705 0 2640 0.5 2641 0.5 
2 737 1 705 0 706 0 2640 0.5 2641 0.5 
2 738 1 706 0 707 0 2640 0.5 2641 0.5 
2 739 1 707 0 708 0 2640 0.5 2641 0.5 
2 735 1 704 0 2640 0.5 2641 0.5 
0 2640 5 704 0.5 705 0.5 706 0.5 707 0.5 708 0.5 736 0.5 737 0.5 738 0.5 739 0.5 735 0.5 
0 2641 5 704 0.5 705 0.5 706 0.5 707 0.5 708 0.5 736 0.5 737 0.5 738 0.5 739 0.5 735 0.5 
NanList DIR 0
d
36
0 0 -12.0722 0 0 -12.0722 0 0 -12.0722 0 0 -12.0722 0 0 -12.0722 0 0 12.0722 0 0 12.0722 0 0 12.0722 0 0 12.0722 0 0 12.0722 0 0 0 0 0 0 
s	6
744 749 779 786 
744 745 746 747 748 749 779 780 781 782 783 784 785 786 
b
2 0
0.12979 0.400944 0.156679
745 0 0 2
746 0 0 3
747 0 0 3
748 0 0 3
780 0 0 1
781 0 0 2
782 0 0 2
783 0 0 3
784 0 0 2
785 0 0 1
g
0
0.1 2 0 0 1 2 0 2 4
t
2
12
5564.26 1531.72 100
5564.26 1531.72 -100
a
4
32
749 743 786 778 
1 745 1 782 0 780 0 781 0 2640 0.5 2641 0.5 
1 746 1 782 0 783 0 781 0 2640 0.5 2641 0.5 
1 747 1 782 0 783 0 784 0 2640 0.5 2641 0.5 
1 748 1 783 0 784 0 785 0 2640 0.5 2641 0.5 
1 744 1 780 0 779 0 2640 0.5 2641 0.5 
2 782 1 745 0 746 0 747 0 2640 0.5 2641 0.5 
2 783 1 746 0 747 0 748 0 2640 0.5 2641 0.5 
2 780 1 745 0 744 0 2640 0.5 2641 0.5 
2 781 1 745 0 746 0 2640 0.5 2641 0.5 
2 784 1 747 0 748 0 2640 0.5 2641 0.5 
2 779 1 744 0 2640 0.5 2641 0.5 
2 785 1 748 0 2640 0.5 2641 0.5 
0 2640 6 745 0.5 746 0.5 747 0.5 748 0.5 744 0.5 782 0.5 783 0.5 780 0.5 781 0.5 784 0.5 779 0.5 785 0.5 
0 2641 6 745 0.5 746 0.5 747 0.5 748 0.5 744 0.5 782 0.5 783 0.5 780 0.5 781 0.5 784 0.5 779 0.5 785 0.5 
NanList DIR 0
d
42
0 0 -11.6194 0 0 -11.6194 0 0 -11.6194 0 0 -11.6194 0 0 -11.6194 0 0 11.6194 0 0 11.6194 0 0 11.6194 0 0 11.6194 0 0 11.6194 0 0 11.6194 0 0 11.6194 0 0 0 0 0 0 
s	7
788 789 790 809 810 811 812 813 814 815 816 817 818 846 847 848 849 850 851 852 853 854 
788 789 790 809 810 811 812 813 814 815 816 817 818 846 847 848 849 850 851 852 853 854 
b
2 0
0.218257 0.998924 0.108809
789 0 0 1
817 0 0 1
b
2 0
0.61264 0.839112 0.512932
810 0 0 1
811 0 0 3
812 0 0 3
813 0 0 3
814 0 0 2
815 0 0 2
816 0 0 1
847 0 0 2
848 0 0 2
849 0 0 3
850 0 0 2
851 0 0 2
852 0 0 2
853 0 0 2
g
0
0.1 2 0 0 1 2 0 2 4
t
2
14
5774.09 1756.87 100
5774.09 1756.87 -100
a
6
36
790 787 818 808 854 845 
1 810 1 848 0 846 0 847 0 2640 0.5 2641 0.5 
1 811 1 848 0 849 0 847 0 2640 0.5 2641 0.5 
1 812 1 848 0 849 0 850 0 2640 0.5 2641 0.5 
1 813 1 849 0 850 0 851 0 2640 0.5 2641 0.5 
1 816 1 789 0 853 0 788 0 2640 0.5 2641 0.5 
1 814 1 851 0 852 0 2640 0.5 2641 0.5 
1 815 1 852 0 853 0 2640 0.5 2641 0.5 
1 809 1 846 0 2640 0.5 2641 0.5 
1 817 1 789 0 2640 0.5 2641 0.5 
2 848 1 810 0 811 0 812 0 2640 0.5 2641 0.5 
2 849 1 811 0 812 0 813 0 2640 0.5 2641 0.5 
2 846 1 810 0 809 0 2640 0.5 2641 0.5 
2 847 1 810 0 811 0 2640 0.5 2641 0.5 
2 850 1 812 0 813 0 2640 0.5 2641 0.5 
2 851 1 813 0 814 0 2640 0.5 2641 0.5 
2 852 1 814 0 815 0 2640 0.5 2641 0.5 
2 853 1 816 0 815 0 2640 0.5 2641 0.5 
2 789 1 816 0 817 0 2640 0.5 2641 0.5 
2 788 1 816 0 2640 0.5 2641 0.5 
0 2640 9.5 810 0.5 811 0.5 812 0.5 813 0.5 816 0.5 814 0.5 815 0.5 809 0.5 817 0.5 848 0.5 849 0.5 846 0.5 847 0.5 850 0.5 851 0.5 852 0.5 853 0.5 789 0.5 788 0.5 
0 2641 9.5 810 0.5 811 0.5 812 0.5 813 0.5 816 0.5 814 0.5 815 0.5 809 0.5 817 0.5 848 0.5 849 0.5 846 0.5 847 0.5 850 0.5 851 0.5 852 0.5 853 0.5 789 0.5 788 0.5 
NanList DIR 0
d
63
0 0 -12.1244 0 0 -12.1244 0 0 -12.1244 0 0 -12.1244 0 0 -12.1244 0 0 -12.1244 0 0 -12.1244 0 0 -12.1244 0 0 -12.1244 0 0 12.1244 0 0 12.1244 0 0 12.1244 0 0 12.1244 0 0 12.1244 0 0 12.1244 0 0 12.1244 0 0 12.1244 0 0 12.1244 0 0 12.1244 0 0 0 0 0 0 
s	8
908 916 940 947 
908 909 910 911 912 913 914 915 916 940 941 942 943 944 945 946 947 
b
2 0
0.524287 0.637552 0.296032
909 0 0 2
910 0 0 3
911 0 0 3
912 0 0 3
913 0 0 2
914 0 0 2
915 0 0 1
941 0 0 2
942 0 0 3
943 0 0 3
944 0 0 3
945 0 0 3
946 0 0 2
g
0
0.1 2 0 0 1 2 0 2 4
t
2
16
6406.18 1429.87 100
6406.18 1429.87 -100
a
4
42
916 907 947 939 
1 909 1 941 0 942 0 940 0 2640 0.5 2641 0.5 
1 910 1 941 0 942 0 943 0 2640 0.5 2641 0.5 
1 911 1 942 0 943 0 944 0 2640 0.5 2641 0.5 
1 912 1 943 0 944 0 945 0 2640 0.5 2641 0.5 
1 908 1 941 0 940 0 2640 0.5 2641 0.5 
1 913 1 944 0 945 0 2640 0.5 2641 0.5 
1 914 1 945 0 946 0 2640 0.5 2641 0.5 
1 915 1 946 0 2640 0.5 2641 0.5 
2 941 1 909 0 910 0 908 0 2640 0.5 2641 0.5 
2 942 1 909 0 910 0 911 0 2640 0.5 2641 0.5 
2 943 1 910 0 911 0 912 0 2640 0.5 2641 0.5 
2 944 1 911 0 912 0 913 0 2640 0.5 2641 0.5 
2 945 1 912 0 913 0 914 0 2640 0.5 2641 0.5 
2 940 1 909 0 908 0 2640 0.5 2641 0.5 
2 946 1 914 0 915 0 2640 0.5 2641 0.5 
0 2640 7.5 909 0.5 910 0.5 911 0.5 912 0.5 908 0.5 913 0.5 914 0.5 915 0.5 941 0.5 942 0.5 943 0.5 944 0.5 945 0.5 940 0.5 946 0.5 
0 2641 7.5 909 0.5 910 0.5 911 0.5 912 0.5 908 0.5 913 0.5 914 0.5 915 0.5 941 0.5 942 0.5 943 0.5 944 0.5 945 0.5 940 0.5 946 0.5 
NanList DIR 0
d
51
0 0 -11.4102 0 0 -11.4102 0 0 -11.4102 0 0 -11.4102 0 0 -11.4102 0 0 -11.4102 0 0 -11.4102 0 0 -11.4102 0 0 11.4102 0 0 11.4102 0 0 11.4102 0 0 11.4102 0 0 11.4102 0 0 11.4102 0 0 11.4102 0 0 0 0 0 0 
s	9
949 953 985 988 1019 1021 
949 950 951 952 953 985 986 987 988 1019 1020 1021 
b
3 0
0.292517 0.972775 0.493583
950 0 0 2
951 0 0 2
952 0 0 1
986 0 0 1
987 0 0 2
1020 0 0 2
g
0
0.1 2 0 0 1 2 0 2 4
t
2
18
6581.79 1946.62 100
6581.79 1946.62 -100
a
6
46
953 948 988 984 1021 1018 
1 950 1 986 0 987 0 1019 0 2640 0.5 2641 0.5 
1 951 1 987 0 1019 0 1020 0 2640 0.5 2641 0.5 
1 949 1 986 0 985 0 2640 0.5 2641 0.5 
1 952 1 1020 0 2640 0.5 2641 0.5 
2 986 1 950 0 949 0 2640 0.5 2641 0.5 
2 987 1 950 0 951 0 2640 0.5 2641 0.5 
2 985 1 949 0 2640 0.5 2641 0.5 
2 1019 1 950 0 951 0 2640 0.5 2641 0.5 
2 1020 1 951 0 952 0 2640 0.5 2641 0.5 
0 2640 4.5 950 0.5 951 0.5 949 0.5 952 0.5 986 0.5 987 0.5 985 0.5 1019 0.5 1020 0.5 
0 2641 4.5 950 0.5 951 0.5 949 0.5 952 0.5 986 0.5 987 0.5 985 0.5 1019 0.5 1020 0.5 
NanList DIR 0
d
33
0 0 -11.8496 0 0 -11.8496 0 0 -11.8496 0 0 -11.8496 0 0 11.8496 0 0 11.8496 0 0 11.8496 0 0 11.8496 0 0 11.8496 0 0 0 0 0 0 
s	10
1178 1180 1217 1219 
1178 1179 1180 1217 1218 1219 
b
2 0
0.769914 0.526745 0.771358
1179 0 0 1
1218 0 0 1
g
0
0.1 2 0 0 1 2 0 2 4
t
2
20
8161.77 1938.38 100
8161.77 1938.38 -100
a
4
52
1180 1177 1219 1216 
1 1178 1 1218 0 1217 0 2640 0.5 2641 0.5 
1 1179 1 1218 0 2640 0.5 2641 0.5 
2 1218 1 1178 0 1179 0 2640 0.5 2641 0.5 
2 1217 1 1178 0 2640 0.5 2641 0.5 
0 2640 2 1178 0.5 1179 0.5 1218 0.5 1217 0.5 
0 2641 2 1178 0.5 1179 0.5 1218 0.5 1217 0.5 
NanList DIR 0
d
18
0 0 -5.18529 0 0 -5.18529 0 0 5.18529 0 0 5.18529 0 0 0 0 0 0 
s	11
1306 1310 1339 1342 
1306 1307 1308 1309 1310 1339 1340 1341 1342 
b
2 0
0.283315 0.891529 0.400229
1307 0 0 1
1308 0 0 2
1309 0 0 1
1340 0 0 2
1341 0 0 2
g
0
0.1 2 0 0 1 2 0 2 4
t
2
22
9037.8 1661.21 100
9037.8 1661.21 -100
a
4
56
1310 1305 1342 1338 
1 1308 1 1339 0 1340 0 1341 0 2640 0.5 2641 0.5 
1 1307 1 1339 0 1340 0 2640 0.5 2641 0.5 
1 1306 1 1339 0 2640 0.5 2641 0.5 
1 1309 1 1341 0 2640 0.5 2641 0.5 
2 1339 1 1308 0 1307 0 1306 0 2640 0.5 2641 0.5 
2 1340 1 1308 0 1307 0 2640 0.5 2641 0.5 
2 1341 1 1308 0 1309 0 2640 0.5 2641 0.5 
0 2640 3.5 1308 0.5 1307 0.5 1306 0.5 1309 0.5 1339 0.5 1340 0.5 1341 0.5 
0 2641 3.5 1308 0.5 1307 0.5 1306 0.5 1309 0.5 1339 0.5 1340 0.5 1341 0.5 
NanList DIR 0
d
27
0 0 -12.0795 0 0 -12.0795 0 0 -12.0795 0 0 -12.0795 0 0 12.0795 0 0 12.0795 0 0 12.0795 0 0 0 0 0 0 
s	12
1310 1314 1343 1346 
1310 1311 1312 1313 1314 1343 1344 1345 1346 
b
2 0
0.919026 0.807725 0.352458
1311 0 0 1
1312 0 0 2
1313 0 0 1
1344 0 0 2
1345 0 0 2
g
0
0.1 2 0 0 1 2 0 2 4
t
2
24
9113.97 1981.16 100
9113.97 1981.16 -100
a
3
60
1314 1346 1342 
1 1312 1 1343 0 1344 0 1345 0 2640 0.5 2641 0.5 
1 1311 1 1343 0 1344 0 2640 0.5 2641 0.5 
1 1310 1 1343 0 2640 0.5 2641 0.5 
1 1313 1 1345 0 2640 0.5 2641 0.5 
2 1343 1 1312 0 1311 0 1310 0 2640 0.5 2641 0.5 
2 1344 1 1312 0 1311 0 2640 0.5 2641 0.5 
2 1345 1 1312 0 1313 0 2640 0.5 2641 0.5 
0 2640 3.5 1312 0.5 1311 0.5 1310 0.5 1313 0.5 1343 0.5 1344 0.5 1345 0.5 
0 2641 3.5 1312 0.5 1311 0.5 1310 0.5 1313 0.5 1343 0.5 1344 0.5 1345 0.5 
NanList DIR 0
d
27
0 0 -12.0795 0 0 -12.0795 0 0 -12.0795 0 0 -12.0795 0 0 12.0795 0 0 12.0795 0 0 12.0795 0 0 0 0 0 0 
s	13
1347 1348 1349 1350 1351 1382 1383 1384 1412 1413 1414 1415 1416 1417 1514 1515 1516 
1347 1348 1349 1350 1351 1382 1383 1384 1412 1413 1414 1415 1416 1417 1514 1515 1516 
b
3 0
0.525995 0.949327 0.0697553
1348 0 0 3
1349 0 0 3
1383 0 0 3
1413 0 0 1
1414 0 0 3
1415 0 0 2
1416 0 0 1
b
2 0
0.663227 0.192214 0.0860558
1350 0 0 1
1515 0 0 1
g
0
0.1 2 0 0 1 2 0 2 4
t
2
26
9427.47 2223.43 100
9427.47 2223.43 -100
a
8
63
1351 1346 1384 1381 1417 1411 1516 1513 
1 1347 1 1383 0 1413 0 1414 0 1382 0 2640 0.5 2641 0.5 
1 1348 1 1383 0 1413 0 1414 0 1415 0 2640 0.5 2641 0.5 
1 1349 1 1414 0 1415 0 1514 0 1416 0 2640 0.5 2641 0.5 
1 1350 1 1514 0 1515 0 2640 0.5 2641 0.5 
2 1413 1 1347 0 1348 0 1383 0 1382 0 2640 0.5 2641 0.5 
2 1414 1 1347 0 1348 0 1349 0 1383 0 2640 0.5 2641 0.5 
2 1415 1 1348 0 1349 0 2640 0.5 2641 0.5 
2 1412 1 1382 0 2640 0.5 2641 0.5 
2 1416 1 1349 0 2640 0.5 2641 0.5 
3 1383 1 1347 0 1348 0 1413 0 1414 0 2640 0.5 2641 0.5 
3 1382 1 1347 0 1413 0 1412 0 2640 0.5 2641 0.5 
2 1514 1 1349 0 1350 0 2640 0.5 2641 0.5 
2 1515 1 1350 0 2640 0.5 2641 0.5 
0 2640 6.5 1347 0.5 1348 0.5 1349 0.5 1350 0.5 1413 0.5 1414 0.5 1415 0.5 1412 0.5 1416 0.5 1383 0.5 1382 0.5 1514 0.5 1515 0.5 
0 2641 6.5 1347 0.5 1348 0.5 1349 0.5 1350 0.5 1413 0.5 1414 0.5 1415 0.5 1412 0.5 1416 0.5 1383 0.5 1382 0.5 1514 0.5 1515 0.5 
NanList DIR 0
d
45
0 0 -27.2063 0 0 -27.2063 0 0 -27.2063 0 0 -27.2063 0 0 0 0 0 0 0 0 0 0 0 0 0 0 0 0 0 23.4425 0 0 23.4425 0 0 0 0 0 0 0 0 0 0 0 0 
s	14
1400 1406 1435 1441 
1400 1401 1402 1403 1404 1405 1406 1435 1436 1437 1438 1439 1440 1441 
b
2 0
0.0641713 0.348893 0.890233
1401 0 0 2
1402 0 0 3
1403 0 0 3
1404 0 0 3
1405 0 0 1
1436 0 0 2
1437 0 0 3
1438 0 0 3
1439 0 0 2
1440 0 0 2
g
0
0.1 2 0 0 1 2 0 2 4
t
2
28
9720.45 1325.45 100
9720.45 1325.45 -100
a
4
71
1406 1399 1441 1434 
1 1401 1 1436 0 1437 0 1435 0 2640 0.5 2641 0.5 
1 1402 1 1436 0 1437 0 1438 0 2640 0.5 2641 0.5 
1 1403 1 1437 0 1438 0 1439 0 2640 0.5 2641 0.5 
1 1404 1 1438 0 1439 0 1440 0 2640 0.5 2641 0.5 
1 1400 1 1436 0 1435 0 2640 0.5 2641 0.5 
1 1405 1 1440 0 2640 0.5 2641 0.5 
2 1436 1 1401 0 1402 0 1400 0 2640 0.5 2641 0.5 
2 1437 1 1401 0 1402 0 1403 0 2640 0.5 2641 0.5 
2 1438 1 1402 0 1403 0 1404 0 2640 0.5 2641 0.5 
2 1435 1 1401 0 1400 0 2640 0.5 2641 0.5 
2 1439 1 1403 0 1404 0 2640 0.5 2641 0.5 
2 1440 1 1404 0 1405 0 2640 0.5 2641 0.5 
0 2640 6 1401 0.5 1402 0.5 1403 0.5 1404 0.5 1400 0.5 1405 0.5 1436 0.5 1437 0.5 1438 0.5 1435 0.5 1439 0.5 1440 0.5 
0 2641 6 1401 0.5 1402 0.5 1403 0.5 1404 0.5 1400 0.5 1405 0.5 1436 0.5 1437 0.5 1438 0.5 1435 0.5 1439 0.5 1440 0.5 
NanList DIR 0
d
42
0 0 -12.9444 0 0 -12.9444 0 0 -12.9444 0 0 -12.9444 0 0 -12.9444 0 0 -12.9444 0 0 12.9444 0 0 12.9444 0 0 12.9444 0 0 12.9444 0 0 12.9444 0 0 12.9444 0 0 0 0 0 0 
s	15
1447 1450 1478 1482 
1447 1448 1449 1450 1478 1479 1480 1481 1482 
b
2 0
0.0630958 0.457702 0.020023
1448 0 0 2
1449 0 0 3
1479 0 0 2
1480 0 0 2
1481 0 0 1
g
0
0.1 2 0 0 1 2 0 2 4
t
2
30
9621.29 2095.7 100
9621.29 2095.7 -100
a
4
75
1450 1446 1482 1477 
1 1448 1 1479 0 1478 0 1480 0 2640 0.5 2641 0.5 
1 1449 1 1479 0 1480 0 1481 0 2640 0.5 2641 0.5 
1 1447 1 1479 0 1478 0 2640 0.5 2641 0.5 
2 1479 1 1448 0 1449 0 1447 0 2640 0.5 2641 0.5 
2 1478 1 1448 0 1447 0 2640 0.5 2641 0.5 
2 1480 1 1448 0 1449 0 2640 0.5 2641 0.5 
2 1481 1 1449 0 2640 0.5 2641 0.5 
0 2640 3.5 1448 0.5 1449 0.5 1447 0.5 1479 0.5 1478 0.5 1480 0.5 1481 0.5 
0 2641 3.5 1448 0.5 1449 0.5 1447 0.5 1479 0.5 1478 0.5 1480 0.5 1481 0.5 
NanList DIR 0
d
27
0 0 -10.2272 0 0 -10.2272 0 0 -10.2272 0 0 10.2272 0 0 10.2272 0 0 10.2272 0 0 10.2272 0 0 0 0 0 0 
s	16
1580 1582 1612 1615 
1580 1581 1582 1612 1613 1614 1615 
b
2 0
0.902208 0.970634 0.23828
1581 0 0 2
1613 0 0 1
1614 0 0 1
g
0
0.1 2 0 0 1 2 0 2 4
t
2
32
10111.2 1933.04 100
10111.2 1933.04 -100
a
4
79
1582 1579 1615 1611 
1 1581 1 1612 0 1613 0 1614 0 2640 0.5 2641 0.5 
1 1580 1 1612 0 1613 0 2640 0.5 2641 0.5 
2 1612 1 1581 0 1580 0 2640 0.5 2641 0.5 
2 1613 1 1581 0 1580 0 2640 0.5 2641 0.5 
2 1614 1 1581 0 2640 0.5 2641 0.5 
0 2640 2.5 1581 0.5 1580 0.5 1612 0.5 1613 0.5 1614 0.5 
0 2641 2.5 1581 0.5 1580 0.5 1612 0.5 1613 0.5 1614 0.5 
NanList DIR 0
d
21
0 0 -12.085 0 0 -12.085 0 0 12.085 0 0 12.085 0 0 12.085 0 0 0 0 0 0 
s	17
1679 1681 1743 1745 
1679 1680 1681 1743 1744 1745 
b
2 0
0.53976 0.266666 0.85092
1680 0 0 1
1744 0 0 1
g
0
0.1 2 0 0 1 2 0 2 4
t
2
34
10995.4 2157.18 100
10995.4 2157.18 -100
a
3
83
1681 1678 1745 
1 1680 1 1743 0 1744 0 2640 0.5 2641 0.5 
1 1679 1 1743 0 2640 0.5 2641 0.5 
2 1743 1 1680 0 1679 0 2640 0.5 2641 0.5 
2 1744 1 1680 0 2640 0.5 2641 0.5 
0 2640 2 1680 0.5 1679 0.5 1743 0.5 1744 0.5 
0 2641 2 1680 0.5 1679 0.5 1743 0.5 1744 0.5 
NanList DIR 0
d
18
0 0 -3.84023 0 0 -3.84023 0 0 3.84023 0 0 3.84023 0 0 0 0 0 0 
s	18
1712 1714 1741 1743 
1712 1713 1714 1741 1742 1743 
b
2 0
0.512535 0.760249 0.375207
1713 0 0 1
1742 0 0 1
g
0
0.1 2 0 0 1 2 0 2 4
t
2
36
11006.4 2021.83 100
11006.4 2021.83 -100
a
4
86
1714 1711 1743 1740 
1 1713 1 1741 0 1742 0 2640 0.5 2641 0.5 
1 1712 1 1741 0 2640 0.5 2641 0.5 
2 1741 1 1713 0 1712 0 2640 0.5 2641 0.5 
2 1742 1 1713 0 2640 0.5 2641 0.5 
0 2640 2 1713 0.5 1712 0.5 1741 0.5 1742 0.5 
0 2641 2 1713 0.5 1712 0.5 1741 0.5 1742 0.5 
NanList DIR 0
d
18
0 0 -3.26125 0 0 -3.26125 0 0 3.26125 0 0 3.26125 0 0 0 0 0 0 
s	19
2068 2069 2070 2071 2072 2100 2101 2102 2103 2104 2105 2130 2131 2132 2133 2134 2135 2136 2137 
2068 2069 2070 2071 2072 2100 2101 2102 2103 2104 2105 2130 2131 2132 2133 2134 2135 2136 2137 
b
2 0
0.0392803 0.531606 0.667724
2069 0 0 2
2070 0 0 2
2071 0 0 1
2134 0 0 1
2135 0 0 2
2136 0 0 2
b
2 0
0.93081 0.931835 0.437638
2101 0 0 1
2102 0 0 2
2103 0 0 2
2104 0 0 1
2131 0 0 2
2132 0 0 2
2133 0 0 2
g
0
0.1 2 0 0 1 2 0 2 4
t
2
38
13788.6 1594.55 100
13788.6 1594.55 -100
a
6
90
2072 2067 2105 2099 2137 2129 
1 2132 1 2101 0 2102 0 2103 0 2640 0.5 2641 0.5 
1 2133 1 2068 0 2103 0 2104 0 2640 0.5 2641 0.5 
1 2134 1 2070 0 2068 0 2069 0 2640 0.5 2641 0.5 
1 2130 1 2101 0 2100 0 2640 0.5 2641 0.5 
1 2131 1 2101 0 2102 0 2640 0.5 2641 0.5 
1 2135 1 2070 0 2069 0 2640 0.5 2641 0.5 
1 2136 1 2070 0 2071 0 2640 0.5 2641 0.5 
2 2101 1 2132 0 2130 0 2131 0 2640 0.5 2641 0.5 
2 2102 1 2132 0 2131 0 2640 0.5 2641 0.5 
2 2103 1 2132 0 2133 0 2640 0.5 2641 0.5 
2 2100 1 2130 0 2640 0.5 2641 0.5 
2 2104 1 2133 0 2640 0.5 2641 0.5 
2 2070 1 2134 0 2135 0 2136 0 2640 0.5 2641 0.5 
2 2068 1 2133 0 2134 0 2640 0.5 2641 0.5 
2 2069 1 2134 0 2135 0 2640 0.5 2641 0.5 
2 2071 1 2136 0 2640 0.5 2641 0.5 
0 2640 8 2132 0.5 2133 0.5 2134 0.5 2130 0.5 2131 0.5 2135 0.5 2136 0.5 2101 0.5 2102 0.5 2103 0.5 2100 0.5 2104 0.5 2070 0.5 2068 0.5 2069 0.5 2071 0.5 
0 2641 8 2132 0.5 2133 0.5 2134 0.5 2130 0.5 2131 0.5 2135 0.5 2136 0.5 2101 0.5 2102 0.5 2103 0.5 2100 0.5 2104 0.5 2070 0.5 2068 0.5 2069 0.5 2071 0.5 
NanList DIR 0
d
54
0 0 -12.7408 0 0 -12.7408 0 0 -12.7408 0 0 -12.7408 0 0 -12.7408 0 0 -12.7408 0 0 -12.7408 0 0 12.7408 0 0 12.7408 0 0 12.7408 0 0 12.7408 0 0 12.7408 0 0 12.7408 0 0 12.7408 0 0 12.7408 0 0 12.7408 0 0 0 0 0 0 
s	20
2072 2073 2074 2075 2076 2077 2108 2109 2110 2140 2141 2142 2170 2171 2172 2173 2174 2175 2176 2207 2208 2209 2238 2239 2240 2241 
2072 2073 2074 2075 2076 2077 2108 2109 2110 2140 2141 2142 2170 2171 2172 2173 2174 2175 2176 2207 2208 2209 2238 2239 2240 2241 
b
4 0
0.738534 0.284293 0.720952
2073 0 0 3
2074 0 0 3
2109 0 0 2
2171 0 0 1
2172 0 0 2
2173 0 0 2
2174 0 0 2
2208 0 0 1
b
2 0
0.687861 0.354049 0.639979
2075 0 0 2
2076 0 0 2
2239 0 0 2
2240 0 0 2
b
2 0
0.880075 0.440105 0.165974
2141 0 0 1
2175 0 0 1
g
0
0.1 2 0 0 1 2 0 2 4
t
2
40
14099.8 1992.41 100
14099.8 1992.41 -100
a
11
96
2077 2110 2107 2142 2139 2176 2169 2209 2206 2241 2237 
1 2074 1 2173 0 2174 0 2239 0 2207 0 2208 0 2238 0 2640 0.5 2641 0.5 
1 2073 1 2172 0 2173 0 2174 0 2207 0 2208 0 2640 0.5 2641 0.5 
1 2072 1 2171 0 2172 0 2173 0 2640 0.5 2641 0.5 
1 2075 1 2239 0 2238 0 2240 0 2640 0.5 2641 0.5 
1 2076 1 2239 0 2240 0 2640 0.5 2641 0.5 
2 2171 1 2072 0 2108 0 2109 0 2640 0.5 2641 0.5 
2 2172 1 2073 0 2072 0 2109 0 2640 0.5 2641 0.5 
2 2173 1 2074 0 2073 0 2072 0 2640 0.5 2641 0.5 
2 2174 1 2074 0 2073 0 2140 0 2640 0.5 2641 0.5 
2 2175 1 2140 0 2141 0 2640 0.5 2641 0.5 
2 2170 1 2108 0 2640 0.5 2641 0.5 
2 2239 1 2074 0 2075 0 2076 0 2640 0.5 2641 0.5 
2 2238 1 2074 0 2075 0 2640 0.5 2641 0.5 
2 2240 1 2075 0 2076 0 2640 0.5 2641 0.5 
1 2108 1 2171 0 2170 0 2640 0.5 2641 0.5 
1 2109 1 2171 0 2172 0 2640 0.5 2641 0.5 
2 2207 1 2074 0 2073 0 2640 0.5 2641 0.5 
2 2208 1 2074 0 2073 0 2640 0.5 2641 0.5 
1 2140 1 2174 0 2175 0 2640 0.5 2641 0.5 
1 2141 1 2175 0 2640 0.5 2641 0.5 
0 2640 10 2074 0.5 2073 0.5 2072 0.5 2075 0.5 2076 0.5 2171 0.5 2172 0.5 2173 0.5 2174 0.5 2175 0.5 2170 0.5 2239 0.5 2238 0.5 2240 0.5 2108 0.5 2109 0.5 2207 0.5 2208 0.5 2140 0.5 2141 0.5 
0 2641 10 2074 0.5 2073 0.5 2072 0.5 2075 0.5 2076 0.5 2171 0.5 2172 0.5 2173 0.5 2174 0.5 2175 0.5 2170 0.5 2239 0.5 2238 0.5 2240 0.5 2108 0.5 2109 0.5 2207 0.5 2208 0.5 2140 0.5 2141 0.5 
NanList DIR 0
d
66
0 0 -14.3912 0 0 -14.3912 0 0 -14.3912 0 0 -14.3912 0 0 -14.3912 0 0 14.3912 0 0 14.3912 0 0 14.3912 0 0 14.3912 0 0 14.3912 0 0 14.3912 0 0 14.3912 0 0 14.3912 0 0 14.3912 0 0 -14.3912 0 0 -14.3912 0 0 14.3912 0 0 14.3912 0 0 -14.3912 0 0 -14.3912 0 0 0 0 0 0 
s	21
2195 2200 2227 2231 
2195 2196 2197 2198 2199 2200 2227 2228 2229 2230 2231 
b
2 0
0.228968 0.330337 0.829201
2196 0 0 1
2197 0 0 2
2198 0 0 2
2199 0 0 2
2228 0 0 2
2229 0 0 3
2230 0 0 2
g
0
0.1 2 0 0 1 2 0 2 4
t
2
42
14056.4 1272.1 100
14056.4 1272.1 -100
a
4
107
2200 2194 2231 2226 
1 2198 1 2228 0 2229 0 2230 0 2640 0.5 2641 0.5 
1 2196 1 2228 0 2227 0 2640 0.5 2641 0.5 
1 2197 1 2228 0 2229 0 2640 0.5 2641 0.5 
1 2199 1 2229 0 2230 0 2640 0.5 2641 0.5 
1 2195 1 2227 0 2640 0.5 2641 0.5 
2 2228 1 2198 0 2196 0 2197 0 2640 0.5 2641 0.5 
2 2229 1 2198 0 2197 0 2199 0 2640 0.5 2641 0.5 
2 2227 1 2196 0 2195 0 2640 0.5 2641 0.5 
2 2230 1 2198 0 2199 0 2640 0.5 2641 0.5 
0 2640 4.5 2198 0.5 2196 0.5 2197 0.5 2199 0.5 2195 0.5 2228 0.5 2229 0.5 2227 0.5 2230 0.5 
0 2641 4.5 2198 0.5 2196 0.5 2197 0.5 2199 0.5 2195 0.5 2228 0.5 2229 0.5 2227 0.5 2230 0.5 
NanList DIR 0
d
33
0 0 -6.71892 0 0 -6.71892 0 0 -6.71892 0 0 -6.71892 0 0 -6.71892 0 0 6.71892 0 0 6.71892 0 0 6.71892 0 0 6.71892 0 0 0 0 0 0 
s	22
2255 2259 2290 2294 
2255 2256 2257 2258 2259 2290 2291 2292 2293 2294 
b
2 0
0.68667 0.35036 0.893372
2256 0 0 1
2257 0 0 2
2258 0 0 2
2291 0 0 2
2292 0 0 2
2293 0 0 1
g
0
0.1 2 0 0 1 2 0 2 4
t
2
44
14759.7 1043.39 100
14759.7 1043.39 -100
a
4
111
2259 2254 2294 2289 
1 2256 1 2290 0 2291 0 2640 0.5 2641 0.5 
1 2257 1 2291 0 2292 0 2640 0.5 2641 0.5 
1 2258 1 2292 0 2293 0 2640 0.5 2641 0.5 
1 2255 1 2290 0 2640 0.5 2641 0.5 
2 2290 1 2256 0 2255 0 2640 0.5 2641 0.5 
2 2291 1 2256 0 2257 0 2640 0.5 2641 0.5 
2 2292 1 2257 0 2258 0 2640 0.5 2641 0.5 
2 2293 1 2258 0 2640 0.5 2641 0.5 
0 2640 4 2256 0.5 2257 0.5 2258 0.5 2255 0.5 2290 0.5 2291 0.5 2292 0.5 2293 0.5 
0 2641 4 2256 0.5 2257 0.5 2258 0.5 2255 0.5 2290 0.5 2291 0.5 2292 0.5 2293 0.5 
NanList DIR 0
d
30
0 0 -5.38947 0 0 -5.38947 0 0 -5.38947 0 0 -5.38947 0 0 5.38947 0 0 5.38947 0 0 5.38947 0 0 5.38947 0 0 0 0 0 0 
s	23
2273 2275 2339 2341 
2273 2274 2275 2339 2340 2341 
b
2 0
0.657304 0.58864 0.956468
2274 0 0 1
2340 0 0 1
g
0
0.1 2 0 0 1 2 0 2 4
t
2
46
14577.9 2405.38 100
14577.9 2405.38 -100
a
4
115
2275 2272 2341 2338 
1 2274 1 2339 0 2340 0 2640 0.5 2641 0.5 
1 2273 1 2339 0 2640 0.5 2641 0.5 
2 2339 1 2274 0 2273 0 2640 0.5 2641 0.5 
2 2340 1 2274 0 2640 0.5 2641 0.5 
0 2640 2 2274 0.5 2273 0.5 2339 0.5 2340 0.5 
0 2641 2 2274 0.5 2273 0.5 2339 0.5 2340 0.5 
NanList DIR 0
d
18
0 0 -5.00364 0 0 -5.00364 0 0 5.00364 0 0 5.00364 0 0 0 0 0 0 
s	24
2438 2440 2469 2471 
2438 2439 2440 2469 2470 2471 
b
2 0
0.92397 0.43956 0.858676
2439 0 0 1
2470 0 0 1
g
0
0.1 2 0 0 1 2 0 2 4
t
2
48
15276.4 2257.32 100
15276.4 2257.32 -100
a
4
119
2440 2437 2471 2468 
1 2439 1 2469 0 2470 0 2640 0.5 2641 0.5 
1 2438 1 2469 0 2640 0.5 2641 0.5 
2 2469 1 2439 0 2438 0 2640 0.5 2641 0.5 
2 2470 1 2439 0 2640 0.5 2641 0.5 
0 2640 2 2439 0.5 2438 0.5 2469 0.5 2470 0.5 
0 2641 2 2439 0.5 2438 0.5 2469 0.5 2470 0.5 
NanList DIR 0
d
18
0 0 -9.35842 0 0 -9.35842 0 0 9.35842 0 0 9.35842 0 0 0 0 0 0 
s	25
2471 2473 2503 2505 
2471 2472 2473 2503 2504 2505 
b
2 0
0.684219 0.814767 0.398437
2472 0 0 1
2504 0 0 1
g
0
0.1 2 0 0 1 2 0 2 4
t
2
50
15156.7 2443.89 100
15156.7 2443.89 -100
a
3
123
2473 2505 2502 
1 2472 1 2503 0 2504 0 2640 0.5 2641 0.5 
1 2471 1 2503 0 2640 0.5 2641 0.5 
2 2503 1 2472 0 2471 0 2640 0.5 2641 0.5 
2 2504 1 2472 0 2640 0.5 2641 0.5 
0 2640 2 2472 0.5 2471 0.5 2503 0.5 2504 0.5 
0 2641 2 2472 0.5 2471 0.5 2503 0.5 2504 0.5 
NanList DIR 0
d
18
0 0 -6.03719 0 0 -6.03719 0 0 6.03719 0 0 6.03719 0 0 0 0 0 0 
