33 0.3 0.1 0.3 1 0 26 1
p
0
30
1000 0 0
994.517 71.8188 0
989.033 143.638 0
985.308 215.728 0
982.756 287.81 0
980.613 359.913 0
978.927 432.038 0
977.471 504.179 0
976.06 576.331 0
974.555 648.498 0
972.857 720.683 0
970.906 792.891 0
968.679 865.128 0
966.192 937.399 0
963.424 1009.7 0
960.431 1082.04 0
957.28 1154.41 0
954.056 1226.8 0
950.859 1299.21 0
947.801 1371.63 0
944.999 1444.04 0
942.571 1516.45 0
940.605 1588.83 -13.2961
939.107 1661.19 -13.2961
938.211 1733.51 -13.2961
937.974 1805.8 -13.2961
938.16 1878.03 -13.2961
938.382 1950.25 -13.2961
938.347 2022.46 -13.2961
938.228 2094.67 -13.2961
937.814 2166.86 0
p
1
30
1200 0 0
1189.72 82.7428 0
1179.44 165.486 0
1169.07 247.848 0
1158.61 330.385 0
1148.04 412.907 0
1137.34 495.412 0
1126.48 577.898 0
1115.44 660.363 0
1104.21 742.802 0
1092.75 825.215 0
1081.06 907.598 0
1069.11 989.948 0
1056.88 1072.26 0
1044.35 1154.54 0
1031.49 1236.78 0
1018.3 1318.98 0
1004.74 1401.13 0
990.791 1483.23 0
976.618 1565.31 13.2961
962.972 1647.48 13.2961
950.308 1729.79 13.2961
938.818 1812.31 13.2961
928.48 1895.01 13.2961
918.538 1977.78 13.2961
908.361 2060.53 13.2961
898.099 2143.26 0
887.799 2226 0
877.496 2308.74 0
867.196 2391.49 0
856.895 2474.23 0
p
2
30
1400 0 0
1403.97 79.6835 0
1407.94 159.367 0
1411.85 239.053 0
1415.68 318.743 0
1419.41 398.438 0
1423.01 478.139 0
1426.44 557.848 0
1429.68 637.564 0
1432.7 717.29 0
1435.47 797.025 0
1437.96 876.769 0
1440.15 956.523 0
1442 1036.29 0
1443.5 1116.06 0
1444.61 1195.83 0
1445.33 1275.62 0
1445.62 1355.4 0
1445.47 1435.19 0
1444.87 1514.98 0
1444.15 1594.76 0
1443.38 1674.55 0
1442.74 1754.34 0
1442.39 1834.13 0
1442.48 1913.91 0
1443.18 1993.7 0
1444.65 2073.47 0
1447.06 2153.21 0
1450.56 2232.92 0
1455.32 2312.56 -0.730424
1461.22 2392.12 -0.730424
p
3
30
1600 0 0
1590.58 79.028 0
1581.16 158.056 0
1571.88 237.1 0
1562.77 316.165 0
1553.9 395.258 0
1545.34 474.385 0
1537.16 553.553 0
1529.41 632.767 0
1522.18 712.029 0
1515.51 791.344 0
1509.48 870.712 0
1504.16 950.133 0
1499.6 1029.6 0
1495.88 1109.12 0
1493.06 1188.68 0
1491.21 1268.28 0
1490.4 1347.89 0
1490.71 1427.52 0
1492.21 1507.14 0
1494.24 1586.75 0
1496.67 1666.36 0
1499.19 1745.97 0
1501.5 1825.58 0
1503.3 1905.2 0
1504.29 1984.83 0
1504.17 2064.46 0
1502.63 2144.06 0
1499.38 2223.6 0
1494.1 2303.02 0.730424
1486.93 2382.29 0.730424
p
4
30
1800 0 0
1795.79 86.2068 0
1791.57 172.414 0
1787.36 258.621 0
1783.14 344.827 0
1778.93 431.034 0
1774.71 517.241 0
1770.5 603.448 0
1766.28 689.655 0
1762.07 775.862 0
1757.85 862.068 0
1753.64 948.275 0
1749.42 1034.48 0
1745.21 1120.69 0
1740.99 1206.9 0
1736.78 1293.1 0
1732.56 1379.31 0
1728.35 1465.52 0
1724.14 1551.72 0
1719.92 1637.93 0
1715.71 1724.14 0
1711.49 1810.34 0
1707.28 1896.55 0
1703.06 1982.76 0
1698.85 2068.96 0
1694.63 2155.17 0
1690.42 2241.38 0
1686.2 2327.58 0
1681.99 2413.79 0
1677.77 2500 0
1673.56 2586.21 0
p
5
30
2000 0 0
1994.72 77.7263 0
1989.43 155.453 0
1984.15 233.179 0
1978.87 310.905 0
1973.59 388.631 0
1968.3 466.358 0
1963.02 544.084 0
1957.74 621.81 0
1952.46 699.536 0
1947.17 777.263 0
1941.89 854.989 0
1936.61 932.715 0
1931.32 1010.44 0
1926.04 1088.17 0
1920.76 1165.89 0
1915.48 1243.62 0
1910.19 1321.35 0
1904.91 1399.07 0
1899.63 1476.8 0
1894.34 1554.53 0
1889.06 1632.25 0
1883.78 1709.98 0
1878.5 1787.7 0
1873.21 1865.43 0
1867.93 1943.16 0
1862.65 2020.88 0
1857.37 2098.61 0
1852.08 2176.34 0
1846.8 2254.06 0
1841.52 2331.79 0
p
6
30
2200 0 0
2195.93 83.184 0
2191.86 166.368 0
2187.27 249.507 0
2182.36 332.621 0
2177.5 415.71 0
2172.53 498.797 0
2167.97 581.88 0
2163.67 664.97 0
2160.04 748.105 0
2157.26 831.278 0
2155.54 914.487 0
2155.06 997.728 0
2155.99 1080.99 0
2158.48 1164.25 0
2162.63 1247.48 0
2168.49 1330.66 0
2176.09 1413.76 0
2185.39 1496.75 0
2196.32 1579.6 0
2208.73 1662.3 0
2222.44 1744.86 0
2237.2 1827.27 0
2252.72 1909.57 0
2268.68 1991.79 0
2284.68 2073.98 0
2300.31 2156.2 -12.7531
2315.39 2238.5 -12.7531
2330.56 2320.82 -12.7531
2345.85 2403.13 -12.7531
2361.17 2485.45 0
p
7
30
2400 0 0
2405.8 64.9293 0
2411.59 129.859 0
2417.95 194.829 0
2420.93 260.266 0
2423.07 325.973 0
2421.78 392.172 0
2423.71 458.705 0
2419.58 526.919 0
2419.19 595.938 0
2419.77 666.073 0
2420.6 736.875 0
2422.38 807.684 0
2424.02 877.953 0
2425.2 947.282 0
2425.69 1015.54 0
2425.39 1082.86 0
2424.31 1149.59 0
2422.47 1216.19 0
2419.97 1283.15 0
2416.92 1350.83 0
2413.48 1419.43 0
2409.82 1488.9 0
2406.12 1558.97 0
2402.51 1629.2 0
2399.02 1699.13 0
2395.55 1768.36 0
2391.73 1836.66 0
2386.95 1904.03 0
2380.18 1970.55 -5.12109
2370.87 2036.62 -5.12109
p
8
30
2600 0 0
2596.87 86.8886 0
2593.74 173.777 0
2593.65 260.76 0
2596.89 347.738 0
2606.89 434.403 0
2621.82 520.536 0
2643.97 605.408 0
2671.75 688.852 0
2699.8 772.384 0
2725.89 856.582 -12.1571
2747.48 941.954 -12.1571
2763.17 1028.44 -12.1571
2771.06 1115.81 -12.1571
2770.06 1203.39 -12.1571
2759.67 1290.32 -12.1571
2739.96 1375.69 -12.1571
2711.6 1458.78 -12.1571
2675.76 1539.23 0
2634 1617.1 0
2588.19 1693 0
2540.4 1767.93 0
2492.9 1843.2 0
2448.08 1920.21 0
2407.99 1999.82 5.12109
2373.52 2082.22 5.12109
2348.03 2168.18 12.7531
2328.88 2255.99 12.7531
2310.83 2344.02 12.7531
2292.58 2431.99 12.7531
2274.28 2519.95 0
p
9
30
2800 0 0
2797.39 70.7392 0
2794.77 141.478 0
2792.16 212.218 0
2789.54 282.957 0
2786.93 353.696 0
2784.32 424.435 0
2781.7 495.174 0
2779.09 565.913 0
2776.47 636.653 0
2773.86 707.392 0
2771.24 778.131 0
2768.63 848.87 12.1571
2766.02 919.609 12.1571
2763.4 990.348 12.1571
2760.79 1061.09 12.1571
2758.17 1131.83 12.1571
2755.56 1202.57 12.1571
2752.95 1273.31 12.1571
2750.33 1344.04 12.1571
2747.72 1414.78 12.1571
2745.1 1485.52 12.1571
2742.49 1556.26 0
2739.87 1627 0
2737.26 1697.74 0
2734.65 1768.48 0
2732.03 1839.22 0
2729.42 1909.96 0
2726.8 1980.7 0
2724.19 2051.44 0
2721.58 2122.18 0
p
10
30
3000 0 0
2999.52 73.6661 0
2999.05 147.332 0
2998.57 220.998 0
2998.1 294.665 0
2997.62 368.331 0
2997.15 441.997 0
2996.67 515.663 0
2996.2 589.329 0
2995.72 662.995 0
2995.25 736.661 0
2994.77 810.328 0
2994.3 883.994 0
2993.82 957.66 0
2993.35 1031.33 0
2992.87 1104.99 0
2992.4 1178.66 0
2991.92 1252.32 0
2991.45 1325.99 0
2990.97 1399.66 0
2990.5 1473.32 0
2990.02 1546.99 0
2989.55 1620.66 0
2989.07 1694.32 0
2988.6 1767.99 0
2988.12 1841.65 0
2987.65 1915.32 0
2987.17 1988.99 0
2986.7 2062.65 0
2986.22 2136.32 0
2985.75 2209.98 0
p
11
30
3200 0 0
3194.14 79.9852 0
3188.29 159.97 0
3181.97 239.915 0
3174.71 319.778 0
3166.12 399.511 0
3155.67 479.028 0
3142.77 558.198 0
3126.89 636.838 0
3108.1 714.828 0
3089.52 792.863 0
3072.44 871.193 0
3058.25 950.05 0
3048.41 1029.55 0
3044.19 1109.51 0
3046.51 1189.58 0
3055.92 1269.21 0
3072.57 1347.83 0
3096.17 1424.9 0
3126.02 1500.09 0
3161.07 1573.31 0
3199.99 1644.86 0
3241.2 1715.29 0
3282.98 1785.45 0
3323.45 1856.27 0
3360.65 1928.62 0
3392.56 2003.14 0
3418.71 2079.63 0
3443.74 2156.59 0
3468.82 2233.57 0
3493.91 2310.55 0
p
12
30
3400 0 0
3403.13 64.9792 0
3406.26 129.958 0
3409.56 194.947 0
3412.92 259.944 0
3416.38 324.952 0
3419.95 389.977 0
3423.61 455.03 0
3427.24 520.144 0
3430.21 585.406 0
3433.6 650.692 0
3435.32 716.265 0
3434.99 782.11 0
3435.91 847.956 0
3437.36 913.899 0
3439.39 979.882 0
3441.88 1045.88 0
3444.37 1111.9 0
3447.53 1177.95 0
3450.9 1244.08 0
3454.38 1310.34 0
3457.87 1376.76 0
3461.27 1443.36 0
3464.5 1510.14 0
3467.43 1577.07 0
3469.85 1644.11 0
3471.35 1711.18 0
3471.24 1778.21 0
3468.36 1845.03 0
3460.88 1911.29 25.6644
3447.85 1976.67 25.6644
p
13
30
3600 0 0
3590.3 77.0127 0
3580.59 154.025 0
3571.09 231.054 0
3561.49 308.063 0
3552.31 385.113 0
3544.3 462.287 0
3538.72 539.677 0
3537.46 617.292 0
3543.08 694.83 0
3560.13 771.063 0
3590.19 843.785 0
3630.73 911.925 0
3675.48 977.976 0
3720.77 1043.89 0
3761.78 1112.32 0
3794.48 1184.57 0
3815.19 1260.5 0
3821.6 1338.44 0
3813.11 1415.88 0
3791.16 1490.54 0
3758.81 1561.46 0
3719.47 1628.97 -26.6382
3674.42 1693.13 -26.6382
3625.79 1754.98 -26.6382
3576.17 1816.27 -26.6382
3528.66 1879.33 -26.6382
3487.13 1946.42 -26.6382
3454.81 2018.83 -26.6382
3437.71 2096.88 -26.6382
3424.54 2175.84 -26.6382
p
14
30
3800 0 0
3806.98 66.1342 0
3813.97 132.268 0
3821.34 198.362 0
3828.84 264.449 0
3836.58 330.512 0
3844.63 396.544 0
3853.16 462.522 0
3862.57 528.39 0
3873.52 594.033 0
3884.31 659.725 0
3894.93 725.484 0
3904.86 791.408 0
3913.61 857.576 0
3920.68 924.039 0
3925.6 990.808 0
3927.89 1057.84 0
3927.02 1125.04 0
3922.38 1192.21 0
3913.46 1259.07 0
3899.57 1325.21 0
3881.41 1390.39 0
3858.37 1454.1 0
3830.1 1515.75 0
3796.21 1574.61 0
3756.9 1630.16 0
3714.54 1683.62 0
3670.45 1735.78 0
3625.1 1786.95 0
3578.93 1837.41 0
3532.41 1887.75 0
p
15
30
4000 0 0
3992.16 76.1013 0
3984.33 152.203 0
3976.73 228.312 0
3970.41 304.55 0
3965.96 380.936 0
3964.31 457.466 0
3966.52 534.048 0
3974.06 610.409 0
3988.9 685.92 0
4007.2 760.833 0
4028.6 835.115 0
4051.36 909.106 0
4073.56 983.289 0
4093.1 1058.14 0
4107.91 1133.92 -10.9795
4116.22 1210.51 -10.9795
4116.15 1287.39 -10.9795
4106.12 1363.52 -10.9795
4085.72 1437.55 -10.9795
4054.91 1508 0
4013.81 1573.26 0
3963.63 1632.26 0
3906.14 1684.72 0
3843.24 1731.19 0
3776.85 1773.11 0
3708.74 1812.63 0
3640.67 1852.45 0
3573.95 1894.54 0
3508.28 1938.31 0
3445 1985.75 0
p
16
30
4200 0 0
4194.37 67.4562 0
4188.74 134.912 0
4183.94 202.453 0
4179.28 269.998 0
4174.95 337.571 0
4170.91 405.167 0
4167.12 472.784 0
4163.53 540.418 0
4160.12 608.068 0
4156.85 675.728 0
4153.67 743.397 0
4150.56 811.07 0
4147.47 878.746 0
4144.36 946.42 0
4141.2 1014.09 0
4137.95 1081.75 0
4134.57 1149.41 10.9795
4130.97 1217.06 10.9795
4127.05 1284.69 10.9795
4122.8 1352.28 10.9795
4118.27 1419.85 10.9795
4113.53 1487.4 0
4108.77 1554.93 0
4104 1622.45 0
4099.23 1689.98 0
4094.46 1757.51 0
4089.7 1825.04 0
4084.93 1892.57 0
4080.16 1960.09 0
4075.39 2027.62 0
p
17
30
4400 0 0
4403.52 82.4407 0
4407.04 164.881 0
4410.57 247.322 0
4414.09 329.763 0
4417.61 412.204 0
4421.13 494.644 0
4424.66 577.085 0
4428.18 659.526 0
4431.7 741.966 0
4435.22 824.407 0
4438.74 906.848 0
4442.27 989.289 0
4445.79 1071.73 0
4449.31 1154.17 0
4452.83 1236.61 0
4456.36 1319.05 0
4459.88 1401.49 0
4463.4 1483.93 0
4466.92 1566.37 0
4470.44 1648.81 0
4473.97 1731.26 0
4477.49 1813.7 0
4481.01 1896.14 0
4484.53 1978.58 -13.247
4488.06 2061.02 -13.247
4491.58 2143.46 -13.247
4495.1 2225.9 -13.247
4498.62 2308.34 -13.247
4502.14 2390.78 0
4505.67 2473.22 0
p
18
30
4600 0 0
4606.03 66.4662 0
4612.05 132.932 0
4617.51 199.455 0
4622.29 266.034 0
4626.2 332.679 0
4629.04 399.39 0
4630.84 466.147 0
4631.76 532.935 0
4631.8 599.745 0
4631 666.566 0
4629.43 733.392 0
4627.15 800.215 0
4624.2 867.03 0
4620.63 933.834 0
4616.49 1000.62 0
4611.82 1067.4 0
4606.66 1134.15 0
4601.05 1200.89 0
4595.04 1267.6 0
4588.65 1334.3 0
4581.93 1400.98 0
4574.9 1467.65 0
4567.6 1534.3 0
4560.06 1600.94 0
4552.32 1667.57 0
4544.4 1734.19 0
4536.34 1800.8 0
4528.17 1867.41 0
4519.93 1934.02 13.247
4511.64 2000.63 13.247
p
19
30
4800 0 0
4799.5 74.0884 0
4799.01 148.177 0
4798.21 222.259 0
4796.97 296.333 0
4795.03 370.393 0
4792.15 444.424 0
4788.57 518.433 0
4784.16 592.408 0
4778.91 666.339 0
4772.81 740.22 0
4765.86 814.042 0
4758.05 887.799 0
4749.4 961.481 0
4739.92 1035.08 0
4729.6 1108.6 0
4718.47 1182.02 0
4706.55 1255.34 0
4693.85 1328.56 0
4680.41 1401.67 0
4666.24 1474.68 0
4651.39 1547.58 0
4635.89 1620.36 0
4619.78 1693.04 0
4603.09 1765.62 0
4585.89 1838.09 0
4568.2 1910.48 0
4550.12 1982.78 0
4531.79 2055.03 13.247
4513.42 2127.28 13.247
4495.05 2199.53 13.247
p
20
30
5000 0 0
5002.91 80.7076 0
5005.82 161.415 0
5008.66 242.125 0
5011.42 322.837 0
5014.06 403.553 0
5016.54 484.274 0
5018.79 565.002 0
5020.77 645.738 0
5022.41 726.481 0
5023.67 807.232 0
5024.5 887.989 0
5024.84 968.751 0
5024.64 1049.51 0
5023.85 1130.28 0
5022.72 1211.04 0
5021.3 1291.79 0
5019.67 1372.55 0
5017.96 1453.3 0
5016.26 1534.05 0
5014.68 1614.81 0
5013.33 1695.57 0
5012.32 1776.33 0
5011.74 1857.09 0
5011.71 1937.86 0
5012.33 2018.62 0
5013.7 2099.37 0
5015.92 2180.1 0
5019.09 2260.8 0
5023.28 2341.45 0
5028.25 2422.06 0
p
21
30
5200 0 0
5193.33 80.1272 0
5186.66 160.254 0
5180.06 240.388 0
5173.55 320.528 0
5167.15 400.678 0
5160.91 480.841 0
5154.82 561.015 0
5148.92 641.204 0
5143.22 721.407 0
5137.74 801.626 0
5132.49 881.861 0
5127.5 962.113 0
5122.78 1042.38 0
5118.35 1122.67 0
5114.12 1202.97 0
5110.09 1283.27 0
5106.21 1363.59 0
5102.45 1443.91 0
5098.78 1524.24 0
5095.16 1604.57 0
5091.56 1684.89 0
5087.94 1765.22 0
5084.26 1845.55 0
5080.49 1925.87 0
5076.59 2006.18 0
5072.53 2086.49 0
5068.28 2166.79 0
5063.79 2247.07 0
5059.03 2327.34 0
5054.03 2407.59 0
p
22
30
5400 0 0
5397.25 98.3516 0
5394.51 196.703 0
5391.76 295.055 0
5389.02 393.407 0
5386.27 491.758 0
5383.53 590.11 0
5380.78 688.461 0
5378.04 786.813 0
5375.29 885.165 0
5372.55 983.516 0
5369.8 1081.87 0
5367.05 1180.22 0
5364.31 1278.57 0
5361.56 1376.92 0
5358.82 1475.27 0
5356.07 1573.63 0
5353.33 1671.98 0
5350.58 1770.33 0
5347.84 1868.68 0
5345.09 1967.03 0
5342.34 2065.38 0
5339.6 2163.74 0
5336.85 2262.09 0
5334.11 2360.44 0
5331.36 2458.79 0
5328.62 2557.14 0
5325.87 2655.49 0
5323.13 2753.85 0
5320.38 2852.2 0
5317.64 2950.55 0
p
23
30
5600 0 0
5592.66 79.9725 0
5585.32 159.945 0
5577.98 239.918 0
5570.64 319.89 0
5563.3 399.863 0
5555.96 479.835 0
5548.62 559.808 0
5541.27 639.78 0
5533.93 719.753 0
5526.59 799.725 0
5519.25 879.698 0
5511.91 959.67 0
5504.57 1039.64 0
5497.23 1119.62 0
5489.89 1199.59 0
5482.55 1279.56 0
5475.21 1359.53 0
5467.87 1439.51 0
5460.53 1519.48 0
5453.19 1599.45 0
5445.85 1679.42 0
5438.51 1759.4 0
5431.16 1839.37 0
5423.82 1919.34 0
5416.48 1999.31 0
5409.14 2079.29 0
5401.8 2159.26 0
5394.46 2239.23 0
5387.12 2319.2 0
5379.78 2399.18 0
p
24
30
5800 0 0
5794.19 92.6086 0
5788.37 185.217 0
5782.56 277.826 0
5776.74 370.434 0
5770.93 463.043 0
5765.12 555.652 0
5759.3 648.26 0
5753.49 740.869 0
5747.67 833.478 0
5741.86 926.086 0
5736.05 1018.69 0
5730.23 1111.3 0
5724.42 1203.91 0
5718.61 1296.52 0
5712.79 1389.13 0
5706.98 1481.74 0
5701.16 1574.35 0
5695.35 1666.96 0
5689.54 1759.56 0
5683.72 1852.17 0
5677.91 1944.78 0
5672.09 2037.39 0
5666.28 2130 0
5660.47 2222.61 0
5654.65 2315.22 0
5648.84 2407.82 0
5643.02 2500.43 0
5637.21 2593.04 0
5631.4 2685.65 0
5625.58 2778.26 0
p
25
30
6000 0 0
6001 66.2817 0
6002.01 132.563 0
6003.01 198.845 0
6004.01 265.127 0
6005.02 331.409 0
6006.02 397.69 0
6007.02 463.972 0
6008.03 530.254 0
6009.03 596.535 0
6010.03 662.817 0
6011.04 729.099 0
6012.04 795.38 0
6013.04 861.662 0
6014.05 927.944 0
6015.05 994.226 0
6016.05 1060.51 0
6017.06 1126.79 0
6018.06 1193.07 0
6019.06 1259.35 0
6020.07 1325.63 0
6021.07 1391.92 0
6022.07 1458.2 0
6023.08 1524.48 0
6024.08 1590.76 0
6025.08 1657.04 0
6026.09 1723.32 0
6027.09 1789.61 0
6028.09 1855.89 0
6029.1 1922.17 0
6030.1 1988.45 0
p
26
30
6200 0 0
6195.83 80.3827 0
6191.66 160.765 0
6187.49 241.148 0
6183.32 321.531 0
6179.15 401.913 0
6174.98 482.296 0
6170.8 562.679 0
6166.63 643.061 0
6162.46 723.444 0
6158.29 803.827 0
6154.12 884.21 0
6149.95 964.592 0
6145.78 1044.97 0
6141.61 1125.36 0
6137.44 1205.74 0
6133.27 1286.12 0
6129.1 1366.51 0
6124.93 1446.89 0
6120.76 1527.27 0
6116.58 1607.65 0
6112.41 1688.04 0
6108.24 1768.42 0
6104.07 1848.8 0
6099.9 1929.18 0
6095.73 2009.57 0
6091.56 2089.95 0
6087.39 2170.33 0
6083.22 2250.72 0
6079.05 2331.1 0
6074.88 2411.48 0
p
27
30
6400 0 0
6411.66 82.6921 0
6423.32 165.384 0
6431.92 248.484 0
6435.47 332.066 0
6433.1 415.827 0
6428.52 499.72 0
6422 583.686 0
6414.25 667.686 0
6406.56 751.749 0
6399.96 835.875 0
6395.38 920.031 0
6393.61 1004.14 0
6395.3 1088.09 0
6400.94 1171.69 0
6410.81 1254.78 0
6425.01 1337.17 0
6443.44 1418.69 0
6465.85 1499.25 0
6491.77 1578.83 0
6520.62 1657.49 0
6551.64 1735.41 0
6584 1812.85 0
6616.74 1890.15 0
6648.86 1967.69 0
6679.27 2045.86 0
6706.89 2125 0
6731.08 2205.23 0
6751.77 2286.61 0
6765.23 2369.8 0
6772.97 2453.99 0
p
28
30
6600 0 0
6603.41 74.8262 0
6606.81 149.652 0
6610.36 224.515 0
6612.9 299.481 0
6619.41 374.464 0
6625.67 449.456 0
6632.55 524.515 0
6639.63 599.647 0
6646.5 674.854 0
6653.1 750.103 0
6659.34 825.364 0
6665.22 900.61 0
6670.76 975.824 0
6676 1051 0
6681.02 1126.15 0
6685.87 1201.28 0
6690.61 1276.43 0
6695.31 1351.6 0
6700.01 1426.83 0
6704.75 1502.11 0
6709.56 1577.47 0
6714.48 1652.88 0
6719.56 1728.33 0
6724.85 1803.79 0
6730.44 1879.22 0
6736.44 1954.6 0
6743.04 2029.87 0
6750.46 2105.01 0
6759.02 2179.95 0
6768.78 2254.73 0
p
29
30
6800 0 0
6805.33 88.015 0
6810.67 176.03 0
6816.7 263.976 0
6823.23 351.85 0
6830.65 439.621 0
6838.4 527.398 0
6846.44 615.15 0
6854.58 702.895 0
6862.6 790.65 0
6870.29 878.432 0
6877.43 966.257 0
6883.81 1054.14 0
6889.22 1142.09 0
6893.49 1230.1 0
6896.44 1318.19 0
6897.93 1406.33 0
6897.85 1494.52 0
6896.1 1582.74 0
6892.65 1670.96 0
6887.47 1759.17 0
6880.62 1847.34 0
6872.15 1935.44 0
6862.21 2023.46 0
6850.97 2111.4 0
6838.64 2199.26 0
6825.52 2287.04 0
6811.92 2374.77 0
6797.99 2462.48 0
6783.33 2550.18 0
6768.49 2637.88 0
p
30
30
7000 0 0
7000.59 72.8488 0
7001.18 145.698 0
7001.77 218.546 0
7002.36 291.395 0
7002.95 364.244 0
7003.54 437.093 0
7004.12 509.942 0
7004.71 582.791 0
7005.3 655.639 0
7005.89 728.488 0
7006.48 801.337 0
7007.07 874.186 0
7007.66 947.035 0
7008.25 1019.88 0
7008.84 1092.73 0
7009.43 1165.58 0
7010.02 1238.43 0
7010.61 1311.28 0
7011.2 1384.13 0
7011.78 1456.98 0
7012.37 1529.83 0
7012.96 1602.67 0
7013.55 1675.52 0
7014.14 1748.37 0
7014.73 1821.22 0
7015.32 1894.07 0
7015.91 1966.92 0
7016.5 2039.77 0
7017.09 2112.62 0
7017.68 2185.46 0
p
31
30
7200 0 0
7195.96 72.6308 0
7191.92 145.262 0
7187.88 217.892 0
7183.84 290.523 0
7179.81 363.154 0
7175.77 435.785 0
7171.73 508.416 0
7167.69 581.047 0
7163.65 653.677 0
7159.61 726.308 0
7155.57 798.939 0
7151.53 871.57 0
7147.49 944.201 0
7143.46 1016.83 0
7139.42 1089.46 0
7135.38 1162.09 0
7131.34 1234.72 0
7127.3 1307.35 0
7123.26 1379.99 0
7119.22 1452.62 0
7115.18 1525.25 0
7111.14 1597.88 0
7107.11 1670.51 0
7103.07 1743.14 0
7099.03 1815.77 0
7094.99 1888.4 0
7090.95 1961.03 0
7086.91 2033.66 0
7082.87 2106.29 0
7078.83 2178.92 0
p
32
30
7400 0 0
7404.37 60.0911 0
7408.74 120.182 0
7414.13 180.213 0
7421.36 240.093 0
7431.74 299.609 0
7445.58 358.564 0
7460.58 417.463 0
7476.84 476.152 0
7493.38 535.024 0
7511.23 593.62 0
7529.7 652.203 0
7548.5 710.856 0
7567.22 769.692 0
7585.31 828.845 0
7602.09 888.453 0
7616.66 948.631 0
7627.94 1009.43 0
7634.53 1070.77 0
7634.71 1132.3 0
7628.21 1193.25 -11.5518
7621.12 1254.06 -11.5518
7618.76 1315.06 -11.5518
7621.15 1375.88 -11.5518
7626.74 1436.42 -11.5518
7633.62 1496.73 -11.5518
7640.69 1556.95 0
7647.75 1617.16 0
7654.81 1677.37 0
7661.88 1737.58 0
7668.94 1797.79 0
p
33
30
7600 0 0
7606.79 96.5632 0
7613.58 193.126 0
7611.97 290.203 0
7602.53 387.07 0
7594.34 483.538 0
7611.46 578.304 0
7674.82 655.178 0
7765.67 707.299 0
7861.16 752.33 0
7928.67 826.99 -8.13536
7948.62 921.683 -8.13536
7923.45 1015.63 -8.13536
7860.16 1093.69 0
7761.54 1131.22 0
7670.23 1180.28 11.5518
7621.42 1267.94 11.5518
7617.51 1366.79 11.5518
7646.77 1460.87 11.5518
7703.73 1542.16 11.5518
7778.75 1609.67 0
7863.63 1668.49 0
7951.91 1725.6 0
8036.36 1788.71 0
8106.6 1866.03 -12.1754
8154.56 1958.48 -12.1754
8195.24 2054.65 -12.1754
8217.11 2157.92 0
8227.6 2263.67 -11.9014
8239.21 2369.27 -11.9014
8251.55 2474.64 0
p
34
30
7800 0 0
7793.09 66.1453 0
7786.17 132.291 0
7781.47 198.683 0
7780.97 265.397 0
7788.03 332.185 0
7805.65 397.83 0
7836.13 459.926 0
7868.04 522.046 0
7899.22 585.626 0
7929.14 650.159 0
7953.4 716.67 0
7968.1 784.877 0
7970.98 853.57 8.13536
7966.81 921.803 8.13536
7956.67 989.035 8.13536
7944.28 1055.68 0
7934.51 1122.51 0
7928.29 1189.88 0
7928.68 1257.68 0
7936.86 1325.19 0
7952.98 1391.55 0
7976.21 1456.14 0
8004.99 1518.91 0
8037.22 1580.42 0
8070.47 1641.77 0
8102.09 1704.29 0
8129.83 1768.94 -12.1754
8153.45 1835.73 -12.1754
8173.34 1904.44 -12.1754
8192.61 1973.72 -12.1754
p
35
30
8000 0 0
8002.69 64.0779 0
8005.38 128.156 0
8008.77 192.227 0
8013.46 256.26 0
8019.11 320.304 0
8026.37 384.391 0
8031.14 449.021 0
8037.66 513.494 0
8044.06 578.111 0
8051.51 642.875 0
8059.55 707.787 0
8068.08 772.882 0
8076.9 838.223 0
8086.19 903.889 0
8095.44 969.618 0
8104.63 1035.5 0
8113.68 1101.46 0
8122.47 1167.42 0
8130.86 1233.28 0
8138.66 1298.98 0
8145.6 1364.47 0
8151.35 1429.76 0
8155.57 1494.87 0
8158.01 1559.82 0
8158.59 1624.64 0
8157.64 1689.37 0
8155.42 1754.08 12.1754
8149.48 1818.45 12.1754
8137.54 1881.84 12.1754
8124.24 1944.98 12.1754
p
36
30
8200 0 0
8193.49 66.953 0
8186.98 133.906 0
8181.03 200.908 0
8176.38 268.015 0
8174.87 335.289 0
8179.05 402.548 0
8188.43 469.485 0
8199.19 536.483 0
8210.13 603.781 0
8222.01 671.038 0
8233.77 738.477 0
8245.04 806.107 0
8255.65 873.896 0
8265.93 941.684 0
8274.95 1009.72 0
8282.58 1077.86 0
8288.53 1146.07 0
8292.53 1214.27 0
8294.35 1282.36 0
8293.78 1350.26 0
8290.67 1417.87 0
8284.86 1485.11 0
8276.24 1551.9 0
8264.73 1618.15 0
8250.3 1683.8 0
8232.98 1748.79 0
8212.88 1813.08 12.1754
8190.66 1876.85 12.1754
8167.64 1940.42 12.1754
8142.34 2003.14 12.1754
p
37
30
8400 0 0
8395.62 80.3883 0
8391.25 160.777 0
8387.71 241.207 0
8385.62 321.698 0
8385.85 402.239 0
8388.71 482.767 0
8394.84 563.172 0
8403.07 643.45 0
8413.33 723.563 0
8425.92 803.409 0
8440.32 883.007 0
8456.06 962.394 0
8472.58 1041.65 0
8489.37 1120.86 0
8505.3 1200.24 0
8519.61 1279.9 0
8531.46 1359.92 0
8540.01 1440.32 -7.29298
8544.47 1521.01 -7.29298
8544.15 1601.79 -7.29298
8538.42 1682.37 -7.29298
8526.83 1762.35 -7.29298
8509.04 1841.25 0
8484.92 1918.59 0
8454.48 1993.84 0
8417.96 2066.58 0
8375.73 2136.43 0
8328.33 2203.22 0
8276.41 2266.91 11.9014
8221.22 2328.11 11.9014
p
38
30
8600 0 0
8598.08 82.4045 0
8596.16 164.809 0
8594.24 247.214 0
8592.32 329.618 0
8590.4 412.023 0
8588.48 494.427 0
8586.55 576.832 0
8584.63 659.236 0
8582.71 741.641 0
8580.79 824.045 0
8578.87 906.45 0
8576.95 988.854 0
8575.03 1071.26 0
8573.11 1153.66 0
8571.19 1236.07 0
8569.27 1318.47 0
8567.35 1400.88 7.29298
8565.43 1483.28 7.29298
8563.51 1565.69 7.29298
8561.58 1648.09 7.29298
8559.66 1730.5 7.29298
8557.74 1812.9 0
8555.82 1895.3 0
8553.9 1977.71 0
8551.98 2060.11 0
8550.06 2142.52 0
8548.14 2224.92 0
8546.22 2307.33 0
8544.3 2389.73 0
8542.38 2472.14 0
p
39
30
8800 0 0
8805.86 67.4082 0
8811.73 134.816 0
8818.98 202.102 0
8825.88 269.432 0
8832.48 336.811 0
8838.28 404.288 0
8842.74 471.9 0
8845.24 539.656 0
8845.1 607.519 0
8843.38 675.379 0
8839.88 743.21 0
8834.75 810.975 0
8828.16 878.644 0
8820.25 946.195 0
8811.14 1013.61 0
8800.98 1080.89 0
8789.89 1148.04 0
8777.99 1215.05 0
8765.4 1281.94 -12.9743
8752.91 1348.9 -12.9743
8743.37 1416.25 -12.9743
8737.87 1483.9 -12.9743
8736.34 1551.69 -12.9743
8738.24 1619.49 -12.9743
8742.41 1687.18 -12.9743
8746.99 1754.75 0
8751.58 1822.32 0
8756.16 1889.89 0
8760.74 1957.46 0
8765.33 2025.03 0
p
40
30
9000 0 0
9006.63 80.5688 0
9013.27 161.138 0
9022.38 241.384 0
9032.39 321.582 0
9043.72 401.626 0
9056.07 481.532 0
9068.8 561.368 0
9080.75 641.288 0
9089.94 721.514 0
9092.29 802.278 0
9085.36 882.908 0
9065.61 961.682 0
9030.3 1035.37 0
8980.5 1100.96 0
8921.17 1158.74 0
8862.62 1217.51 0
8810.24 1281.22 12.9743
8770.52 1352.56 12.9743
8744.39 1429.32 12.9743
8735.65 1509.57 12.9743
8745.86 1589.58 12.9743
8772.51 1666.02 12.9743
8811.98 1737.27 0
8861.01 1803.13 0
8912.51 1867.44 0
8960.93 1934.3 12.8105
9010.14 2000.97 12.8105
9060.24 2067.12 12.8105
9110.47 2133.21 0
9160.7 2199.3 0
p
41
30
9200 0 0
9194.68 67.8413 0
9189.36 135.683 0
9184.55 203.772 0
9179.47 271.783 0
9174.42 339.849 0
9169.4 407.998 0
9164.37 476.243 0
9159.17 544.576 0
9153.48 612.946 0
9146.91 681.315 0
9138.97 749.552 0
9129.08 817.519 0
9116.97 885.171 0
9103.41 952.728 0
9089.74 1020.56 0
9075.25 1088 0
9059.42 1155.14 -9.66814
9042.77 1222.11 -9.66814
9025.4 1288.95 -9.66814
9007.5 1355.71 -9.66814
8989.37 1422.49 -9.66814
8971.57 1489.4 -9.66814
8955.27 1556.72 0
8942.7 1624.82 0
8938.11 1693.89 12.8105
8946.05 1762.83 12.8105
8963.91 1830.07 12.8105
8990.65 1894.43 12.8105
9022.98 1956.43 12.8105
9055.89 2018.09 0
p
42
30
9400 0 0
9384.32 68.5246 0
9368.64 137.049 0
9355.25 206.029 0
9342.06 275.078 0
9329.35 344.232 0
9316.7 413.409 0
9303.67 482.52 0
9289.83 551.466 0
9274.76 620.145 0
9258.09 688.409 0
9239.48 756.137 0
9218.68 823.186 0
9195.59 889.428 0
9170.36 954.804 0
9143.81 1019.55 0
9116.99 1084.28 0
9090.85 1149.28 9.66814
9066.36 1214.9 9.66814
9044.35 1281.37 9.66814
9025.46 1348.79 9.66814
9009.96 1417.07 9.66814
8997.78 1486.04 9.66814
8988.38 1555.48 9.66814
8980.78 1625.19 0
8973.58 1694.98 -12.8105
8966.87 1764.94 -12.8105
8967.84 1835.64 -12.8105
8981.43 1905.81 -12.8105
8999.02 1975.51 -12.8105
9016.96 2045.13 -12.8105
p
43
30
9600 0 0
9609.69 76.5735 0
9619.39 153.147 0
9633.16 229.054 0
9653.27 303.703 0
9681 376.179 0
9708.88 448.797 0
9735.6 521.79 0
9757.57 596.087 0
9771.85 671.952 0
9776.51 748.885 0
9771.25 825.86 0
9757.98 902.073 0
9738.25 977.292 0
9704.42 1048.19 0
9651.62 1107.78 0
9582.76 1150.43 0
9509.54 1186.78 0
9436.48 1223.6 0
9369.65 1269.44 0
9316.54 1329.04 0
9283.71 1400.64 0
9275.69 1478.45 0
9291.73 1555.09 0
9326.31 1625.85 0
9371.41 1690.99 0
9418.33 1754.99 0
9457.78 1823.69 -10.9314
9483.93 1898.45 -10.9314
9506.44 1974.52 -10.9314
9525.32 2051.92 -10.9314
p
44
30
9800 0 0
9793.42 63.345 0
9786.84 126.69 0
9783.15 190.391 0
9782.53 254.292 0
9785.3 318.262 0
9789.06 382.26 0
9794.38 446.273 0
9800.44 510.335 0
9806.53 574.483 0
9811.73 638.766 0
9814.85 703.193 0
9814.44 767.655 0
9808.95 831.791 0
9796.91 894.896 0
9779.92 956.81 0
9760.63 1018.18 0
9738.1 1078.44 0
9713.76 1138.18 0
9688.56 1197.77 0
9663.59 1257.7 0
9637.95 1317.57 0
9612.52 1377.78 0
9587.83 1438.54 0
9564.56 1500.06 0
9543.54 1562.55 0
9525.71 1626.11 0
9512.06 1690.71 0
9503.66 1756.13 0
9501.5 1821.94 10.9314
9505.16 1887.55 10.9314
p
45
30
10000 0 0
10000.1 65.8552 0
10000.2 131.71 0
9999.35 197.597 0
9996.05 263.523 0
9987.47 329.281 0
9976.07 394.677 0
9963.34 459.897 0
9949.44 524.941 0
9934.87 589.862 0
9919.88 654.698 0
9904.54 719.491 0
9888.92 784.298 0
9873.14 849.169 0
9857.91 914.28 0
9843.48 979.443 0
9829.48 1044.69 0
9815.74 1109.98 0
9802.09 1175.29 0
9788.38 1240.58 0
9774.49 1305.84 0
9760.35 1371.05 0
9745.87 1436.2 0
9730.94 1501.26 0
9715.39 1566.18 0
9698.88 1630.89 0
9680.87 1695.23 0
9660.48 1758.89 0
9636.33 1821.32 0
9608.39 1882.27 -8.41405
9581.8 1943.68 -8.41405
p
46
30
10200 0 0
10188.8 75.5107 0
10177.6 151.021 0
10167.2 226.633 0
10157.7 302.377 0
10149.3 378.25 0
10140.4 454.065 0
10132.7 530.022 0
10126 606.091 0
10120.8 682.277 0
10117.1 758.556 0
10114.3 834.874 0
10111.4 911.153 0
10106.2 987.264 0
10096.8 1062.9 -12.0736
10083.6 1138.01 -12.0736
10070.4 1212.96 -12.0736
10056.5 1287.7 -12.0736
10040.2 1362.04 -12.0736
10018.7 1435.1 0
9988.07 1505.06 0
9947.7 1570.24 0
9899.02 1629.93 0
9844.44 1684.73 0
9786.91 1736.67 0
9729.62 1788.79 0
9676.08 1844.33 0
9628.51 1904.62 8.41405
9584.83 1967.59 8.41405
9547.8 2034.68 10.9314
9512.59 2102.99 10.9314
p
47
30
10400 0 0
10398.5 90.2414 0
10396.9 180.483 0
10398.3 270.75 0
10403.7 360.935 0
10413.6 450.816 0
10421.9 540.802 0
10423.7 631.124 0
10414.4 721.019 0
10389.5 808.233 0
10345.1 888.325 0
10279.9 954.964 0
10206 1012.72 0
10137.7 1076.23 12.0736
10085.9 1152.19 12.0736
10056.7 1238.08 12.0736
10055 1328.15 12.0736
10082.8 1414.19 12.0736
10137.9 1487.57 0
10210.9 1545.97 0
10291.4 1595.85 0
10369.5 1648.73 0
10434.5 1715.03 0
10473.3 1797.56 0
10480.5 1887.65 0
10477.7 1978.13 0
10475.5 2068.92 0
10474 2159.79 0
10472.5 2250.67 0
10471.1 2341.54 0
10469.6 2432.42 0
p
48
30
10600 0 0
10598.4 60.8942 0
10596.9 121.788 0
10595.4 182.714 0
10593.9 243.662 0
10592.5 304.632 0
10590.8 365.611 0
10588.8 426.601 0
10586.6 487.606 0
10584.1 548.636 0
10581.2 609.713 0
10580.6 671.062 0
10577 732.709 0
10579.6 794.982 0
10574.5 858.806 0
10572.3 923.088 0
10570.2 987.954 0
10568.1 1052.79 0
10565.7 1117.07 0
10563.5 1180.58 0
10561.2 1243.46 0
10558.6 1306.13 0
10555.7 1369.12 0
10552.5 1432.87 0
10548.9 1497.54 0
10544.9 1562.93 0
10540.5 1628.56 0
10535.6 1693.79 0
10529.7 1758.08 0
10521.3 1821.03 0
10509.5 1882.23 0
p
49
30
10800 0 0
10785.4 66.7464 0
10770.8 133.493 0
10756.4 200.266 0
10742.3 267.105 0
10728.6 334.038 0
10715.2 401.005 0
10702.1 468.039 0
10689.4 535.164 0
10677.5 602.42 0
10666.7 669.874 0
10658.1 737.663 0
10655 805.931 0
10660.9 874.299 0
10676.4 941.489 0
10696 1008.08 0
10718.3 1074.23 0
10739.9 1140.71 0
10757.8 1208.16 0
10770 1276.61 0
10774.3 1345.65 0
10769.7 1414.35 0
10756 1481.57 0
10733.9 1546.42 0
10705 1608.47 0
10671.2 1668.07 0
10634.9 1726.21 0
10598.6 1784.4 0
10564.9 1844.3 0
10535.2 1906.47 0
10505.8 1969.06 0
p
50
30
11000 0 0
11006.8 71.3727 0
11013.6 142.745 0
11021 214.063 0
11029.1 285.302 0
11038 356.446 0
11046.9 427.612 0
11055.3 498.827 0
11063.1 570.133 0
11069.9 641.552 0
11075.6 713.073 0
11081.2 784.609 0
11084.4 856.325 0
11084.9 928.143 0
11082 999.949 0
11075 1071.54 0
11063.4 1142.6 0
11046.8 1212.77 0
11024.9 1281.6 0
10997.6 1348.62 0
10964.8 1413.29 0
10928.1 1476.07 0
10888 1536.87 0
10845 1595.89 0
10799.7 1653.36 0
10752.6 1709.57 0
10704.2 1764.82 0
10654.9 1819.43 0
10605.1 1873.73 -27.8678
10554.8 1927.7 -27.8678
10503.2 1980.5 -27.8678
p
51
30
11200 0 0
11191.3 81.0017 0
11182.5 162.003 0
11174.9 243.113 0
11168.6 324.357 0
11164.3 405.743 0
11161.5 487.215 0
11160.3 568.754 0
11160.9 650.325 0
11163.2 731.886 0
11167.9 813.37 0
11177.2 894.547 0
11187.1 975.665 0
11197.2 1056.8 0
11205.6 1138.1 0
11210.2 1219.65 0
11208.9 1301.25 0
11199.5 1382.24 0
11180.2 1461.46 0
11149.8 1537.21 0
11108 1607.55 0
11056 1671.19 0
10995.3 1727.17 0
10927.8 1775.58 0
10855.6 1817.59 0
10780.9 1855.38 0
10705.3 1891.97 0
10630.9 1930.89 0
10559.4 1974.49 27.0916
10489.4 2020.74 27.0916
10419.8 2067.59 27.0916
p
52
30
11400 0 0
11401.9 72.1803 0
11403.9 144.361 0
11405.8 216.541 0
11407.7 288.721 0
11409.7 360.901 0
11411.6 433.082 0
11413.6 505.262 0
11415.5 577.442 0
11417.4 649.623 0
11419.4 721.803 0
11421.3 793.983 -14.0786
11423.2 866.163 -14.0786
11425.2 938.344 -14.0786
11427.1 1010.52 -14.0786
11429 1082.7 -14.0786
11431 1154.88 -14.0786
11432.9 1227.06 -14.0786
11434.8 1299.25 -14.0786
11436.8 1371.43 -14.0786
11438.7 1443.61 -14.0786
11440.7 1515.79 -14.0786
11442.6 1587.97 0
11444.5 1660.15 0
11446.5 1732.33 0
11448.4 1804.51 0
11450.3 1876.69 0
11452.3 1948.87 0
11454.2 2021.05 0
11456.1 2093.23 0
11458.1 2165.41 0
p
53
30
11600 0 0
11598.4 82.2792 0
11596.8 164.558 0
11592.1 246.753 0
11582.9 328.655 0
11566.8 409.696 0
11544.5 489.47 0
11520.5 569.032 0
11496.3 648.672 0
11472.5 728.537 0
11451.3 809.019 14.0786
11433.8 890.251 14.0786
11421.1 972.189 14.0786
11414.2 1054.62 14.0786
11413.4 1137.22 14.0786
11419 1219.58 14.0786
11430.8 1301.33 14.0786
11448.4 1382.17 14.0786
11471 1461.95 14.0786
11497.5 1540.69 0
11526.9 1618.61 0
11557.7 1696.09 0
11588.5 1773.58 0
11617.9 1851.62 0
11644.2 1930.64 0
11666.5 2010.76 0
11685.6 2091.78 0
11701.9 2173.42 0
11717.4 2255.28 0
11732.7 2337.13 0
11748.1 2418.97 0
p
54
30
11800 0 0
11791.7 67.0542 0
11783.4 134.108 0
11775.5 201.288 0
11769.3 268.731 0
11763 336.267 0
11761.4 404.472 0
11759.5 472.655 0
11758.2 541.044 0
11756.5 609.561 0
11754.3 678.148 0
11751.6 746.728 0
11748.5 815.236 0
11744.9 883.628 0
11741 951.895 0
11736.9 1020.06 0
11732.7 1088.15 0
11728.4 1156.25 0
11724 1224.41 0
11719.7 1292.68 0
11715.2 1361.09 0
11710.8 1429.64 0
11706.4 1498.32 0
11702.2 1567.08 0
11698.2 1635.89 0
11694.9 1704.68 0
11692.7 1773.44 0
11692.5 1842.13 0
11694.8 1910.72 0
11699.7 1979.16 0
11707.8 2047.25 0
p
55
30
12000 0 0
11998.3 74.2814 0
11996.7 148.563 0
11994.5 222.787 0
11991.3 296.958 0
11987.5 371.1 0
11982.2 445.215 0
11975.9 519.242 0
11968.3 593.176 0
11959.7 667.009 0
11950.2 740.745 0
11940.1 814.399 0
11929.6 887.999 0
11918.9 961.584 0
11907.7 1035.09 -7.44496
11895.5 1108.48 -7.44496
11882.5 1181.75 -7.44496
11868.7 1254.89 -7.44496
11854 1327.88 -7.44496
11838.5 1400.7 -7.44496
11822 1473.3 0
11804.8 1545.74 0
11787.1 1618.04 0
11769.3 1690.32 0
11751.9 1762.67 0
11735.4 1835.23 0
11720.6 1908.12 -26.2727
11709.6 1981.65 -26.2727
11703.8 2055.9 -26.2727
11699.9 2130.32 -26.2727
11696 2204.67 -26.2727
p
56
30
12200 0 0
12183.9 74.5026 0
12167.8 149.005 0
12152.1 223.559 0
12136.5 298.143 0
12118.5 372.148 0
12099.2 445.779 0
12079 519.252 0
12058.1 592.535 0
12036.7 665.711 0
12015.3 738.867 0
11994.1 812.083 0
11973.4 885.427 0
11953.4 958.944 0
11934.4 1032.69 7.44496
11916.9 1106.82 7.44496
11901.3 1181.36 7.44496
11887.5 1256.28 7.44496
11875.7 1331.54 7.44496
11865.5 1407.07 7.44496
11856.8 1482.8 0
11848.7 1558.61 0
11840.5 1634.4 0
11831.3 1710.06 0
11820.4 1785.47 0
11807.2 1860.51 0
11791.6 1935.05 0
11773.6 2009.07 0
11754 2082.65 0
11733.1 2155.92 26.5125
11710.4 2228.73 26.5125
p
57
30
12400 0 0
12408.6 74.0313 0
12417.2 148.063 0
12425.4 222.139 0
12433.5 296.231 0
12441.4 370.348 0
12449 444.492 0
12456.4 518.664 0
12463.5 592.864 0
12470.3 667.093 0
12476.8 741.35 0
12483 815.635 0
12489 889.949 0
12494.5 964.29 0
12499.8 1038.66 0
12504.8 1113.04 0
12509.6 1187.44 0
12514.3 1261.85 0
12519 1336.27 0
12523.6 1410.68 0
12528.3 1485.1 0
12533.1 1559.5 0
12538.1 1633.9 0
12543.3 1708.28 0
12548.7 1782.64 0
12554.6 1856.97 0
12560.8 1931.26 0
12567.5 2005.52 0
12574.7 2079.72 0
12582.5 2153.87 0
12590.8 2227.95 0
p
58
30
12600 0 0
12599.3 73.4518 0
12598.7 146.904 0
12597.9 220.362 0
12597.3 293.817 0
12596.7 367.274 0
12596.3 440.732 0
12596 514.191 0
12595.9 587.652 0
12596 661.115 0
12596.4 734.578 0
12597.1 808.041 0
12598.1 881.503 0
12599.6 954.961 0
12601.5 1028.41 0
12603.6 1101.86 0
12605.9 1175.31 0
12608.3 1248.76 0
12610.8 1322.21 0
12613.2 1395.66 0
12615.6 1469.12 0
12617.7 1542.59 0
12619.6 1616.06 0
12621.2 1689.55 0
12622.4 1763.04 0
12623.1 1836.54 0
12623.2 1910.04 0
12622.6 1983.54 0
12621.3 2057.04 0
12619.2 2130.51 -5.82032
12616.3 2203.96 -5.82032
p
59
30
12800 0 0
12800.4 79.1451 0
12800.8 158.29 0
12801.2 237.428 0
12801.4 316.571 0
12801.3 395.715 0
12800.8 474.858 0
12799.8 553.998 0
12798.1 633.13 0
12795.7 712.246 0
12792.5 791.337 0
12788.6 870.401 0
12784 949.431 0
12778.6 1028.42 0
12772.6 1107.38 0
12766 1186.28 0
12758.7 1265.15 0
12750.9 1343.97 0
12742.6 1422.74 0
12733.7 1501.46 0
12724.4 1580.14 0
12714.7 1658.78 0
12704.6 1737.37 0
12694.1 1815.93 0
12683.4 1894.46 0
12672.4 1972.96 0
12661.2 2051.43 0
12649.9 2129.88 5.82032
12638.5 2208.32 5.82032
12627 2286.75 5.82032
12615.5 2365.19 0
p
60
30
13000 0 0
12992.4 80.718 0
12984.7 161.436 0
12976.3 242.101 0
12967.9 322.746 0
12959.1 403.366 0
12950.2 483.966 0
12941.1 564.546 0
12931.9 645.105 0
12922.4 725.641 0
12912.7 806.15 0
12902.9 886.636 0
12892.8 967.092 0
12882.4 1047.51 0
12871.7 1127.9 0
12860.8 1208.24 0
12849.5 1288.54 0
12837.8 1368.78 0
12825.8 1448.96 0
12813.3 1529.08 0
12800.3 1609.13 0
12786.8 1689.1 0
12772.7 1768.96 0
12758 1848.73 0
12742.5 1928.37 0
12726.4 2007.87 0
12709.4 2087.21 0
12691.6 2166.38 0
12672.8 2245.36 0
12653.3 2324.17 0
12633.6 2402.96 0
p
61
30
13200 0 0
13201.5 80.048 0
13203.1 160.096 0
13204.6 240.144 0
13206.2 320.192 0
13207.7 400.24 0
13209.3 480.288 0
13210.8 560.336 0
13212.3 640.384 0
13213.9 720.432 0
13215.4 800.48 0
13217 880.528 0
13218.5 960.576 0
13220 1040.62 0
13221.6 1120.67 0
13223.1 1200.72 0
13224.7 1280.77 0
13226.2 1360.82 0
13227.8 1440.86 0
13229.3 1520.91 0
13230.8 1600.96 0
13232.4 1681.01 0
13233.9 1761.06 0
13235.5 1841.1 0
13237 1921.15 0
13238.5 2001.2 0
13240.1 2081.25 0
13241.6 2161.3 0
13243.2 2241.34 0
13244.7 2321.39 0
13246.3 2401.44 0
p
62
30
13400 0 0
13398.5 76.546 0
13397 153.092 0
13395.5 229.638 0
13394 306.184 0
13392.5 382.73 0
13391 459.276 0
13389.5 535.822 0
13388.1 612.368 0
13386.6 688.914 0
13385.1 765.46 0
13383.6 842.006 0
13382.1 918.552 0
13380.6 995.098 0
13379.1 1071.64 0
13377.6 1148.19 0
13376.1 1224.74 0
13374.6 1301.28 0
13373.1 1377.83 0
13371.6 1454.37 0
13370.1 1530.92 0
13368.6 1607.47 0
13367.1 1684.01 0
13365.7 1760.56 0
13364.2 1837.1 0
13362.7 1913.65 0
13361.2 1990.2 0
13359.7 2066.74 0
13358.2 2143.29 0
13356.7 2219.83 0
13355.2 2296.38 0
p
63
30
13600 0 0
13616.9 69.7007 0
13633.9 139.401 0
13650.1 209.273 0
13665.5 279.339 0
13679.8 349.647 0
13692.8 420.226 0
13704.3 491.085 0
13714.1 562.216 0
13722.1 633.592 0
13728.3 705.177 0
13732.6 776.926 0
13735.1 848.791 0
13735.7 920.722 0
13734.4 992.669 0
13731.3 1064.59 0
13726.4 1136.43 0
13719.7 1208.15 0
13711.1 1279.69 0
13700.6 1351 0
13688 1422.01 0
13674.4 1492.84 0
13659.7 1563.49 0
13644.4 1634.01 0
13628.6 1704.46 0
13612.7 1774.88 0
13597 1845.32 0
13581.6 1915.84 0
13567 1986.49 0
13553.4 2057.33 0
13540.9 2128.33 0
p
64
30
13800 0 0
13802.7 73.9912 0
13805.4 147.982 0
13808.1 221.974 0
13810.7 295.967 0
13813.2 369.964 0
13815.4 443.968 0
13817.3 517.98 0
13818.8 592.002 0
13819.7 666.033 0
13820 740.071 0
13819.4 814.109 0
13817.9 888.138 0
13815.3 962.142 0
13811.6 1036.1 0
13806.5 1110 0
13800.1 1183.8 0
13792.3 1257.47 0
13783 1330.99 0
13772.2 1404.32 0
13760 1477.44 0
13746.1 1550.3 0
13730.6 1622.84 0
13713.3 1695.03 0
13694.4 1766.82 0
13673.7 1838.16 0
13651.4 1909.01 0
13627.4 1979.35 0
13601.8 2049.16 0
13574.8 2118.5 0
13547.5 2187.7 0
p
65
30
14000 0 0
13998.3 69.5601 0
13996.5 139.12 0
13994.8 208.68 0
13993 278.24 0
13991.3 347.801 0
13989.5 417.361 0
13987.8 486.921 0
13986.1 556.481 0
13984.3 626.041 0
13982.6 695.601 0
13980.8 765.161 0
13979.1 834.721 0
13977.3 904.281 0
13975.6 973.841 0
13973.9 1043.4 0
13972.1 1112.96 0
13970.4 1182.52 0
13968.6 1252.08 0
13966.9 1321.64 0
13965.1 1391.2 0
13963.4 1460.76 0
13961.7 1530.32 0
13959.9 1599.88 0
13958.2 1669.44 0
13956.4 1739 0
13954.7 1808.56 0
13952.9 1878.12 0
13951.2 1947.68 0
13949.5 2017.24 0
13947.7 2086.8 0
p
66
30
14200 0 0
14195.3 73.1523 0
14190.7 146.305 0
14186 219.457 0
14181.4 292.609 0
14176.7 365.762 0
14172.1 438.914 0
14167.4 512.066 0
14162.8 585.218 0
14158.1 658.371 0
14153.5 731.523 0
14148.8 804.675 0
14144.2 877.828 0
14139.5 950.98 0
14134.8 1024.13 0
14130.2 1097.28 0
14125.5 1170.44 0
14120.9 1243.59 0
14116.2 1316.74 0
14111.6 1389.89 0
14106.9 1463.05 0
14102.3 1536.2 0
14097.6 1609.35 0
14093 1682.5 0
14088.3 1755.66 0
14083.7 1828.81 0
14079 1901.96 0
14074.3 1975.11 0
14069.7 2048.26 0
14065 2121.42 0
14060.4 2194.57 0
p
67
30
14400 0 0
14408.3 79.9659 0
14416.5 159.932 0
14424.8 239.898 0
14433 319.864 0
14441.3 399.829 0
14449.6 479.795 0
14457.8 559.761 0
14466.1 639.727 0
14474.3 719.693 0
14482.6 799.659 0
14490.9 879.625 0
14499.1 959.591 0
14507.4 1039.56 0
14515.6 1119.52 0
14523.9 1199.49 0
14532.2 1279.45 0
14540.4 1359.42 0
14548.7 1439.39 0
14556.9 1519.35 0
14565.2 1599.32 0
14573.5 1679.28 0
14581.7 1759.25 0
14590 1839.22 0
14598.2 1919.18 0
14606.5 1999.15 0
14614.8 2079.11 0
14623 2159.08 0
14631.3 2239.04 0
14639.5 2319.01 0
14647.8 2398.98 0
p
68
30
14600 0 0
14603.9 72.0889 0
14607.8 144.178 0
14611.7 216.267 0
14615.6 288.356 0
14619.6 360.445 0
14623.5 432.534 0
14627.4 504.622 0
14631.3 576.711 0
14635.2 648.8 0
14639.1 720.889 0
14643 792.978 0
14646.9 865.067 0
14650.8 937.156 0
14654.8 1009.24 0
14658.7 1081.33 0
14662.6 1153.42 0
14666.5 1225.51 0
14670.4 1297.6 0
14674.3 1369.69 0
14678.2 1441.78 0
14682.1 1513.87 0
14686.1 1585.96 0
14690 1658.05 0
14693.9 1730.13 0
14697.8 1802.22 0
14701.7 1874.31 0
14705.6 1946.4 0
14709.5 2018.49 0
14713.4 2090.58 0
14717.3 2162.67 0
p
69
30
14800 0 0
14801.9 67.2885 0
14803.7 134.577 0
14805.6 201.865 0
14807.5 269.154 0
14809.3 336.442 0
14811.2 403.731 0
14813 471.019 0
14814.9 538.308 0
14816.8 605.596 0
14818.6 672.885 0
14820.5 740.173 0
14822.4 807.462 0
14824.2 874.75 0
14826.1 942.039 0
14827.9 1009.33 0
14829.8 1076.62 0
14831.7 1143.9 0
14833.5 1211.19 0
14835.4 1278.48 0
14837.3 1345.77 0
14839.1 1413.06 0
14841 1480.35 0
14842.9 1547.63 0
14844.7 1614.92 0
14846.6 1682.21 0
14848.4 1749.5 0
14850.3 1816.79 0
14852.2 1884.08 0
14854 1951.37 0
14855.9 2018.65 0
p
70
30
15000 0 0
14996.4 71.9016 0
14992.8 143.803 0
14989.2 215.705 0
14985.6 287.607 0
14981.9 359.508 0
14978.3 431.41 0
14974.7 503.311 0
14971.1 575.213 0
14967.5 647.115 0
14963.9 719.016 0
14960.3 790.918 0
14956.7 862.82 0
14953.1 934.721 0
14949.5 1006.62 0
14945.8 1078.52 0
14942.2 1150.43 0
14938.6 1222.33 0
14935 1294.23 0
14931.4 1366.13 0
14927.8 1438.03 0
14924.2 1509.93 0
14920.6 1581.84 0
14917 1653.74 0
14913.4 1725.64 0
14909.7 1797.54 0
14906.1 1869.44 0
14902.5 1941.34 0
14898.9 2013.25 0
14895.3 2085.15 0
14891.7 2157.05 0
p
71
30
15200 0 0
15201.5 82.6236 0
15202.9 165.247 0
15204.4 247.871 0
15205.8 330.494 0
15207.3 413.118 0
15208.7 495.741 0
15210.2 578.365 0
15211.7 660.989 0
15213.1 743.612 0
15214.6 826.236 0
15216 908.859 0
15217.5 991.483 0
15218.9 1074.11 0
15220.4 1156.73 0
15221.8 1239.35 0
15223.3 1321.98 0
15224.8 1404.6 0
15226.2 1487.22 0
15227.7 1569.85 0
15229.1 1652.47 0
15230.6 1735.09 0
15232 1817.72 0
15233.5 1900.34 0
15235 1982.97 0
15236.4 2065.59 0
15237.9 2148.21 0
15239.3 2230.84 0
15240.8 2313.46 0
15242.2 2396.08 0
15243.7 2478.71 0
p
72
30
15400 0 0
15408.4 75.7843 0
15416.7 151.569 0
15422.1 227.478 0
15427.5 303.491 0
15432.7 379.552 0
15438 455.617 0
15443.6 531.663 0
15449.8 607.654 0
15456.8 683.557 0
15464.8 759.347 0
15473.8 835 0
15483.9 910.498 0
15495.2 985.829 0
15507.5 1060.99 0
15521 1135.97 0
15535.5 1210.79 0
15550.8 1285.45 0
15566.9 1359.98 0
15583.5 1434.4 0
15600.5 1508.76 0
15617.6 1583.1 0
15634.5 1657.46 0
15651 1731.9 0
15666.7 1806.5 0
15681.6 1881.27 -14.1421
15696.4 1956.09 -14.1421
15711.7 2030.88 -14.1421
15727.1 2105.64 -14.1421
15742.6 2180.4 -14.1421
15758 2255.18 0
p
73
30
15600 0 0
15601.5 71.888 0
15603 143.776 0
15604.6 215.738 0
15606.5 287.66 0
15608.6 359.578 0
15611.1 431.49 0
15613.8 503.403 0
15616.6 575.318 0
15619.5 647.239 0
15622.6 719.165 0
15625.8 791.094 0
15629.3 863.022 0
15633.1 934.941 0
15637.3 1006.84 0
15642 1078.71 0
15647.3 1150.54 0
15653.4 1222.3 0
15660.4 1293.98 0
15668.5 1365.55 0
15677.9 1436.99 0
15688.7 1508.28 -14.1421
15700.7 1579.41 -14.1421
15711.9 1650.66 -14.1421
15721.3 1722.19 -14.1421
15728.9 1793.93 -14.1421
15736.5 1865.67 -14.1421
15744.8 1937.34 -14.1421
15753.1 2008.95 -14.1421
15761.5 2080.51 -14.1421
15769.8 2152.06 0
p
74
30
15800 0 0
15801.5 61.1781 0
15803.1 122.356 0
15796.6 184.214 0
15789.1 245.811 0
15779.4 307.274 0
15768.7 368.671 0
15757.7 429.986 0
15746.9 491.244 0
15736.8 552.476 0
15727.8 613.713 0
15720.2 674.985 0
15714.1 736.317 0
15709.6 797.731 0
15706.8 859.242 0
15705.5 920.86 0
15705.7 982.589 0
15707.1 1044.43 0
15709.6 1106.36 0
15712.8 1168.38 0
15716.4 1230.47 0
15720 1292.58 0
15723.2 1354.7 0
15725.5 1416.77 0
15726.4 1478.75 0
15725.7 1540.62 14.1421
15723.8 1602.39 14.1421
15720.8 1664.06 14.1421
15716.4 1725.57 14.1421
15711.1 1786.97 14.1421
15705.7 1848.33 14.1421
p
75
30
16000 0 0
15994.7 76.5519 0
15989.5 153.104 0
15986.1 229.746 0
15984.8 306.344 0
15983.7 383.029 0
15982.9 459.738 0
15981.9 536.447 0
15980.3 613.134 0
15977.4 689.771 0
15973.1 766.321 0
15967 842.743 0
15959 918.992 0
15948.8 995.021 0
15936.6 1070.79 0
15922.3 1146.27 0
15906 1221.45 -5.01724
15887.9 1296.32 -5.01724
15868.4 1370.92 -5.01724
15847.6 1445.28 -5.01724
15826 1519.5 -5.01724
15804.1 1593.64 0
15782.2 1667.84 0
15761.1 1742.2 14.1421
15741.1 1816.86 14.1421
15722.7 1891.89 14.1421
15706.9 1967.42 14.1421
15693.7 2043.26 14.1421
15682.9 2119.39 14.1421
15674.1 2195.77 -14.1421
15666.3 2272.25 -14.1421
p
76
30
16200 0 0
16187.1 75.4878 0
16174.3 150.976 0
16166.2 226.976 0
16155.5 302.869 0
16144.2 378.67 0
16131.7 454.298 0
16117.8 529.663 0
16102.3 604.72 0
16085.3 679.461 0
16067.1 753.905 0
16047.6 828.067 0
16027.1 902 0
16006.1 975.764 0
15984.6 1049.43 0
15963 1123.06 0
15941.6 1196.72 5.01724
15920.5 1270.48 5.01724
15900.1 1344.38 5.01724
15880.4 1418.45 5.01724
15861.5 1492.7 5.01724
15843.4 1567.14 0
15826 1641.75 0
15809.2 1716.49 0
15792.8 1791.32 0
15776.4 1866.17 14.1421
15759.9 1941.03 14.1421
15743.5 2016 14.1421
15727 2091.01 14.1421
15710.3 2166.01 14.1421
15693.2 2240.93 14.1421
p
77
30
16400 0 0
16405.1 79.9949 0
16410.2 159.99 0
16415.3 239.985 0
16420.4 319.98 0
16425.4 399.974 0
16430.5 479.969 0
16435.6 559.964 0
16440.7 639.959 0
16445.8 719.954 0
16450.9 799.949 0
16456 879.944 0
16461.1 959.939 0
16466.2 1039.93 0
16471.3 1119.93 0
16476.3 1199.92 0
16481.4 1279.92 0
16486.5 1359.91 0
16491.6 1439.91 0
16496.7 1519.9 0
16501.8 1599.9 0
16506.9 1679.89 0
16512 1759.89 0
16517.1 1839.88 0
16522.2 1919.88 0
16527.2 1999.87 0
16532.3 2079.87 0
16537.4 2159.86 0
16542.5 2239.86 0
16547.6 2319.85 0
16552.7 2399.85 0
p
78
30
16600 0 0
16609.2 79.0682 0
16618.4 158.136 0
16615.3 238.173 0
16613.3 318.472 0
16609.6 399.076 0
16605.7 479.822 0
16602.6 560.557 0
16601.2 641.142 0
16602 721.457 0
16605.6 801.405 0
16612.1 880.915 0
16621.6 959.944 0
16634.1 1038.48 0
16649.3 1116.52 0
16667.1 1194.12 0
16687 1271.32 0
16708.6 1348.21 0
16731.3 1424.89 0
16754.5 1501.44 0
16777.8 1578.01 0
16800.5 1654.68 0
16821.9 1731.6 0
16841.5 1808.85 0
16858.8 1886.55 0
16873.7 1964.78 0
16887.2 2043.23 0
16899.8 2121.9 0
16913.6 2200.44 0
16927.6 2278.95 0
16941.7 2357.45 0
p
79
30
16800 0 0
16804 65.9857 0
16807.9 131.971 0
16813.7 198.43 0
16819.7 264.62 0
16825.9 330.772 0
16832.3 396.913 0
16838.7 463.056 0
16844.9 529.214 0
16851 595.398 0
16856.7 661.619 0
16862.1 727.888 0
16867 794.214 0
16871.3 860.61 0
16875.1 927.069 0
16878.4 993.601 0
16881 1060.21 0
16882.8 1126.89 0
16884 1193.65 0
16884.6 1260.47 0
16884.5 1327.36 0
16883.9 1394.3 0
16883 1461.27 0
16882 1528.26 0
16881.2 1595.23 0
16881 1662.15 0
16881.9 1728.98 0
16884.6 1795.64 0
16889.7 1862.04 0
16897.7 1928.07 0
16906.7 1993.88 0
s	0
22 30 52 59 
22 23 24 25 26 27 28 29 30 52 53 54 55 56 57 58 59 
b
2 0
0.783099 0.394383 0.840188
23 0 0 2
24 0 0 2
25 0 0 3
26 0 0 3
27 0 0 2
28 0 0 2
29 0 0 1
53 0 0 1
54 0 0 3
55 0 0 3
56 0 0 3
57 0 0 3
58 0 0 2
g
0
0.3 2 0 0 1 2 0 2 4
t
2
0
939.541 1828.2 100
939.541 1828.2 -100
a
4
0
30 21 59 51 
1 24 1 53 0 54 0 55 0 2640 0.5 2641 0.5 
1 25 1 54 0 55 0 56 0 2640 0.5 2641 0.5 
1 26 1 55 0 56 0 57 0 2640 0.5 2641 0.5 
1 22 1 53 0 52 0 2640 0.5 2641 0.5 
1 23 1 53 0 54 0 2640 0.5 2641 0.5 
1 27 1 56 0 57 0 2640 0.5 2641 0.5 
1 28 1 57 0 58 0 2640 0.5 2641 0.5 
1 29 1 58 0 2640 0.5 2641 0.5 
2 53 1 24 0 22 0 23 0 2640 0.5 2641 0.5 
2 54 1 24 0 25 0 23 0 2640 0.5 2641 0.5 
2 55 1 24 0 25 0 26 0 2640 0.5 2641 0.5 
2 56 1 25 0 26 0 27 0 2640 0.5 2641 0.5 
2 57 1 26 0 27 0 28 0 2640 0.5 2641 0.5 
2 58 1 28 0 29 0 2640 0.5 2641 0.5 
2 52 1 22 0 2640 0.5 2641 0.5 
0 2640 7.5 24 0.5 25 0.5 26 0.5 22 0.5 23 0.5 27 0.5 28 0.5 29 0.5 53 0.5 54 0.5 55 0.5 56 0.5 57 0.5 58 0.5 52 0.5 
0 2641 7.5 24 0.5 25 0.5 26 0.5 22 0.5 23 0.5 27 0.5 28 0.5 29 0.5 53 0.5 54 0.5 55 0.5 56 0.5 57 0.5 58 0.5 52 0.5 
NanList DIR 0
d
51
0 0 -13.2961 0 0 -13.2961 0 0 -13.2961 0 0 -13.2961 0 0 -13.2961 0 0 -13.2961 0 0 -13.2961 0 0 -13.2961 0 0 13.2961 0 0 13.2961 0 0 13.2961 0 0 13.2961 0 0 13.2961 0 0 13.2961 0 0 13.2961 0 0 0 0 0 0 
s	1
95 97 128 130 
95 96 97 128 129 130 
b
2 0
0.197551 0.911647 0.79844
96 0 0 1
129 0 0 1
g
0
0.3 2 0 0 1 2 0 2 4
t
2
2
1474.39 2347.5 100
1474.39 2347.5 -100
a
4
4
97 94 130 127 
1 95 1 129 0 128 0 2640 0.5 2641 0.5 
1 96 1 129 0 2640 0.5 2641 0.5 
2 129 1 95 0 96 0 2640 0.5 2641 0.5 
2 128 1 95 0 2640 0.5 2641 0.5 
0 2640 2 95 0.5 96 0.5 129 0.5 128 0.5 
0 2641 2 95 0.5 96 0.5 129 0.5 128 0.5 
NanList DIR 0
d
18
0 0 -0.730424 0 0 -0.730424 0 0 0.730424 0 0 0.730424 0 0 0 0 0 0 
s	2
224 228 290 294 
224 225 226 227 228 290 291 292 293 294 
b
2 0
0.277775 0.76823 0.335223
225 0 0 2
226 0 0 2
227 0 0 2
291 0 0 2
292 0 0 3
293 0 0 1
g
0
0.3 2 0 0 1 2 0 2 4
t
2
4
2321.55 2289.85 100
2321.55 2289.85 -100
a
3
8
228 223 294 
1 225 1 291 0 292 0 290 0 2640 0.5 2641 0.5 
1 224 1 291 0 290 0 2640 0.5 2641 0.5 
1 226 1 291 0 292 0 2640 0.5 2641 0.5 
1 227 1 292 0 293 0 2640 0.5 2641 0.5 
2 291 1 225 0 224 0 226 0 2640 0.5 2641 0.5 
2 292 1 225 0 226 0 227 0 2640 0.5 2641 0.5 
2 290 1 225 0 224 0 2640 0.5 2641 0.5 
2 293 1 227 0 2640 0.5 2641 0.5 
0 2640 4 225 0.5 224 0.5 226 0.5 227 0.5 291 0.5 292 0.5 290 0.5 293 0.5 
0 2641 4 225 0.5 224 0.5 226 0.5 227 0.5 291 0.5 292 0.5 290 0.5 293 0.5 
NanList DIR 0
d
30
0 0 -12.7531 0 0 -12.7531 0 0 -12.7531 0 0 -12.7531 0 0 12.7531 0 0 12.7531 0 0 12.7531 0 0 12.7531 0 0 0 0 0 0 
s	3
260 262 288 290 
260 261 262 288 289 290 
b
2 0
0.628871 0.477397 0.55397
261 0 0 1
289 0 0 1
g
0
0.3 2 0 0 1 2 0 2 4
t
2
6
2383.14 2022.3 100
2383.14 2022.3 -100
a
4
11
262 259 290 287 
1 261 1 288 0 289 0 2640 0.5 2641 0.5 
1 260 1 288 0 2640 0.5 2641 0.5 
2 288 1 261 0 260 0 2640 0.5 2641 0.5 
2 289 1 261 0 2640 0.5 2641 0.5 
0 2640 2 261 0.5 260 0.5 288 0.5 289 0.5 
0 2641 2 261 0.5 260 0.5 288 0.5 289 0.5 
NanList DIR 0
d
18
0 0 -5.12109 0 0 -5.12109 0 0 5.12109 0 0 5.12109 0 0 0 0 0 0 
s	4
274 282 309 319 
274 275 276 277 278 279 280 281 282 309 310 311 312 313 314 315 316 317 318 319 
b
2 0
0.95223 0.513401 0.364784
275 0 0 2
276 0 0 2
277 0 0 3
278 0 0 3
279 0 0 3
280 0 0 3
281 0 0 2
310 0 0 1
311 0 0 2
312 0 0 2
313 0 0 2
314 0 0 3
315 0 0 3
316 0 0 2
317 0 0 2
318 0 0 1
g
0
0.3 2 0 0 1 2 0 2 4
t
2
8
2753.2 1163.5 100
2753.2 1163.5 -100
a
4
15
282 273 319 308 
1 275 1 312 0 310 0 311 0 2640 0.5 2641 0.5 
1 276 1 312 0 313 0 311 0 2640 0.5 2641 0.5 
1 277 1 312 0 313 0 314 0 2640 0.5 2641 0.5 
1 278 1 313 0 314 0 315 0 2640 0.5 2641 0.5 
1 279 1 314 0 315 0 316 0 2640 0.5 2641 0.5 
1 280 1 315 0 316 0 317 0 2640 0.5 2641 0.5 
1 274 1 310 0 309 0 2640 0.5 2641 0.5 
1 281 1 317 0 318 0 2640 0.5 2641 0.5 
2 312 1 275 0 276 0 277 0 2640 0.5 2641 0.5 
2 313 1 276 0 277 0 278 0 2640 0.5 2641 0.5 
2 314 1 277 0 278 0 279 0 2640 0.5 2641 0.5 
2 315 1 278 0 279 0 280 0 2640 0.5 2641 0.5 
2 310 1 275 0 274 0 2640 0.5 2641 0.5 
2 311 1 275 0 276 0 2640 0.5 2641 0.5 
2 316 1 279 0 280 0 2640 0.5 2641 0.5 
2 317 1 280 0 281 0 2640 0.5 2641 0.5 
2 309 1 274 0 2640 0.5 2641 0.5 
2 318 1 281 0 2640 0.5 2641 0.5 
0 2640 9 275 0.5 276 0.5 277 0.5 278 0.5 279 0.5 280 0.5 274 0.5 281 0.5 312 0.5 313 0.5 314 0.5 315 0.5 310 0.5 311 0.5 316 0.5 317 0.5 309 0.5 318 0.5 
0 2641 9 275 0.5 276 0.5 277 0.5 278 0.5 279 0.5 280 0.5 274 0.5 281 0.5 312 0.5 313 0.5 314 0.5 315 0.5 310 0.5 311 0.5 316 0.5 317 0.5 309 0.5 318 0.5 
NanList DIR 0
d
60
0 0 -12.1571 0 0 -12.1571 0 0 -12.1571 0 0 -12.1571 0 0 -12.1571 0 0 -12.1571 0 0 -12.1571 0 0 -12.1571 0 0 12.1571 0 0 12.1571 0 0 12.1571 0 0 12.1571 0 0 12.1571 0 0 12.1571 0 0 12.1571 0 0 12.1571 0 0 12.1571 0 0 12.1571 0 0 0 0 0 0 
s	5
389 390 391 392 393 425 426 427 451 452 453 454 455 456 457 458 459 460 488 489 490 491 492 493 523 524 525 526 
389 390 391 392 393 425 426 427 451 452 453 454 455 456 457 458 459 460 488 489 490 491 492 493 523 524 525 526 
b
2 0
0.717297 0.635712 0.916195
390 0 0 2
391 0 0 2
392 0 0 1
458 0 0 2
459 0 0 3
b
4 0
0.0163006 0.606969 0.141603
426 0 0 2
452 0 0 1
453 0 0 2
454 0 0 3
455 0 0 2
456 0 0 3
457 0 0 3
489 0 0 2
490 0 0 2
491 0 0 2
492 0 0 3
524 0 0 2
525 0 0 3
g
0
0.3 2 0 0 1 2 0 2 4
t
2
10
3530.87 1918.33 100
3530.87 1918.33 -100
a
10
19
393 388 427 424 460 450 493 487 526 522 
1 456 1 524 0 426 0 492 0 525 0 425 0 523 0 2640 0.5 2641 0.5 
1 457 1 524 0 426 0 390 0 525 0 389 0 2640 0.5 2641 0.5 
1 455 1 524 0 491 0 492 0 523 0 2640 0.5 2641 0.5 
1 453 1 491 0 489 0 490 0 2640 0.5 2641 0.5 
1 454 1 491 0 492 0 490 0 2640 0.5 2641 0.5 
1 458 1 390 0 389 0 391 0 2640 0.5 2641 0.5 
1 459 1 390 0 391 0 392 0 2640 0.5 2641 0.5 
1 452 1 488 0 489 0 2640 0.5 2641 0.5 
1 451 1 488 0 2640 0.5 2641 0.5 
2 491 1 455 0 453 0 454 0 2640 0.5 2641 0.5 
2 492 1 456 0 455 0 454 0 2640 0.5 2641 0.5 
2 488 1 452 0 451 0 2640 0.5 2641 0.5 
2 489 1 453 0 452 0 2640 0.5 2641 0.5 
2 490 1 453 0 454 0 2640 0.5 2641 0.5 
2 524 1 456 0 457 0 426 0 455 0 425 0 2640 0.5 2641 0.5 
2 525 1 456 0 457 0 426 0 2640 0.5 2641 0.5 
2 523 1 456 0 455 0 2640 0.5 2641 0.5 
2 390 1 457 0 458 0 459 0 2640 0.5 2641 0.5 
2 389 1 457 0 458 0 2640 0.5 2641 0.5 
2 391 1 458 0 459 0 2640 0.5 2641 0.5 
2 392 1 459 0 2640 0.5 2641 0.5 
3 426 1 456 0 457 0 524 0 525 0 2640 0.5 2641 0.5 
3 425 1 456 0 524 0 2640 0.5 2641 0.5 
0 2640 11.5 456 0.5 457 0.5 455 0.5 453 0.5 454 0.5 458 0.5 459 0.5 452 0.5 451 0.5 491 0.5 492 0.5 488 0.5 489 0.5 490 0.5 524 0.5 525 0.5 523 0.5 390 0.5 389 0.5 391 0.5 392 0.5 426 0.5 425 0.5 
0 2641 11.5 456 0.5 457 0.5 455 0.5 453 0.5 454 0.5 458 0.5 459 0.5 452 0.5 451 0.5 491 0.5 492 0.5 488 0.5 489 0.5 490 0.5 524 0.5 525 0.5 523 0.5 390 0.5 389 0.5 391 0.5 392 0.5 426 0.5 425 0.5 
NanList DIR 0
d
75
0 0 -26.6382 0 0 -26.6382 0 0 -26.6382 0 0 -26.6382 0 0 -26.6382 0 0 -26.6382 0 0 -26.6382 0 0 -26.6382 0 0 -26.6382 0 0 0 0 0 0 0 0 0 0 0 0 0 0 0 0 0 0 0 0 0 0 0 0 0 0 0 0 0 0 0 0 0 0 0 0 0 0 25.6644 0 0 25.6644 0 0 0 0 0 0 
s	6
510 515 545 550 
510 511 512 513 514 515 545 546 547 548 549 550 
b
2 0
0.804177 0.137232 0.242887
511 0 0 2
512 0 0 3
513 0 0 3
514 0 0 2
546 0 0 2
547 0 0 3
548 0 0 3
549 0 0 2
g
0
0.3 2 0 0 1 2 0 2 4
t
2
12
4116.58 1285.62 100
4116.58 1285.62 -100
a
4
29
515 509 550 544 
1 511 1 546 0 547 0 545 0 2640 0.5 2641 0.5 
1 512 1 546 0 547 0 548 0 2640 0.5 2641 0.5 
1 513 1 547 0 548 0 549 0 2640 0.5 2641 0.5 
1 510 1 546 0 545 0 2640 0.5 2641 0.5 
1 514 1 548 0 549 0 2640 0.5 2641 0.5 
2 546 1 511 0 512 0 510 0 2640 0.5 2641 0.5 
2 547 1 511 0 512 0 513 0 2640 0.5 2641 0.5 
2 548 1 512 0 513 0 514 0 2640 0.5 2641 0.5 
2 545 1 511 0 510 0 2640 0.5 2641 0.5 
2 549 1 513 0 514 0 2640 0.5 2641 0.5 
0 2640 5 511 0.5 512 0.5 513 0.5 510 0.5 514 0.5 546 0.5 547 0.5 548 0.5 545 0.5 549 0.5 
0 2641 5 511 0.5 512 0.5 513 0.5 510 0.5 514 0.5 546 0.5 547 0.5 548 0.5 545 0.5 549 0.5 
NanList DIR 0
d
36
0 0 -10.9795 0 0 -10.9795 0 0 -10.9795 0 0 -10.9795 0 0 -10.9795 0 0 10.9795 0 0 10.9795 0 0 10.9795 0 0 10.9795 0 0 10.9795 0 0 0 0 0 0 
s	7
585 586 587 588 589 590 623 624 625 655 656 657 658 
585 586 587 588 589 590 623 624 625 655 656 657 658 
b
2 0
0.12979 0.400944 0.156679
586 0 0 1
624 0 0 1
b
2 0
0.218257 0.998924 0.108809
587 0 0 2
588 0 0 1
589 0 0 1
656 0 0 1
657 0 0 3
g
0
0.3 2 0 0 1 2 0 2 4
t
2
14
4502.97 2103.38 100
4502.97 2103.38 -100
a
6
33
590 584 625 622 658 654 
1 586 1 656 0 624 0 655 0 2640 0.5 2641 0.5 
1 585 1 624 0 623 0 2640 0.5 2641 0.5 
1 587 1 656 0 657 0 2640 0.5 2641 0.5 
1 588 1 656 0 657 0 2640 0.5 2641 0.5 
1 589 1 657 0 2640 0.5 2641 0.5 
2 656 1 586 0 587 0 588 0 2640 0.5 2641 0.5 
2 657 1 587 0 588 0 589 0 2640 0.5 2641 0.5 
2 655 1 586 0 2640 0.5 2641 0.5 
2 624 1 586 0 585 0 2640 0.5 2641 0.5 
2 623 1 585 0 2640 0.5 2641 0.5 
0 2640 5 586 0.5 585 0.5 587 0.5 588 0.5 589 0.5 656 0.5 657 0.5 655 0.5 624 0.5 623 0.5 
0 2641 5 586 0.5 585 0.5 587 0.5 588 0.5 589 0.5 656 0.5 657 0.5 655 0.5 624 0.5 623 0.5 
NanList DIR 0
d
36
0 0 -13.247 0 0 -13.247 0 0 -13.247 0 0 -13.247 0 0 -13.247 0 0 13.247 0 0 13.247 0 0 13.247 0 0 13.247 0 0 13.247 0 0 0 0 0 0 
s	8
1076 1082 1104 1109 
1076 1077 1078 1079 1080 1081 1082 1104 1105 1106 1107 1108 1109 
b
2 0
0.61264 0.839112 0.512932
1077 0 0 2
1078 0 0 2
1079 0 0 2
1080 0 0 2
1081 0 0 2
1105 0 0 2
1106 0 0 4
1107 0 0 3
1108 0 0 1
g
0
0.3 2 0 0 1 2 0 2 4
t
2
16
7637.21 1353.59 100
7637.21 1353.59 -100
a
4
39
1082 1075 1109 1103 
1 1077 1 1105 0 1106 0 1104 0 2640 0.5 2641 0.5 
1 1079 1 1105 0 1106 0 1107 0 2640 0.5 2641 0.5 
1 1076 1 1105 0 1104 0 2640 0.5 2641 0.5 
1 1078 1 1105 0 1106 0 2640 0.5 2641 0.5 
1 1080 1 1106 0 1107 0 2640 0.5 2641 0.5 
1 1081 1 1107 0 1108 0 2640 0.5 2641 0.5 
2 1105 1 1077 0 1079 0 1076 0 1078 0 2640 0.5 2641 0.5 
2 1106 1 1077 0 1079 0 1078 0 1080 0 2640 0.5 2641 0.5 
2 1107 1 1079 0 1080 0 1081 0 2640 0.5 2641 0.5 
2 1104 1 1077 0 1076 0 2640 0.5 2641 0.5 
2 1108 1 1081 0 2640 0.5 2641 0.5 
0 2640 5.5 1077 0.5 1079 0.5 1076 0.5 1078 0.5 1080 0.5 1081 0.5 1105 0.5 1106 0.5 1107 0.5 1104 0.5 1108 0.5 
0 2641 5.5 1077 0.5 1079 0.5 1076 0.5 1078 0.5 1080 0.5 1081 0.5 1105 0.5 1106 0.5 1107 0.5 1104 0.5 1108 0.5 
NanList DIR 0
d
39
0 0 -11.5518 0 0 -11.5518 0 0 -11.5518 0 0 -11.5518 0 0 -11.5518 0 0 -11.5518 0 0 11.5518 0 0 11.5518 0 0 11.5518 0 0 11.5518 0 0 11.5518 0 0 0 0 0 0 
s	9
1099 1102 1135 1138 
1099 1100 1101 1102 1135 1136 1137 1138 
b
2 0
0.524287 0.637552 0.296032
1100 0 0 2
1101 0 0 2
1136 0 0 2
1137 0 0 2
g
0
0.3 2 0 0 1 2 0 2 4
t
2
18
7949.2 921.452 100
7949.2 921.452 -100
a
4
43
1102 1098 1138 1134 
1 1100 1 1136 0 1137 0 1135 0 2640 0.5 2641 0.5 
1 1101 1 1136 0 1137 0 2640 0.5 2641 0.5 
1 1099 1 1136 0 2640 0.5 2641 0.5 
2 1136 1 1100 0 1101 0 1099 0 2640 0.5 2641 0.5 
2 1137 1 1100 0 1101 0 2640 0.5 2641 0.5 
2 1135 1 1100 0 2640 0.5 2641 0.5 
0 2640 3 1100 0.5 1101 0.5 1099 0.5 1136 0.5 1137 0.5 1135 0.5 
0 2641 3 1100 0.5 1101 0.5 1099 0.5 1136 0.5 1137 0.5 1135 0.5 
NanList DIR 0
d
24
0 0 -8.13536 0 0 -8.13536 0 0 -8.13536 0 0 8.13536 0 0 8.13536 0 0 8.13536 0 0 0 0 0 0 
s	10
1113 1116 1149 1153 1182 1186 1215 1219 
1113 1114 1115 1116 1149 1150 1151 1152 1153 1182 1183 1184 1185 1186 1215 1216 1217 1218 1219 
b
4 0
0.292517 0.972775 0.493583
1114 0 0 4
1115 0 0 2
1150 0 0 2
1151 0 0 4
1152 0 0 2
1183 0 0 2
1184 0 0 3
1185 0 0 1
1216 0 0 1
1217 0 0 4
1218 0 0 3
g
0
0.3 2 0 0 1 2 0 2 4
t
2
20
8159.06 1892.99 100
8159.06 1892.99 -100
a
8
47
1116 1112 1153 1148 1186 1181 1219 1214 
1 1150 1 1184 0 1216 0 1183 0 1182 0 1215 0 2640 0.5 2641 0.5 
1 1151 1 1184 0 1216 0 1217 0 1183 0 2640 0.5 2641 0.5 
1 1149 1 1184 0 1183 0 1182 0 2640 0.5 2641 0.5 
1 1152 1 1216 0 1217 0 1218 0 2640 0.5 2641 0.5 
2 1216 1 1113 0 1114 0 1150 0 1151 0 1152 0 2640 0.5 2641 0.5 
2 1217 1 1113 0 1114 0 1151 0 1152 0 1115 0 2640 0.5 2641 0.5 
2 1218 1 1114 0 1152 0 1115 0 2640 0.5 2641 0.5 
2 1215 1 1150 0 2640 0.5 2641 0.5 
2 1184 1 1113 0 1114 0 1150 0 1151 0 1149 0 2640 0.5 2641 0.5 
2 1183 1 1113 0 1150 0 1151 0 1149 0 2640 0.5 2641 0.5 
2 1182 1 1150 0 1149 0 2640 0.5 2641 0.5 
2 1185 1 1113 0 1114 0 2640 0.5 2641 0.5 
1 1113 1 1184 0 1216 0 1217 0 1183 0 1185 0 2640 0.5 2641 0.5 
1 1114 1 1184 0 1216 0 1217 0 1218 0 1185 0 2640 0.5 2641 0.5 
1 1115 1 1217 0 1218 0 2640 0.5 2641 0.5 
0 2640 7.5 1150 0.5 1151 0.5 1149 0.5 1152 0.5 1216 0.5 1217 0.5 1218 0.5 1215 0.5 1184 0.5 1183 0.5 1182 0.5 1185 0.5 1113 0.5 1114 0.5 1115 0.5 
0 2641 7.5 1150 0.5 1151 0.5 1149 0.5 1152 0.5 1216 0.5 1217 0.5 1218 0.5 1215 0.5 1184 0.5 1183 0.5 1182 0.5 1185 0.5 1113 0.5 1114 0.5 1115 0.5 
NanList DIR 0
d
51
0 0 -12.1754 0 0 -12.1754 0 0 -12.1754 0 0 -12.1754 0 0 12.1754 0 0 12.1754 0 0 12.1754 0 0 12.1754 0 0 12.1754 0 0 12.1754 0 0 12.1754 0 0 12.1754 0 0 -12.1754 0 0 -12.1754 0 0 -12.1754 0 0 0 0 0 0 
s	11
1117 1119 1250 1252 
1117 1118 1119 1250 1251 1252 
b
2 0
0.769914 0.526745 0.771358
1118 0 0 1
1251 0 0 1
g
0
0.3 2 0 0 1 2 0 2 4
t
2
22
8241.11 2306.99 100
8241.11 2306.99 -100
a
4
55
1119 1116 1252 1249 
1 1117 1 1250 0 1251 0 2640 0.5 2641 0.5 
1 1118 1 1250 0 1251 0 2640 0.5 2641 0.5 
2 1250 1 1117 0 1118 0 2640 0.5 2641 0.5 
2 1251 1 1117 0 1118 0 2640 0.5 2641 0.5 
0 2640 2 1117 0.5 1118 0.5 1250 0.5 1251 0.5 
0 2641 2 1117 0.5 1118 0.5 1250 0.5 1251 0.5 
NanList DIR 0
d
18
0 0 -11.9014 0 0 -11.9014 0 0 11.9014 0 0 11.9014 0 0 0 0 0 0 
s	12
1239 1244 1271 1276 
1239 1240 1241 1242 1243 1244 1271 1272 1273 1274 1275 1276 
b
2 0
0.283315 0.891529 0.400229
1240 0 0 2
1241 0 0 2
1242 0 0 2
1243 0 0 1
1272 0 0 1
1273 0 0 2
1274 0 0 2
1275 0 0 2
g
0
0.3 2 0 0 1 2 0 2 4
t
2
24
8551.14 1583.63 100
8551.14 1583.63 -100
a
4
59
1244 1238 1276 1270 
1 1239 1 1272 0 1271 0 2640 0.5 2641 0.5 
1 1240 1 1272 0 1273 0 2640 0.5 2641 0.5 
1 1241 1 1273 0 1274 0 2640 0.5 2641 0.5 
1 1242 1 1274 0 1275 0 2640 0.5 2641 0.5 
1 1243 1 1275 0 2640 0.5 2641 0.5 
2 1272 1 1239 0 1240 0 2640 0.5 2641 0.5 
2 1273 1 1240 0 1241 0 2640 0.5 2641 0.5 
2 1274 1 1241 0 1242 0 2640 0.5 2641 0.5 
2 1275 1 1242 0 1243 0 2640 0.5 2641 0.5 
2 1271 1 1239 0 2640 0.5 2641 0.5 
0 2640 5 1239 0.5 1240 0.5 1241 0.5 1242 0.5 1243 0.5 1272 0.5 1273 0.5 1274 0.5 1275 0.5 1271 0.5 
0 2641 5 1239 0.5 1240 0.5 1241 0.5 1242 0.5 1243 0.5 1272 0.5 1273 0.5 1274 0.5 1275 0.5 1271 0.5 
NanList DIR 0
d
36
0 0 -7.29298 0 0 -7.29298 0 0 -7.29298 0 0 -7.29298 0 0 -7.29298 0 0 7.29298 0 0 7.29298 0 0 7.29298 0 0 7.29298 0 0 7.29298 0 0 0 0 0 0 
s	13
1306 1313 1337 1343 
1306 1307 1308 1309 1310 1311 1312 1313 1337 1338 1339 1340 1341 1342 1343 
b
2 0
0.919026 0.807725 0.352458
1307 0 0 2
1308 0 0 3
1309 0 0 3
1310 0 0 2
1311 0 0 2
1312 0 0 1
1338 0 0 2
1339 0 0 3
1340 0 0 3
1341 0 0 3
1342 0 0 2
g
0
0.3 2 0 0 1 2 0 2 4
t
2
26
8753.52 1478.28 100
8753.52 1478.28 -100
a
4
63
1313 1305 1343 1336 
1 1307 1 1339 0 1338 0 1337 0 2640 0.5 2641 0.5 
1 1308 1 1339 0 1338 0 1340 0 2640 0.5 2641 0.5 
1 1309 1 1339 0 1340 0 1341 0 2640 0.5 2641 0.5 
1 1310 1 1339 0 1340 0 1341 0 2640 0.5 2641 0.5 
1 1311 1 1341 0 1342 0 2640 0.5 2641 0.5 
1 1306 1 1338 0 2640 0.5 2641 0.5 
1 1312 1 1342 0 2640 0.5 2641 0.5 
2 1339 1 1307 0 1308 0 1309 0 1310 0 2640 0.5 2641 0.5 
2 1338 1 1307 0 1308 0 1306 0 2640 0.5 2641 0.5 
2 1340 1 1308 0 1309 0 1310 0 2640 0.5 2641 0.5 
2 1341 1 1309 0 1310 0 1311 0 2640 0.5 2641 0.5 
2 1342 1 1311 0 1312 0 2640 0.5 2641 0.5 
2 1337 1 1307 0 2640 0.5 2641 0.5 
0 2640 6.5 1307 0.5 1308 0.5 1309 0.5 1310 0.5 1311 0.5 1306 0.5 1312 0.5 1339 0.5 1338 0.5 1340 0.5 1341 0.5 1342 0.5 1337 0.5 
0 2641 6.5 1307 0.5 1308 0.5 1309 0.5 1310 0.5 1311 0.5 1306 0.5 1312 0.5 1339 0.5 1338 0.5 1340 0.5 1341 0.5 1342 0.5 1337 0.5 
NanList DIR 0
d
45
0 0 -12.9743 0 0 -12.9743 0 0 -12.9743 0 0 -12.9743 0 0 -12.9743 0 0 -12.9743 0 0 -12.9743 0 0 12.9743 0 0 12.9743 0 0 12.9743 0 0 12.9743 0 0 12.9743 0 0 12.9743 0 0 0 0 0 0 
s	14
1346 1349 1378 1383 1411 1417 
1346 1347 1348 1349 1378 1379 1380 1381 1382 1383 1411 1412 1413 1414 1415 1416 1417 
b
3 0
0.525995 0.949327 0.0697553
1347 0 0 2
1348 0 0 1
1379 0 0 2
1380 0 0 3
1381 0 0 3
1382 0 0 2
1412 0 0 2
1413 0 0 3
1414 0 0 3
1415 0 0 3
1416 0 0 2
g
0
0.3 2 0 0 1 2 0 2 4
t
2
28
8985.62 1883 100
8985.62 1883 -100
a
6
67
1349 1345 1383 1377 1417 1410 
1 1414 1 1346 0 1380 0 1381 0 1382 0 2640 0.5 2641 0.5 
1 1415 1 1346 0 1381 0 1347 0 1382 0 2640 0.5 2641 0.5 
1 1412 1 1379 0 1380 0 1378 0 2640 0.5 2641 0.5 
1 1413 1 1379 0 1380 0 1381 0 2640 0.5 2641 0.5 
1 1416 1 1346 0 1347 0 1348 0 2640 0.5 2641 0.5 
1 1411 1 1379 0 1378 0 2640 0.5 2641 0.5 
2 1379 1 1412 0 1413 0 1411 0 2640 0.5 2641 0.5 
2 1380 1 1414 0 1412 0 1413 0 2640 0.5 2641 0.5 
2 1381 1 1414 0 1415 0 1413 0 2640 0.5 2641 0.5 
2 1378 1 1412 0 1411 0 2640 0.5 2641 0.5 
2 1382 1 1414 0 1415 0 2640 0.5 2641 0.5 
2 1346 1 1414 0 1415 0 1416 0 2640 0.5 2641 0.5 
2 1347 1 1415 0 1416 0 2640 0.5 2641 0.5 
2 1348 1 1416 0 2640 0.5 2641 0.5 
0 2640 7 1414 0.5 1415 0.5 1412 0.5 1413 0.5 1416 0.5 1411 0.5 1379 0.5 1380 0.5 1381 0.5 1378 0.5 1382 0.5 1346 0.5 1347 0.5 1348 0.5 
0 2641 7 1414 0.5 1415 0.5 1412 0.5 1413 0.5 1416 0.5 1411 0.5 1379 0.5 1380 0.5 1381 0.5 1378 0.5 1382 0.5 1346 0.5 1347 0.5 1348 0.5 
NanList DIR 0
d
48
0 0 -12.8105 0 0 -12.8105 0 0 -12.8105 0 0 -12.8105 0 0 -12.8105 0 0 -12.8105 0 0 12.8105 0 0 12.8105 0 0 12.8105 0 0 12.8105 0 0 12.8105 0 0 12.8105 0 0 12.8105 0 0 12.8105 0 0 0 0 0 0 
s	15
1370 1376 1403 1410 
1370 1371 1372 1373 1374 1375 1376 1403 1404 1405 1406 1407 1408 1409 1410 
b
2 0
0.663227 0.192214 0.0860558
1371 0 0 2
1372 0 0 3
1373 0 0 3
1374 0 0 3
1375 0 0 3
1404 0 0 2
1405 0 0 3
1406 0 0 3
1407 0 0 3
1408 0 0 2
1409 0 0 1
g
0
0.3 2 0 0 1 2 0 2 4
t
2
30
9024.55 1337.44 100
9024.55 1337.44 -100
a
4
73
1376 1369 1410 1402 
1 1371 1 1404 0 1405 0 1403 0 2640 0.5 2641 0.5 
1 1372 1 1404 0 1405 0 1406 0 2640 0.5 2641 0.5 
1 1373 1 1405 0 1406 0 1407 0 2640 0.5 2641 0.5 
1 1374 1 1406 0 1407 0 1408 0 2640 0.5 2641 0.5 
1 1375 1 1407 0 1408 0 1409 0 2640 0.5 2641 0.5 
1 1370 1 1404 0 1403 0 2640 0.5 2641 0.5 
2 1404 1 1371 0 1372 0 1370 0 2640 0.5 2641 0.5 
2 1405 1 1371 0 1372 0 1373 0 2640 0.5 2641 0.5 
2 1406 1 1372 0 1373 0 1374 0 2640 0.5 2641 0.5 
2 1407 1 1373 0 1374 0 1375 0 2640 0.5 2641 0.5 
2 1403 1 1371 0 1370 0 2640 0.5 2641 0.5 
2 1408 1 1374 0 1375 0 2640 0.5 2641 0.5 
2 1409 1 1375 0 2640 0.5 2641 0.5 
0 2640 6.5 1371 0.5 1372 0.5 1373 0.5 1374 0.5 1375 0.5 1370 0.5 1404 0.5 1405 0.5 1406 0.5 1407 0.5 1403 0.5 1408 0.5 1409 0.5 
0 2641 6.5 1371 0.5 1372 0.5 1373 0.5 1374 0.5 1375 0.5 1370 0.5 1404 0.5 1405 0.5 1406 0.5 1407 0.5 1403 0.5 1408 0.5 1409 0.5 
NanList DIR 0
d
45
0 0 -9.66814 0 0 -9.66814 0 0 -9.66814 0 0 -9.66814 0 0 -9.66814 0 0 -9.66814 0 0 9.66814 0 0 9.66814 0 0 9.66814 0 0 9.66814 0 0 9.66814 0 0 9.66814 0 0 9.66814 0 0 0 0 0 0 
s	16
1446 1447 1448 1449 1450 1481 1482 1483 1547 1548 1549 
1446 1447 1448 1449 1450 1481 1482 1483 1547 1548 1549 
b
2 0
0.0641713 0.348893 0.890233
1447 0 0 1
1448 0 0 1
1482 0 0 2
b
2 0
0.0630958 0.457702 0.020023
1449 0 0 1
1548 0 0 1
g
0
0.3 2 0 0 1 2 0 2 4
t
2
32
9505.07 1949.47 100
9505.07 1949.47 -100
a
5
77
1450 1445 1483 1480 1549 
1 1446 1 1482 0 1481 0 2640 0.5 2641 0.5 
1 1447 1 1482 0 1481 0 2640 0.5 2641 0.5 
1 1448 1 1482 0 1547 0 2640 0.5 2641 0.5 
1 1449 1 1547 0 1548 0 2640 0.5 2641 0.5 
2 1482 1 1446 0 1447 0 1448 0 2640 0.5 2641 0.5 
2 1481 1 1446 0 1447 0 2640 0.5 2641 0.5 
2 1547 1 1448 0 1449 0 2640 0.5 2641 0.5 
2 1548 1 1449 0 2640 0.5 2641 0.5 
0 2640 4 1446 0.5 1447 0.5 1448 0.5 1449 0.5 1482 0.5 1481 0.5 1547 0.5 1548 0.5 
0 2641 4 1446 0.5 1447 0.5 1448 0.5 1449 0.5 1482 0.5 1481 0.5 1547 0.5 1548 0.5 
NanList DIR 0
d
30
0 0 -10.9314 0 0 -10.9314 0 0 -10.9314 0 0 -10.9314 0 0 10.9314 0 0 10.9314 0 0 10.9314 0 0 10.9314 0 0 0 0 0 0 
s	17
1514 1516 1545 1547 
1514 1515 1516 1545 1546 1547 
b
2 0
0.902208 0.970634 0.23828
1515 0 0 1
1546 0 0 1
g
0
0.3 2 0 0 1 2 0 2 4
t
2
34
9600.88 1924.54 100
9600.88 1924.54 -100
a
4
82
1516 1513 1547 1544 
1 1515 1 1545 0 1546 0 2640 0.5 2641 0.5 
1 1514 1 1545 0 2640 0.5 2641 0.5 
2 1545 1 1515 0 1514 0 2640 0.5 2641 0.5 
2 1546 1 1515 0 2640 0.5 2641 0.5 
0 2640 2 1515 0.5 1514 0.5 1545 0.5 1546 0.5 
0 2641 2 1515 0.5 1514 0.5 1545 0.5 1546 0.5 
NanList DIR 0
d
18
0 0 -8.41405 0 0 -8.41405 0 0 8.41405 0 0 8.41405 0 0 0 0 0 0 
s	18
1532 1537 1564 1569 
1532 1533 1534 1535 1536 1537 1564 1565 1566 1567 1568 1569 
b
2 0
0.53976 0.266666 0.85092
1533 0 0 2
1534 0 0 2
1535 0 0 2
1536 0 0 2
1565 0 0 2
1566 0 0 3
1567 0 0 2
1568 0 0 1
g
0
0.3 2 0 0 1 2 0 2 4
t
2
36
10076.6 1227.24 100
10076.6 1227.24 -100
a
4
86
1537 1531 1569 1563 
1 1533 1 1566 0 1565 0 1564 0 2640 0.5 2641 0.5 
1 1536 1 1566 0 1567 0 1568 0 2640 0.5 2641 0.5 
1 1532 1 1565 0 1564 0 2640 0.5 2641 0.5 
1 1534 1 1566 0 1565 0 2640 0.5 2641 0.5 
1 1535 1 1566 0 1567 0 2640 0.5 2641 0.5 
2 1566 1 1533 0 1536 0 1534 0 1535 0 2640 0.5 2641 0.5 
2 1565 1 1533 0 1532 0 1534 0 2640 0.5 2641 0.5 
2 1564 1 1533 0 1532 0 2640 0.5 2641 0.5 
2 1567 1 1536 0 1535 0 2640 0.5 2641 0.5 
2 1568 1 1536 0 2640 0.5 2641 0.5 
0 2640 5 1533 0.5 1536 0.5 1532 0.5 1534 0.5 1535 0.5 1566 0.5 1565 0.5 1564 0.5 1567 0.5 1568 0.5 
0 2641 5 1533 0.5 1536 0.5 1532 0.5 1534 0.5 1535 0.5 1566 0.5 1565 0.5 1564 0.5 1567 0.5 1568 0.5 
NanList DIR 0
d
36
0 0 -12.0736 0 0 -12.0736 0 0 -12.0736 0 0 -12.0736 0 0 -12.0736 0 0 12.0736 0 0 12.0736 0 0 12.0736 0 0 12.0736 0 0 12.0736 0 0 0 0 0 0 
s	19
1575 1578 1646 1648 1678 1681 1711 1714 
1575 1576 1577 1578 1646 1647 1648 1678 1679 1680 1681 1711 1712 1713 1714 
b
4 0
0.512535 0.760249 0.375207
1576 0 0 1
1577 0 0 3
1647 0 0 2
1679 0 0 1
1680 0 0 4
1712 0 0 2
1713 0 0 1
g
0
0.3 2 0 0 1 2 0 2 4
t
2
38
10509.7 1968.63 100
10509.7 1968.63 -100
a
8
90
1578 1574 1648 1645 1681 1677 1714 1710 
1 1680 1 1576 0 1577 0 1711 0 1712 0 1647 0 1575 0 2640 0.5 2641 0.5 
1 1679 1 1576 0 1711 0 1646 0 1647 0 2640 0.5 2641 0.5 
1 1678 1 1646 0 2640 0.5 2641 0.5 
2 1576 1 1680 0 1679 0 1711 0 1712 0 1713 0 2640 0.5 2641 0.5 
2 1577 1 1680 0 1712 0 1713 0 2640 0.5 2641 0.5 
2 1575 1 1680 0 2640 0.5 2641 0.5 
3 1711 1 1680 0 1576 0 1679 0 2640 0.5 2641 0.5 
3 1712 1 1680 0 1576 0 1577 0 2640 0.5 2641 0.5 
3 1713 1 1576 0 1577 0 2640 0.5 2641 0.5 
2 1646 1 1679 0 1678 0 2640 0.5 2641 0.5 
2 1647 1 1680 0 1679 0 2640 0.5 2641 0.5 
0 2640 5.5 1680 0.5 1679 0.5 1678 0.5 1576 0.5 1577 0.5 1575 0.5 1711 0.5 1712 0.5 1713 0.5 1646 0.5 1647 0.5 
0 2641 5.5 1680 0.5 1679 0.5 1678 0.5 1576 0.5 1577 0.5 1575 0.5 1711 0.5 1712 0.5 1713 0.5 1646 0.5 1647 0.5 
NanList DIR 0
d
39
0 0 -27.8678 0 0 -27.8678 0 0 -27.8678 0 0 0 0 0 0 0 0 0 0 0 27.0916 0 0 27.0916 0 0 27.0916 0 0 0 0 0 0 0 0 0 0 0 0 
s	20
1727 1738 1759 1768 
1727 1728 1729 1730 1731 1732 1733 1734 1735 1736 1737 1738 1759 1760 1761 1762 1763 1764 1765 1766 1767 1768 
b
2 0
0.0392803 0.531606 0.667724
1728 0 0 2
1729 0 0 2
1730 0 0 2
1731 0 0 2
1732 0 0 2
1733 0 0 3
1734 0 0 3
1735 0 0 3
1736 0 0 2
1737 0 0 1
1760 0 0 2
1761 0 0 3
1762 0 0 2
1763 0 0 3
1764 0 0 3
1765 0 0 3
1766 0 0 3
1767 0 0 3
g
0
0.3 2 0 0 1 2 0 2 4
t
2
40
11432.2 1146.6 100
11432.2 1146.6 -100
a
4
98
1738 1726 1768 1758 
1 1728 1 1760 0 1761 0 1759 0 2640 0.5 2641 0.5 
1 1730 1 1760 0 1761 0 1762 0 2640 0.5 2641 0.5 
1 1732 1 1762 0 1763 0 1764 0 2640 0.5 2641 0.5 
1 1733 1 1763 0 1764 0 1765 0 2640 0.5 2641 0.5 
1 1734 1 1764 0 1765 0 1766 0 2640 0.5 2641 0.5 
1 1735 1 1765 0 1766 0 1767 0 2640 0.5 2641 0.5 
1 1727 1 1760 0 1759 0 2640 0.5 2641 0.5 
1 1729 1 1760 0 1761 0 2640 0.5 2641 0.5 
1 1731 1 1762 0 1763 0 2640 0.5 2641 0.5 
1 1736 1 1766 0 1767 0 2640 0.5 2641 0.5 
1 1737 1 1767 0 2640 0.5 2641 0.5 
2 1760 1 1728 0 1730 0 1727 0 1729 0 2640 0.5 2641 0.5 
2 1761 1 1728 0 1730 0 1729 0 2640 0.5 2641 0.5 
2 1762 1 1730 0 1732 0 1731 0 2640 0.5 2641 0.5 
2 1763 1 1732 0 1733 0 1731 0 2640 0.5 2641 0.5 
2 1764 1 1732 0 1733 0 1734 0 2640 0.5 2641 0.5 
2 1765 1 1733 0 1734 0 1735 0 2640 0.5 2641 0.5 
2 1766 1 1734 0 1735 0 1736 0 2640 0.5 2641 0.5 
2 1767 1 1735 0 1736 0 1737 0 2640 0.5 2641 0.5 
2 1759 1 1728 0 1727 0 2640 0.5 2641 0.5 
0 2640 10 1728 0.5 1730 0.5 1732 0.5 1733 0.5 1734 0.5 1735 0.5 1727 0.5 1729 0.5 1731 0.5 1736 0.5 1737 0.5 1760 0.5 1761 0.5 1762 0.5 1763 0.5 1764 0.5 1765 0.5 1766 0.5 1767 0.5 1759 0.5 
0 2641 10 1728 0.5 1730 0.5 1732 0.5 1733 0.5 1734 0.5 1735 0.5 1727 0.5 1729 0.5 1731 0.5 1736 0.5 1737 0.5 1760 0.5 1761 0.5 1762 0.5 1763 0.5 1764 0.5 1765 0.5 1766 0.5 1767 0.5 1759 0.5 
NanList DIR 0
d
66
0 0 -14.0786 0 0 -14.0786 0 0 -14.0786 0 0 -14.0786 0 0 -14.0786 0 0 -14.0786 0 0 -14.0786 0 0 -14.0786 0 0 -14.0786 0 0 -14.0786 0 0 -14.0786 0 0 14.0786 0 0 14.0786 0 0 14.0786 0 0 14.0786 0 0 14.0786 0 0 14.0786 0 0 14.0786 0 0 14.0786 0 0 14.0786 0 0 0 0 0 0 
s	21
1774 1778 1810 1813 1841 1846 1877 1879 
1774 1775 1776 1777 1778 1810 1811 1812 1813 1841 1842 1843 1844 1845 1846 1877 1878 1879 
b
4 0
0.93081 0.931835 0.437638
1775 0 0 2
1776 0 0 3
1777 0 0 2
1811 0 0 2
1812 0 0 3
1842 0 0 2
1843 0 0 3
1844 0 0 3
1845 0 0 3
1878 0 0 3
g
0
0.3 2 0 0 1 2 0 2 4
t
2
42
11703.4 2080.98 100
11703.4 2080.98 -100
a
8
102
1778 1773 1813 1809 1846 1840 1879 1876 
1 1845 1 1877 0 1775 0 1776 0 1777 0 1878 0 2640 0.5 2641 0.5 
1 1842 1 1811 0 1812 0 1774 0 1810 0 2640 0.5 2641 0.5 
1 1843 1 1775 0 1811 0 1812 0 1774 0 2640 0.5 2641 0.5 
1 1844 1 1877 0 1775 0 1776 0 1812 0 2640 0.5 2641 0.5 
1 1841 1 1811 0 1810 0 2640 0.5 2641 0.5 
2 1775 1 1845 0 1877 0 1843 0 1844 0 2640 0.5 2641 0.5 
2 1776 1 1845 0 1877 0 1844 0 1878 0 2640 0.5 2641 0.5 
2 1777 1 1845 0 1877 0 1878 0 2640 0.5 2641 0.5 
2 1774 1 1842 0 1843 0 2640 0.5 2641 0.5 
2 1811 1 1842 0 1843 0 1841 0 2640 0.5 2641 0.5 
2 1812 1 1842 0 1843 0 1844 0 2640 0.5 2641 0.5 
2 1810 1 1842 0 1841 0 2640 0.5 2641 0.5 
3 1877 1 1845 0 1775 0 1776 0 1844 0 1777 0 2640 0.5 2641 0.5 
3 1878 1 1845 0 1776 0 1777 0 2640 0.5 2641 0.5 
0 2640 7 1845 0.5 1842 0.5 1843 0.5 1844 0.5 1841 0.5 1775 0.5 1776 0.5 1777 0.5 1774 0.5 1811 0.5 1812 0.5 1810 0.5 1877 0.5 1878 0.5 
0 2641 7 1845 0.5 1842 0.5 1843 0.5 1844 0.5 1841 0.5 1775 0.5 1776 0.5 1777 0.5 1774 0.5 1811 0.5 1812 0.5 1810 0.5 1877 0.5 1878 0.5 
NanList DIR 0
d
48
0 0 -26.2727 0 0 -26.2727 0 0 -26.2727 0 0 -26.2727 0 0 -26.2727 0 0 0 0 0 0 0 0 0 0 0 0 0 0 0 0 0 0 0 0 0 0 0 26.5125 0 0 26.5125 0 0 0 0 0 0 
s	22
1829 1835 1862 1868 
1829 1830 1831 1832 1833 1834 1835 1862 1863 1864 1865 1866 1867 1868 
b
2 0
0.738534 0.284293 0.720952
1830 0 0 2
1831 0 0 3
1832 0 0 3
1833 0 0 3
1834 0 0 2
1863 0 0 2
1864 0 0 3
1865 0 0 3
1866 0 0 3
1867 0 0 2
g
0
0.3 2 0 0 1 2 0 2 4
t
2
44
11885.7 1218.71 100
11885.7 1218.71 -100
a
4
110
1835 1828 1868 1861 
1 1830 1 1863 0 1864 0 1862 0 2640 0.5 2641 0.5 
1 1831 1 1863 0 1864 0 1865 0 2640 0.5 2641 0.5 
1 1832 1 1864 0 1865 0 1866 0 2640 0.5 2641 0.5 
1 1833 1 1865 0 1866 0 1867 0 2640 0.5 2641 0.5 
1 1829 1 1863 0 1862 0 2640 0.5 2641 0.5 
1 1834 1 1866 0 2640 0.5 2641 0.5 
2 1863 1 1830 0 1831 0 1829 0 2640 0.5 2641 0.5 
2 1864 1 1830 0 1831 0 1832 0 2640 0.5 2641 0.5 
2 1865 1 1831 0 1832 0 1833 0 2640 0.5 2641 0.5 
2 1866 1 1832 0 1833 0 1834 0 2640 0.5 2641 0.5 
2 1862 1 1830 0 1829 0 2640 0.5 2641 0.5 
2 1867 1 1833 0 2640 0.5 2641 0.5 
0 2640 6 1830 0.5 1831 0.5 1832 0.5 1833 0.5 1829 0.5 1834 0.5 1863 0.5 1864 0.5 1865 0.5 1866 0.5 1862 0.5 1867 0.5 
0 2641 6 1830 0.5 1831 0.5 1832 0.5 1833 0.5 1829 0.5 1834 0.5 1863 0.5 1864 0.5 1865 0.5 1866 0.5 1862 0.5 1867 0.5 
NanList DIR 0
d
42
0 0 -7.44496 0 0 -7.44496 0 0 -7.44496 0 0 -7.44496 0 0 -7.44496 0 0 -7.44496 0 0 7.44496 0 0 7.44496 0 0 7.44496 0 0 7.44496 0 0 7.44496 0 0 7.44496 0 0 0 0 0 0 
s	23
1943 1945 1974 1977 
1943 1944 1945 1974 1975 1976 1977 
b
2 0
0.687861 0.354049 0.639979
1944 0 0 2
1975 0 0 1
1976 0 0 1
g
0
0.3 2 0 0 1 2 0 2 4
t
2
46
12630.2 2191.88 100
12630.2 2191.88 -100
a
4
114
1945 1942 1977 1973 
1 1944 1 1974 0 1975 0 1976 0 2640 0.5 2641 0.5 
1 1943 1 1974 0 1975 0 2640 0.5 2641 0.5 
2 1974 1 1944 0 1943 0 2640 0.5 2641 0.5 
2 1975 1 1944 0 1943 0 2640 0.5 2641 0.5 
2 1976 1 1944 0 2640 0.5 2641 0.5 
0 2640 2.5 1944 0.5 1943 0.5 1974 0.5 1975 0.5 1976 0.5 
0 2641 2.5 1944 0.5 1943 0.5 1974 0.5 1975 0.5 1976 0.5 
NanList DIR 0
d
21
0 0 -5.82032 0 0 -5.82032 0 0 5.82032 0 0 5.82032 0 0 5.82032 0 0 0 0 0 0 
s	24
2401 2402 2403 2404 2405 2406 2430 2431 2432 2433 2434 2435 2436 2437 2438 2439 2467 2468 2469 2470 2471 2472 2473 2498 2499 2500 2501 2502 2503 2504 2505 2506 2533 2534 2535 2536 2537 2538 2539 
2401 2402 2403 2404 2405 2406 2430 2431 2432 2433 2434 2435 2436 2437 2438 2439 2467 2468 2469 2470 2471 2472 2473 2498 2499 2500 2501 2502 2503 2504 2505 2506 2533 2534 2535 2536 2537 2538 2539 
b
5 0
0.880075 0.440105 0.165974
2402 0 0 2
2403 0 0 4
2404 0 0 4
2405 0 0 2
2431 0 0 1
2432 0 0 3
2433 0 0 3
2434 0 0 4
2435 0 0 4
2436 0 0 4
2437 0 0 3
2438 0 0 2
2468 0 0 2
2469 0 0 2
2470 0 0 3
2471 0 0 3
2472 0 0 2
2499 0 0 2
2500 0 0 2
2501 0 0 3
2502 0 0 3
2503 0 0 2
2534 0 0 2
2535 0 0 3
2536 0 0 5
2537 0 0 2
b
2 0
0.228968 0.330337 0.829201
2505 0 0 1
2538 0 0 1
g
0
0.3 2 0 0 1 2 0 2 4
t
2
48
15719.7 1907.04 100
15719.7 1907.04 -100
a
10
118
2406 2400 2439 2429 2473 2466 2506 2497 2539 2532 
1 2434 1 2500 0 2470 0 2471 0 2472 0 2498 0 2499 0 2640 0.5 2641 0.5 
1 2435 1 2500 0 2471 0 2534 0 2472 0 2499 0 2533 0 2640 0.5 2641 0.5 
1 2436 1 2535 0 2500 0 2501 0 2534 0 2533 0 2640 0.5 2641 0.5 
1 2433 1 2469 0 2470 0 2471 0 2498 0 2640 0.5 2641 0.5 
1 2431 1 2469 0 2467 0 2468 0 2640 0.5 2641 0.5 
1 2432 1 2469 0 2470 0 2468 0 2640 0.5 2641 0.5 
1 2437 1 2535 0 2536 0 2534 0 2640 0.5 2641 0.5 
1 2438 1 2535 0 2536 0 2640 0.5 2641 0.5 
1 2430 1 2467 0 2640 0.5 2641 0.5 
2 2535 1 2403 0 2404 0 2436 0 2402 0 2437 0 2438 0 2640 0.5 2641 0.5 
2 2536 1 2403 0 2404 0 2437 0 2405 0 2438 0 2640 0.5 2641 0.5 
2 2537 1 2403 0 2404 0 2405 0 2504 0 2640 0.5 2641 0.5 
2 2534 1 2435 0 2436 0 2437 0 2640 0.5 2641 0.5 
2 2533 1 2435 0 2436 0 2640 0.5 2641 0.5 
2 2538 1 2504 0 2505 0 2640 0.5 2641 0.5 
2 2500 1 2434 0 2435 0 2436 0 2402 0 2401 0 2640 0.5 2641 0.5 
2 2501 1 2403 0 2436 0 2402 0 2401 0 2640 0.5 2641 0.5 
2 2502 1 2403 0 2404 0 2402 0 2640 0.5 2641 0.5 
2 2498 1 2434 0 2433 0 2640 0.5 2641 0.5 
2 2499 1 2434 0 2435 0 2640 0.5 2641 0.5 
2 2503 1 2403 0 2404 0 2640 0.5 2641 0.5 
1 2504 1 2537 0 2538 0 2640 0.5 2641 0.5 
1 2505 1 2538 0 2640 0.5 2641 0.5 
1 2403 1 2535 0 2536 0 2501 0 2537 0 2502 0 2503 0 2640 0.5 2641 0.5 
1 2404 1 2535 0 2536 0 2537 0 2502 0 2503 0 2640 0.5 2641 0.5 
1 2402 1 2535 0 2500 0 2501 0 2502 0 2640 0.5 2641 0.5 
1 2401 1 2500 0 2501 0 2640 0.5 2641 0.5 
1 2405 1 2536 0 2537 0 2640 0.5 2641 0.5 
2 2469 1 2433 0 2431 0 2432 0 2640 0.5 2641 0.5 
2 2470 1 2434 0 2433 0 2432 0 2640 0.5 2641 0.5 
2 2471 1 2434 0 2435 0 2433 0 2640 0.5 2641 0.5 
2 2467 1 2431 0 2430 0 2640 0.5 2641 0.5 
2 2468 1 2431 0 2432 0 2640 0.5 2641 0.5 
2 2472 1 2434 0 2435 0 2640 0.5 2641 0.5 
0 2640 17 2434 0.5 2435 0.5 2436 0.5 2433 0.5 2431 0.5 2432 0.5 2437 0.5 2438 0.5 2430 0.5 2535 0.5 2536 0.5 2537 0.5 2534 0.5 2533 0.5 2538 0.5 2500 0.5 2501 0.5 2502 0.5 2498 0.5 2499 0.5 2503 0.5 2504 0.5 2505 0.5 2403 0.5 2404 0.5 2402 0.5 2401 0.5 2405 0.5 2469 0.5 2470 0.5 2471 0.5 2467 0.5 2468 0.5 2472 0.5 
0 2641 17 2434 0.5 2435 0.5 2436 0.5 2433 0.5 2431 0.5 2432 0.5 2437 0.5 2438 0.5 2430 0.5 2535 0.5 2536 0.5 2537 0.5 2534 0.5 2533 0.5 2538 0.5 2500 0.5 2501 0.5 2502 0.5 2498 0.5 2499 0.5 2503 0.5 2504 0.5 2505 0.5 2403 0.5 2404 0.5 2402 0.5 2401 0.5 2405 0.5 2469 0.5 2470 0.5 2471 0.5 2467 0.5 2468 0.5 2472 0.5 
NanList DIR 0
d
108
0 0 -14.1421 0 0 -14.1421 0 0 -14.1421 0 0 -14.1421 0 0 -14.1421 0 0 -14.1421 0 0 -14.1421 0 0 -14.1421 0 0 -14.1421 0 0 14.1421 0 0 14.1421 0 0 14.1421 0 0 14.1421 0 0 14.1421 0 0 14.1421 0 0 14.1421 0 0 14.1421 0 0 14.1421 0 0 14.1421 0 0 14.1421 0 0 14.1421 0 0 -14.1421 0 0 -14.1421 0 0 -14.1421 0 0 -14.1421 0 0 -14.1421 0 0 -14.1421 0 0 -14.1421 0 0 14.1421 0 0 14.1421 0 0 14.1421 0 0 14.1421 0 0 14.1421 0 0 14.1421 0 0 0 0 0 0 
s	25
2491 2496 2524 2529 
2491 2492 2493 2494 2495 2496 2524 2525 2526 2527 2528 2529 
b
2 0
0.68667 0.35036 0.893372
2492 0 0 2
2493 0 0 2
2494 0 0 2
2495 0 0 1
2525 0 0 1
2526 0 0 2
2527 0 0 2
2528 0 0 2
g
0
0.3 2 0 0 1 2 0 2 4
t
2
50
15884 1357.62 100
15884 1357.62 -100
a
4
128
2496 2490 2529 2523 
1 2491 1 2525 0 2524 0 2640 0.5 2641 0.5 
1 2492 1 2525 0 2526 0 2640 0.5 2641 0.5 
1 2493 1 2526 0 2527 0 2640 0.5 2641 0.5 
1 2494 1 2527 0 2528 0 2640 0.5 2641 0.5 
1 2495 1 2528 0 2640 0.5 2641 0.5 
2 2525 1 2491 0 2492 0 2640 0.5 2641 0.5 
2 2526 1 2492 0 2493 0 2640 0.5 2641 0.5 
2 2527 1 2493 0 2494 0 2640 0.5 2641 0.5 
2 2528 1 2494 0 2495 0 2640 0.5 2641 0.5 
2 2524 1 2491 0 2640 0.5 2641 0.5 
0 2640 5 2491 0.5 2492 0.5 2493 0.5 2494 0.5 2495 0.5 2525 0.5 2526 0.5 2527 0.5 2528 0.5 2524 0.5 
0 2641 5 2491 0.5 2492 0.5 2493 0.5 2494 0.5 2495 0.5 2525 0.5 2526 0.5 2527 0.5 2528 0.5 2524 0.5 
NanList DIR 0
d
36
0 0 -5.01724 0 0 -5.01724 0 0 -5.01724 0 0 -5.01724 0 0 -5.01724 0 0 5.01724 0 0 5.01724 0 0 5.01724 0 0 5.01724 0 0 5.01724 0 0 0 0 0 0 
