33 1 0.1 0.3 1 0 23 1
p
0
30
1000 0 0
999.688 77.9136 0
999.376 155.827 0
999.281 233.747 0
999.375 311.67 0
999.644 389.599 0
1000 467.536 0
1000.26 545.487 0
999.773 623.46 0
998.212 701.457 0
995.183 779.47 0
990.368 857.474 0
983.602 935.429 0
974.792 1013.29 0
965.243 1091.11 0
954.827 1168.89 0
943.599 1246.61 0
932.408 1324.35 0
921.181 1402.1 0
909.989 1479.84 0
898.826 1557.57 0
887.642 1635.27 0
876.374 1712.91 0
864.968 1790.5 0
853.406 1868.02 0
841.726 1945.48 0
830.047 2022.91 0
818.595 2100.34 0
807.569 2177.83 0
794.814 2255.03 0
774.573 2330.63 0
p
1
30
1200 0 0
1188.31 83.1448 0
1176.61 166.29 0
1166.04 249.587 0
1157 333.075 0
1150.22 416.801 0
1146.51 500.76 0
1146.73 584.867 0
1150.32 668.97 0
1157.36 752.935 0
1167.33 836.671 0
1179.37 920.176 0
1192.14 1003.58 0
1204.02 1087.07 0
1213.22 1170.87 0
1218.22 1254.94 0
1217.69 1339.08 0
1211.13 1422.91 0
1198 1505.93 0
1178.25 1587.65 0
1152.21 1667.63 0
1120.53 1745.64 0
1084.11 1821.65 0
1044.08 1895.92 0
1001.7 1968.94 0
958.303 2041.39 0
915.306 2114.05 0
874.13 2187.69 0
836.194 2262.97 0
801.684 2339.79 0
767.053 2416.65 0
p
2
30
1400 0 0
1397.79 70.8529 0
1395.57 141.706 0
1393.36 212.559 0
1391.14 283.411 0
1388.93 354.264 0
1386.71 425.117 0
1384.5 495.97 0
1382.29 566.823 0
1380.07 637.676 0
1377.86 708.529 0
1375.64 779.382 0
1373.43 850.234 0
1371.21 921.087 0
1369 991.94 0
1366.79 1062.79 0
1364.57 1133.65 0
1362.36 1204.5 0
1360.14 1275.35 0
1357.93 1346.2 0
1355.71 1417.06 0
1353.5 1487.91 0
1351.29 1558.76 0
1349.07 1629.62 0
1346.86 1700.47 0
1344.64 1771.32 0
1342.43 1842.17 0
1340.22 1913.03 0
1338 1983.88 0
1335.79 2054.73 0
1333.57 2125.59 0
p
3
30
1600 0 0
1603.13 76.5029 0
1606.26 153.006 0
1608.49 229.538 0
1609.95 306.09 0
1610.33 382.659 0
1609.41 459.231 0
1606.27 535.762 0
1600.65 612.177 0
1592.78 688.421 0
1583.25 764.505 0
1572.76 840.482 0
1562.11 916.441 0
1552.55 992.53 0
1545.22 1068.84 0
1541.4 1145.37 0
1542.36 1221.97 0
1549.23 1298.27 0
1562.92 1373.68 0
1583.96 1447.47 0
1612.48 1518.83 0
1647.22 1587.58 0
1687.38 1653.52 0
1731.71 1716.97 0
1778.83 1778.61 0
1827.25 1839.42 0
1875.38 1900.63 0
1921.47 1963.53 0
1964.08 2028.92 0
2003.81 2096.39 11.9851
2041.97 2164.93 11.9851
p
4
30
1800 0 0
1788.31 66.3846 0
1776.61 132.769 0
1768.14 199.784 0
1765.06 267.575 0
1767.31 335.693 0
1774.95 403.754 0
1784.44 471.591 0
1795.99 539.266 0
1808.63 606.877 0
1820.74 674.62 0
1831.82 742.605 0
1842.29 810.792 0
1850.82 879.229 0
1858.48 947.751 0
1865.63 1016.25 0
1872.59 1084.65 0
1879.58 1152.95 0
1886.76 1221.17 0
1894.33 1289.36 0
1902.83 1357.54 0
1911.01 1425.89 0
1919.29 1494.42 0
1927.48 1563.15 0
1935.43 1632.09 0
1943.03 1701.21 0
1950.39 1770.43 0
1958.04 1839.62 0
1967.5 1908.53 0
1981.94 1976.44 0
2003.88 2042.09 0
p
5
30
2000 0 0
2005.16 76.3701 0
2010.32 152.74 0
2013.69 229.101 0
2015.74 305.456 0
2016.61 381.758 0
2017.6 457.969 0
2023.87 533.943 0
2036.05 609.145 0
2053.18 683.387 0
2073.07 756.968 0
2092.58 830.595 0
2108.26 904.996 0
2117 980.481 0
2117.96 1056.43 -8.24101
2112.69 1132.23 -8.24101
2101.58 1207.56 -8.24101
2085.98 1282.32 -8.24101
2067.75 1356.7 -8.24101
2048.91 1431.02 0
2031.6 1505.66 0
2018.01 1580.95 0
2009.92 1656.9 0
2008.31 1733.15 0
2013.04 1809.23 0
2022.78 1884.83 0
2035.1 1960.06 0
2046.73 2035.37 0
2053.88 2111.23 -15.4094
2055.15 2187.48 -15.4094
2056.96 2263.93 -15.4094
p
6
30
2200 0 0
2194.46 74.7075 0
2188.92 149.415 0
2185.01 224.196 0
2183.08 299.035 0
2183.57 373.896 0
2186.48 448.713 0
2188.35 523.561 0
2189.02 598.428 0
2187.96 673.286 0
2184.78 748.062 0
2179.29 822.679 0
2171.46 897.068 0
2161.28 971.172 0
2149.09 1045.04 8.24101
2136.12 1118.82 8.24101
2123.04 1192.58 8.24101
2110.3 1266.37 8.24101
2098.67 1340.29 8.24101
2088.82 1414.41 0
2081.41 1488.78 0
2077.06 1563.36 0
2075.96 1638.05 0
2077.78 1712.71 0
2081.79 1787.31 0
2086.94 1861.83 0
2092.07 1936.36 0
2095.98 2010.95 -15.4094
2097.18 2085.57 -15.4094
2092.96 2160.14 -15.4094
2083.6 2234.44 -15.4094
p
7
30
2400 0 0
2402.51 71.1326 0
2405.02 142.265 0
2403.68 213.635 0
2399.81 284.982 0
2392.93 356.218 0
2383.25 427.227 0
2371.83 498.008 0
2359.01 568.597 0
2345.79 639.131 0
2332.81 709.723 0
2320.34 780.421 0
2308.46 851.227 0
2297.65 922.172 0
2287.39 993.177 0
2277.23 1064.19 0
2266.61 1135.14 0
2256.56 1206.2 0
2246.58 1277.34 0
2236.66 1348.59 0
2226.79 1419.97 0
2216.99 1491.51 0
2207.27 1563.23 0
2197.66 1635.13 0
2188.09 1707.21 0
2178.38 1779.41 0
2168.04 1851.66 0
2156.07 1923.76 0
2140.71 1995.27 11.9851
2119.77 2065.4 11.9851
2093.97 2133.64 11.9851
p
8
30
2600 0 0
2589.91 88.0851 0
2579.81 176.17 0
2535.57 259.753 0
2493.38 344.139 0
2450.11 428.832 0
2411.76 514.559 0
2383.01 601.483 0
2367.75 689.478 0
2368.74 777.928 0
2386.94 865.562 0
2420.59 950.684 0
2464.4 1032 0
2504.12 1113.14 -10.5122
2530.6 1198.81 -10.5122
2553.99 1285.18 -10.5122
2569.61 1372.82 -10.5122
2593.07 1460.74 0
2612.58 1553.43 0
2612.63 1648.48 0
2585.87 1737.49 0
2533.73 1812.14 0
2463.34 1869.68 0
2383.24 1914.74 0
2301.14 1957.33 0
2224.68 2008.45 0
2162.61 2075.02 11.9851
2116.22 2153.15 11.9851
2063.81 2227.99 11.9851
2009.19 2300.7 11.9851
1954.49 2373.46 0
p
9
30
2800 0 0
2807.75 79.6918 0
2815.5 159.384 0
2816.84 239.703 0
2812.52 320.119 0
2803.81 400.447 0
2789.39 480.31 0
2768.47 559.104 0
2739.39 635.698 0
2698.52 707.45 0
2656.02 778.389 0
2615.63 850.44 0
2580.27 924.684 0
2553.98 1002.05 0
2540.05 1081.94 8.40979
2540.39 1162.57 8.40979
2554.41 1241.85 8.40979
2581 1317.95 8.40979
2617.96 1390.03 8.40979
2662.17 1458.34 0
2710.8 1523.94 0
2760.88 1588.48 0
2809.43 1653.92 0
2853.54 1721.92 0
2890.67 1793.42 -13.9844
2918.83 1868.48 -13.9844
2938.31 1946.12 -13.9844
2955.85 2024.37 -13.9844
2973.41 2102.69 -13.9844
2990.98 2181 -15.0113
3008.55 2259.32 -15.0113
p
10
30
3000 0 0
3006.43 63.3911 0
3012.85 126.782 0
3017.37 190.36 0
3019.05 254.117 0
3019.42 317.983 0
3017.99 381.946 0
3014.9 445.982 0
3010.13 510.08 0
3004.64 574.418 0
2998.85 638.865 0
2992.66 703.594 0
2982.02 768.316 0
2972.65 833.268 0
2963.22 898.453 0
2953.88 963.779 0
2944.46 1029.11 0
2935.67 1094.45 0
2927.41 1159.74 0
2919.89 1225.02 0
2913.39 1290.35 0
2908.25 1355.8 0
2904.85 1421.41 0
2903.64 1487.12 0
2904.97 1552.84 0
2909.05 1618.38 0
2915.68 1683.6 0
2924 1748.45 0
2932.18 1813.16 11.6537
2937.52 1878.02 11.6537
2937.63 1942.69 11.6537
p
11
30
3200 0 0
3195.32 72.1568 0
3190.65 144.314 0
3178.69 215.949 0
3156.03 285.697 0
3130.82 354.962 0
3102.85 423.668 0
3074.75 492.477 0
3049.41 562.129 0
3030.24 633.273 0
3023.08 706.193 0
3033.12 778.84 0
3057.66 848.253 0
3089.84 915.113 0
3125.63 980.6 0
3159.5 1047.18 0
3186.1 1116.76 -13.0144
3202.31 1189.12 -13.0144
3208.38 1262.69 -13.0144
3204.02 1336.03 -13.0144
3189.05 1407.65 -13.0144
3164.96 1476.47 -13.0144
3133.83 1542.3 -13.0144
3098.73 1606.06 -13.0144
3063.97 1669.95 0
3031.7 1735.28 0
3003.89 1802.69 0
2982.75 1872.43 0
2968.33 1943.89 11.6537
2954.07 2015.56 11.6537
2939.44 2087.19 11.6537
p
12
30
3400 0 0
3395.29 66.6176 0
3390.58 133.235 0
3379.65 199.773 0
3371.1 267.06 0
3360.35 334.046 0
3348.55 400.969 0
3336 467.751 0
3323.2 534.42 0
3310.87 601.103 0
3298.51 667.906 0
3286.57 734.952 0
3275.16 802.282 0
3264.31 869.844 0
3254.08 937.516 0
3244.53 1005.15 0
3235.82 1072.65 0
3228.29 1139.96 13.0144
3221.64 1207.17 13.0144
3213.05 1274.09 13.0144
3201.41 1340.52 13.0144
3187.23 1406.41 13.0144
3171.05 1471.79 13.0144
3153.66 1536.75 13.0144
3135.99 1601.49 13.0144
3118.68 1666.27 0
3101.48 1731.06 0
3084.27 1795.86 0
3067.06 1860.65 0
3049.86 1925.44 0
3032.65 1990.24 0
p
13
30
3600 0 0
3588.76 93.1694 0
3577.52 186.339 0
3572.79 279.843 0
3561.73 372.601 0
3548.01 465.152 0
3529.84 557.001 0
3506.93 647.988 0
3479.47 738.06 0
3448.05 827.276 0
3413.61 915.799 0
3377.29 1003.88 0
3340.39 1091.81 0
3304.29 1179.94 0
3270.32 1268.56 0
3239.73 1357.95 0
3212.97 1448.2 0
3188.22 1539 0
3164.21 1630.12 0
3140.3 1721.32 0
3116.39 1812.52 0
3092.49 1903.73 0
3068.58 1994.93 0
3044.67 2086.14 0
3020.76 2177.34 10.0076
2996.86 2268.54 10.0076
2972.95 2359.75 10.0076
2949.04 2450.95 0
2925.13 2542.16 0
2901.22 2633.36 0
2877.32 2724.56 0
p
14
30
3800 0 0
3797.53 64.5767 0
3795.07 129.153 0
3792.6 193.73 0
3790.14 258.307 0
3787.67 322.883 0
3785.2 387.46 0
3782.74 452.037 0
3780.27 516.613 0
3777.81 581.19 0
3775.34 645.767 0
3772.87 710.343 0
3770.41 774.92 0
3767.94 839.497 0
3765.48 904.073 0
3763.01 968.65 0
3760.54 1033.23 0
3758.08 1097.8 0
3755.61 1162.38 0
3753.15 1226.96 0
3750.68 1291.53 0
3748.21 1356.11 0
3745.75 1420.69 0
3743.28 1485.26 0
3740.82 1549.84 0
3738.35 1614.42 0
3735.88 1678.99 0
3733.42 1743.57 0
3730.95 1808.15 0
3728.48 1872.72 0
3726.02 1937.3 0
p
15
30
4000 0 0
4000.29 76.6724 0
4000.58 153.345 0
4000.87 230.015 0
4001.18 306.685 0
4001.55 383.353 0
4001.99 460.02 0
4002.55 536.685 0
4003.26 613.348 0
4004.18 690.008 0
4005.34 766.664 0
4006.78 843.315 0
4008.54 919.959 0
4010.67 996.594 0
4013.2 1073.22 0
4016.16 1149.83 0
4019.5 1226.43 0
4023.23 1303.01 0
4027.67 1379.56 0
4032.91 1456.06 0
4039.08 1532.51 0
4046.34 1608.86 0
4054.81 1685.1 0
4064.62 1761.19 0
4075.86 1837.1 0
4088.62 1912.78 0
4102.97 1988.19 0
4118.94 2063.29 0
4136.57 2138.05 0
4155.65 2212.47 0
4175.36 2286.74 0
p
16
30
4200 0 0
4188.92 74.1705 0
4177.83 148.341 0
4167.07 222.56 0
4156.67 296.834 0
4146.78 371.179 0
4137.51 445.607 0
4128.97 520.127 0
4121.25 594.741 0
4114.45 669.451 0
4108.63 744.251 0
4103.88 819.135 0
4100.27 894.091 0
4097.86 969.105 0
4096.72 1044.16 0
4096.92 1119.24 0
4098.45 1194.31 0
4101.37 1269.35 0
4105.32 1344.36 0
4110.26 1419.32 0
4116.04 1494.23 0
4122.52 1569.1 0
4129.58 1643.92 0
4137.09 1718.7 0
4144.93 1793.46 0
4152.99 1868.2 0
4161.14 1942.93 0
4169.26 2017.66 0
4177.25 2092.4 0
4184.96 2167.18 0
4192.38 2241.97 0
p
17
30
4400 0 0
4401.78 77.9783 0
4403.57 155.957 0
4407.85 233.9 0
4414.5 311.757 0
4423.41 389.506 0
4433.38 467.132 0
4444.81 544.623 0
4457.29 622.009 0
4470.54 699.312 0
4484.31 776.557 0
4498.33 853.771 0
4512.37 930.982 0
4526.18 1008.22 0
4539.52 1085.51 0
4552.15 1162.87 0
4563.82 1240.32 0
4574.28 1317.89 0
4583.29 1395.58 0
4590.6 1473.39 0
4596.34 1551.27 -9.68229
4602.09 1629.18 -9.68229
4608.62 1707.01 -9.68229
4615.61 1784.77 -9.68229
4622.66 1862.5 0
4629.72 1940.24 0
4636.78 2017.97 0
4643.84 2095.71 0
4650.9 2173.44 0
4657.96 2251.17 0
4665.02 2328.91 0
p
18
30
4600 0 0
4613.08 81.8181 0
4626.15 163.636 0
4642.77 244.804 0
4664.69 324.805 0
4693.27 402.861 0
4723.13 480.663 0
4753.27 558.442 0
4781.1 637.015 0
4804.25 716.948 0
4820.83 798.37 0
4829.78 880.966 0
4830.21 964.09 0
4820.42 1046.9 0
4801.49 1128.38 0
4773.83 1207.58 0
4739.56 1284.36 0
4701.9 1359.59 0
4665.15 1435.11 0
4636.06 1513.54 9.68229
4620.75 1595.37 9.68229
4624.03 1678.22 9.68229
4648.04 1757.49 9.68229
4692.26 1827.79 0
4751.75 1886.54 0
4821.31 1934.13 0
4895.74 1974.89 0
4970.42 2015.88 0
5039.88 2065.42 -17.2825
5098.05 2128.24 -17.2825
5147.8 2198.32 -17.2825
p
19
30
4800 0 0
4791.27 69.5293 0
4782.53 139.059 0
4779.43 209.358 0
4781.68 279.887 0
4790.82 350.182 0
4802.67 420.298 0
4816.5 490.297 0
4830.76 560.337 0
4843.76 630.606 0
4853.99 701.168 0
4860.29 771.899 0
4861.81 842.536 0
4859.06 912.92 0
4857.17 983.34 0
4857.83 1053.77 0
4860.61 1124.21 0
4867.56 1194.62 0
4880.36 1264.53 0
4895.5 1333.95 0
4913.1 1402.88 0
4930.81 1471.72 0
4948.15 1540.67 0
4965.52 1609.74 0
4980.03 1679.61 0
4993.19 1749.99 0
5006.25 1820.62 0
5021.07 1891.07 0
5039.77 1960.72 0
5064.37 2028.65 14.9616
5094.95 2094.39 14.9616
p
20
30
5000 0 0
4991.24 69.6581 0
4982.49 139.316 0
4975.35 209.196 0
4970.26 279.307 0
4967.92 349.651 0
4967.25 420.06 0
4968.25 490.527 0
4970.78 561.016 0
4974.7 631.494 0
4979.98 701.928 0
4986.61 772.287 0
4994.6 842.536 0
5004.11 912.633 0
5013.44 982.731 0
5022.48 1052.86 0
5030.79 1123.06 0
5038.2 1193.34 0
5044.71 1263.67 0
5051.57 1334.01 0
5059.38 1404.33 0
5066.38 1474.84 0
5073.01 1545.56 0
5079.16 1616.53 0
5084.82 1687.74 0
5090.1 1759.16 0
5095.23 1830.72 0
5100.56 1902.34 0
5106.64 1973.9 0
5114.18 2045.24 4.38487
5123.56 2116.27 4.38487
p
21
30
5200 0 0
5198.58 82.0607 0
5197.16 164.121 0
5197.88 246.208 0
5201.46 328.26 0
5209.07 410.119 0
5220.56 491.632 0
5236 572.631 0
5255.43 652.919 0
5278.41 732.399 0
5304.13 811.136 0
5331.39 889.393 0
5358.77 967.579 0
5384.72 1046.15 0
5407.82 1125.5 0
5426.68 1205.79 0
5440.04 1287.02 0
5446.91 1368.91 0
5446.6 1451 0
5438.77 1532.71 0
5423.53 1613.44 0
5401.4 1692.67 0
5373.26 1770.15 0
5340.35 1845.91 0
5304.16 1920.3 0
5266.37 1993.98 0
5228.84 2067.78 0
5193.55 2142.61 4.38487
5160.39 2218.33 4.38487
5123.44 2292.39 4.38487
5085.26 2366.19 0
p
22
30
5400 0 0
5404.25 71.0715 0
5408.51 142.143 0
5412.76 213.214 0
5417.01 284.286 0
5421.26 355.357 0
5425.52 426.429 0
5429.77 497.5 0
5434.02 568.572 0
5438.28 639.643 0
5442.53 710.715 0
5446.78 781.786 0
5451.04 852.858 0
5455.29 923.929 0
5459.54 995.001 0
5463.79 1066.07 0
5468.05 1137.14 0
5472.3 1208.22 0
5476.55 1279.29 0
5480.81 1350.36 0
5485.06 1421.43 0
5489.31 1492.5 0
5493.56 1563.57 0
5497.82 1634.64 0
5502.07 1705.72 0
5506.32 1776.79 0
5510.58 1847.86 0
5514.83 1918.93 0
5519.08 1990 0
5523.34 2061.07 0
5527.59 2132.14 0
p
23
30
5600 0 0
5601.11 74.7392 0
5602.23 149.478 0
5603.34 224.218 0
5604.46 298.957 0
5605.57 373.696 0
5606.68 448.435 0
5607.8 523.174 0
5608.91 597.913 0
5610.03 672.653 0
5611.14 747.392 0
5612.26 822.131 0
5613.37 896.87 0
5614.48 971.609 0
5615.6 1046.35 0
5616.71 1121.09 0
5617.83 1195.83 0
5618.94 1270.57 0
5620.05 1345.31 0
5621.17 1420.04 0
5622.28 1494.78 0
5623.4 1569.52 0
5624.51 1644.26 0
5625.62 1719 0
5626.74 1793.74 0
5627.85 1868.48 0
5628.97 1943.22 0
5630.08 2017.96 0
5631.2 2092.7 0
5632.31 2167.44 0
5633.42 2242.18 0
p
24
30
5800 0 0
5802.71 71.8765 0
5805.43 143.753 0
5808.14 215.63 0
5810.86 287.506 0
5813.57 359.383 0
5816.29 431.259 0
5819 503.136 0
5821.72 575.012 0
5824.43 646.889 0
5827.15 718.765 0
5829.86 790.642 0
5832.58 862.518 0
5835.29 934.395 0
5838.01 1006.27 0
5840.72 1078.15 0
5843.44 1150.02 0
5846.15 1221.9 0
5848.87 1293.78 0
5851.58 1365.65 0
5854.3 1437.53 0
5857.01 1509.41 0
5859.73 1581.28 0
5862.44 1653.16 0
5865.16 1725.04 0
5867.87 1796.91 0
5870.59 1868.79 0
5873.3 1940.67 0
5876.02 2012.54 0
5878.73 2084.42 0
5881.45 2156.3 0
p
25
30
6000 0 0
6009.67 64.4107 0
6019.34 128.821 0
6028.42 193.287 0
6036.44 257.868 0
6042.6 322.627 0
6047.86 387.521 0
6052.02 452.523 0
6055.26 517.606 0
6057.78 582.747 0
6059.81 647.924 0
6061.57 713.119 0
6063.32 778.317 0
6065.3 843.499 0
6067.75 908.647 0
6070.9 973.741 0
6074.98 1038.76 0
6080.18 1103.66 0
6086.68 1168.42 0
6094.63 1233 0
6104.14 1297.36 0
6115.3 1361.46 0
6128.13 1425.27 0
6142.64 1488.75 0
6158.77 1551.89 0
6176.27 1614.76 -14.4131
6194.32 1677.54 -14.4131
6212.53 1740.28 -14.4131
6230.8 1803.02 -14.4131
6249.08 1865.75 -14.4131
6267.38 1928.49 -14.4131
p
26
30
6200 0 0
6205.77 63.856 0
6211.55 127.712 0
6216.39 191.702 0
6219.95 255.844 0
6221.45 320.183 0
6220.67 384.547 0
6219.11 448.906 0
6216.63 513.277 0
6213.48 577.659 0
6209.85 642.05 0
6205.86 706.449 0
6201.56 770.854 0
6197 835.258 0
6192.16 899.654 0
6187.05 964.035 0
6181.65 1028.39 -12.0639
6176.34 1092.8 -12.0639
6172.85 1157.26 -12.0639
6171.87 1221.73 -12.0639
6173.26 1286.12 -12.0639
6176.76 1350.38 -12.0639
6182.25 1414.45 -12.0639
6189.88 1478.3 0
6199.39 1541.96 0
6210.31 1605.42 14.4131
6221.8 1668.78 14.4131
6233.45 1732.1 14.4131
6245.14 1795.42 14.4131
6256.86 1858.72 14.4131
6268.58 1922.03 14.4131
p
27
30
6400 0 0
6407.55 82.8101 0
6415.1 165.62 0
6426.05 248.077 0
6441.14 329.938 0
6459.98 411.027 0
6474.95 492.776 0
6479.09 575.792 0
6466.24 658.266 0
6436.02 736.85 0
6388.89 808.024 0
6331.72 872.214 0
6276.94 938.632 0
6230.87 1010.41 14.0745
6200.28 1088.87 14.0745
6183.68 1170.85 14.0745
6182.22 1254.13 14.0745
6196.35 1336.24 14.0745
6223.92 1415.21 14.0745
6263.03 1489.66 0
6310.32 1559.73 0
6361.74 1627.22 0
6413 1694.85 0
6459.63 1765.44 0
6497.02 1840.93 0
6521.77 1921.17 0
6531.89 2004.92 0
6514.75 2089.29 -12.6766
6474.63 2167.56 -12.6766
6428.37 2243.11 -12.6766
6381.96 2318.45 -12.6766
p
28
30
6600 0 0
6597.18 63.8008 0
6594.35 127.602 0
6591.66 191.428 0
6589.17 255.276 0
6586.93 319.146 0
6584.02 382.998 0
6581.25 446.897 0
6579.03 510.888 0
6578.3 575.025 0
6574.01 639.126 0
6577.23 704.629 0
6578.68 770.203 0
6579.29 836.282 0
6579.12 902.643 0
6578.13 969.008 0
6576.41 1035.14 0
6574.16 1100.9 0
6571.51 1166.24 0
6568.62 1231.25 0
6565.58 1296.05 0
6562.47 1360.83 0
6559.35 1425.76 0
6556.28 1490.95 0
6553.35 1556.44 0
6550.71 1622.19 0
6548.56 1688.1 0
6547.24 1754.01 0
6547.24 1819.76 0
6549.3 1885.22 0
6553.74 1950.4 0
p
29
30
6800 0 0
6794.66 89.3971 0
6789.33 178.794 0
6783.96 268.175 0
6778.51 357.539 0
6772.33 446.844 0
6762.88 535.89 0
6752.97 624.868 0
6744.01 713.906 0
6744.31 803.435 0
6755.55 892.338 0
6782.02 978.212 0
6817.12 1061.62 0
6857.32 1143.16 0
6896.6 1225.29 0
6928.25 1310.47 -12.3491
6946.71 1399.13 -12.3491
6951.51 1489.51 -12.3491
6941.89 1579.65 -12.3491
6920.85 1667.76 -12.3491
6889.65 1752.73 0
6849.73 1834.09 -12.3491
6800.36 1910.58 -12.3491
6741.5 1980.85 -12.3491
6673.27 2043.27 -12.3491
6599.43 2100.25 -12.3491
6524.56 2156.71 12.6766
6454.43 2219.68 12.6766
6385.55 2284.15 12.6766
6316.28 2348.28 12.6766
6246.93 2412.32 0
p
30
30
7000 0 0
6993.21 84.98 0
6986.42 169.96 0
6980.8 255.029 0
6976.56 340.187 0
6973.92 425.426 0
6972.62 510.739 0
6973.4 596.074 0
6976.36 681.387 0
6979.84 766.691 0
6983.55 851.991 0
6986.75 937.302 0
6988.73 1022.63 0
6988.76 1107.95 0
6986.13 1193.19 0
6980.12 1278.25 0
6969.95 1362.91 15.4363
6954.23 1446.84 15.4363
6931.07 1529.04 15.4363
6901.91 1609.48 15.4363
6869.7 1688.91 0
6836.11 1767.85 0
6801.71 1846.51 15.4363
6765.86 1924.63 15.4363
6727.02 2001.59 15.4363
6684.86 2077.2 15.4363
6641.09 2152.08 0
6597.08 2226.83 0
6553.06 2301.59 0
6509.05 2376.34 0
6465.04 2451.09 0
p
31
30
7200 0 0
7195.99 74.4839 0
7191.98 148.968 0
7187.97 223.452 0
7183.96 297.935 0
7179.95 372.419 0
7175.94 446.903 0
7171.93 521.387 0
7167.92 595.871 0
7163.91 670.355 0
7159.9 744.839 0
7155.89 819.322 0
7151.88 893.806 0
7147.87 968.29 0
7143.86 1042.77 0
7139.85 1117.26 0
7135.84 1191.74 0
7131.83 1266.23 0
7127.82 1340.71 0
7123.81 1415.19 0
7119.8 1489.68 0
7115.79 1564.16 0
7111.78 1638.64 0
7107.77 1713.13 0
7103.76 1787.61 0
7099.75 1862.1 0
7095.74 1936.58 0
7091.73 2011.06 0
7087.71 2085.55 0
7083.7 2160.03 0
7079.69 2234.52 0
p
32
30
7400 0 0
7399.45 76.128 0
7398.9 152.256 0
7398.35 228.384 0
7397.8 304.512 0
7397.25 380.64 0
7396.7 456.768 0
7396.15 532.896 0
7395.6 609.024 0
7395.06 685.152 0
7394.51 761.28 0
7393.96 837.408 0
7393.41 913.536 0
7392.86 989.664 0
7392.31 1065.79 0
7391.76 1141.92 0
7391.21 1218.05 0
7390.66 1294.18 0
7390.11 1370.3 0
7389.56 1446.43 0
7389.01 1522.56 0
7388.46 1598.69 0
7387.91 1674.82 0
7387.36 1750.94 0
7386.81 1827.07 0
7386.26 1903.2 0
7385.71 1979.33 0
7385.17 2055.46 0
7384.62 2131.58 0
7384.07 2207.71 0
7383.52 2283.84 0
p
33
30
7600 0 0
7596.1 73.2226 0
7592.21 146.445 0
7588.31 219.668 0
7584.41 292.89 0
7580.52 366.113 0
7576.62 439.335 0
7572.72 512.558 0
7568.83 585.781 0
7564.93 659.003 0
7561.03 732.226 0
7557.13 805.448 0
7553.24 878.671 0
7549.34 951.893 0
7545.44 1025.12 0
7541.55 1098.34 0
7537.65 1171.56 0
7533.75 1244.78 0
7529.86 1318.01 0
7525.96 1391.23 0
7522.06 1464.45 0
7518.17 1537.67 0
7514.27 1610.9 0
7510.37 1684.12 0
7506.48 1757.34 0
7502.58 1830.56 0
7498.68 1903.79 0
7494.78 1977.01 0
7490.89 2050.23 0
7486.99 2123.45 0
7483.09 2196.68 0
p
34
30
7800 0 0
7802.28 73.6404 0
7804.57 147.281 0
7806.82 220.922 0
7809.04 294.564 0
7811.19 368.208 0
7813.28 441.854 0
7815.28 515.502 0
7817.18 589.153 0
7818.96 662.807 0
7820.61 736.464 0
7822.11 810.125 0
7823.45 883.788 0
7824.61 957.455 0
7825.59 1031.12 0
7826.48 1104.79 0
7827.3 1178.47 0
7828.1 1252.14 0
7828.92 1325.81 0
7829.81 1399.48 0
7830.82 1473.15 0
7831.98 1546.82 0
7833.35 1620.48 0
7834.97 1694.14 0
7836.88 1767.79 0
7839.14 1841.43 0
7841.78 1915.06 0
7844.85 1988.67 0
7848.39 2062.26 0
7852.45 2135.82 0
7856.97 2209.36 0
p
35
30
8000 0 0
7993.11 72.501 0
7986.22 145.002 0
7979.44 217.514 0
7972.81 290.04 0
7966.37 362.583 0
7960.18 435.149 0
7954.28 507.74 0
7948.74 580.359 0
7943.58 653.008 0
7938.87 725.688 0
7934.64 798.399 0
7930.94 871.142 0
7927.81 943.913 0
7925.31 1016.71 0
7923.2 1089.52 0
7921.47 1162.35 0
7920.02 1235.18 0
7918.76 1308.01 0
7917.6 1380.85 0
7916.46 1453.69 0
7915.24 1526.53 0
7913.86 1599.36 0
7912.22 1672.19 0
7910.25 1745.01 0
7907.84 1817.81 0
7904.92 1890.59 0
7901.38 1963.34 0
7897.15 2036.05 0
7892.12 2108.7 0
7886.37 2181.31 0
p
36
30
8200 0 0
8198.07 81.9195 0
8196.14 163.839 0
8194.21 245.758 0
8192.28 327.678 0
8190.35 409.597 0
8188.43 491.517 0
8186.5 573.436 0
8184.57 655.356 0
8182.64 737.275 0
8180.71 819.195 0
8178.78 901.114 0
8176.85 983.034 0
8174.92 1064.95 0
8172.99 1146.87 0
8171.06 1228.79 0
8169.13 1310.71 0
8167.2 1392.63 0
8165.28 1474.55 0
8163.35 1556.47 0
8161.42 1638.39 0
8159.49 1720.31 0
8157.56 1802.23 0
8155.63 1884.15 0
8153.7 1966.07 0
8151.77 2047.99 0
8149.84 2129.91 0
8147.91 2211.83 0
8145.98 2293.75 0
8144.06 2375.67 0
8142.13 2457.58 0
p
37
30
8400 0 0
8404.27 75.5627 0
8408.53 151.125 0
8412.28 226.71 0
8416.17 302.289 0
8420.23 377.86 0
8424.68 453.409 0
8429.77 528.92 0
8435.77 604.366 0
8442.95 679.716 0
8451.57 754.922 0
8461.88 829.926 0
8473.68 904.729 0
8487.07 979.285 0
8502.04 1053.56 0
8518.55 1127.54 0
8536.57 1201.2 0
8556.05 1274.52 0
8576.9 1347.49 0
8599.07 1420.12 0
8622.45 1492.4 0
8646.95 1564.34 0
8672.46 1635.97 0
8698.87 1707.31 0
8726.06 1778.38 0
8753.89 1849.24 0
8782.24 1919.92 0
8810.95 1990.47 0
8839.89 2060.95 12.6375
8868.89 2131.42 12.6375
8897.9 2201.89 12.6375
p
38
30
8600 0 0
8595.93 69.9462 0
8591.87 139.892 0
8589.78 209.975 0
8588.6 280.082 0
8588.78 350.222 0
8590.37 420.367 0
8593.4 490.485 0
8597.85 560.544 0
8603.71 630.513 0
8610.96 700.365 0
8619.6 770.075 0
8629.08 839.687 0
8639.34 909.204 0
8650.21 978.648 0
8661.59 1048.04 0
8673.36 1117.38 0
8685.47 1186.7 0
8697.89 1255.99 0
8710.6 1325.25 0
8723.61 1394.49 0
8736.96 1463.69 0
8750.69 1532.83 0
8764.86 1601.9 0
8779.55 1670.88 0
8794.84 1739.73 0
8810.84 1808.43 0
8827.66 1876.94 0
8845.33 1945.25 12.6375
8863.66 2013.39 12.6375
8882.63 2081.36 12.6375
p
39
30
8800 0 0
8802.84 74.6557 0
8805.69 149.311 0
8808.61 223.945 0
8811.55 298.588 0
8814.52 373.23 0
8817.51 447.871 0
8820.52 522.511 0
8823.53 597.151 0
8826.55 671.791 0
8829.57 746.431 0
8832.58 821.071 0
8835.57 895.711 0
8838.55 970.353 0
8841.5 1045 0
8844.41 1119.64 0
8847.29 1194.28 0
8850.13 1268.93 0
8852.91 1343.58 0
8855.64 1418.23 0
8858.3 1492.88 0
8860.89 1567.54 0
8863.41 1642.2 0
8865.85 1716.86 0
8868.21 1791.53 0
8870.47 1866.19 0
8872.69 1940.86 -15.165
8875.16 2015.5 -15.165
8878.05 2090.15 -15.165
8881.05 2164.79 -15.165
8884.04 2239.44 -15.165
p
40
30
9000 0 0
9010 88.2754 0
9019.99 176.551 0
9029.45 264.848 0
9037.52 353.255 0
9043.08 441.836 0
9044.36 530.587 0
9039.17 619.257 0
9025.66 707.217 0
9003.47 793.64 0
8974.98 878.325 0
8947.9 963.466 0
8928.32 1050.24 0
8922.46 1138.57 0
8934.33 1226.18 0
8964.15 1309.8 0
9007.95 1387.71 0
9058.34 1461.94 0
9107.86 1536.81 -7.864
9156.14 1612.59 -7.864
9204.32 1688.6 0
9252.52 1764.65 0
9300.73 1840.69 0
9348.94 1916.73 0
9397.14 1992.78 0
9445.35 2068.82 0
9493.56 2144.86 0
9541.76 2220.9 0
9589.97 2296.95 0
9638.18 2372.99 0
9686.38 2449.03 0
p
41
30
9200 0 0
9211.31 78.474 0
9222.63 156.948 0
9230.96 235.878 0
9235.63 315.218 0
9236.03 394.842 0
9231.4 474.539 0
9221.27 554 0
9206.22 632.937 0
9187.31 711.252 0
9165.24 788.934 0
9146.05 867.077 0
9129.39 945.575 0
9115.61 1024.42 0
9105.15 1103.8 0
9095.97 1183.82 0
9085.59 1264.52 0
9083.95 1346.27 0
9093.89 1427.37 0
9118.52 1504.74 5.24267
9156.87 1575.55 5.24267
9209.16 1636.37 5.24267
9274.39 1683.64 0
9348.55 1717.22 0
9426.71 1742.61 0
9504 1770.68 0
9573.29 1813.59 0
9626.82 1873.71 8.52187
9673.28 1940.2 8.52187
9708.03 2014.31 0
9735.34 2091.97 0
p
42
30
9400 0 0
9396.01 63.1914 0
9392.02 126.383 0
9388.34 189.598 0
9385.17 252.85 0
9382.99 316.163 0
9382.43 379.547 0
9384.09 442.972 0
9388.44 506.345 0
9395.76 569.534 0
9406.42 632.356 0
9417.77 695.091 0
9429.55 757.815 0
9440.83 820.67 0
9452.3 883.544 0
9463.9 946.427 0
9477.34 1009.08 0
9490.75 1071.63 0
9504.63 1134.06 0
9518.74 1196.42 0
9531.98 1258.96 0
9544.52 1321.69 0
9556.3 1384.63 0
9567.43 1447.79 0
9578.11 1511.13 0
9588.7 1574.59 0
9599.71 1638.07 0
9611.83 1701.42 0
9626.02 1764.4 0
9643.39 1826.62 -17.0437
9664.11 1887.91 -17.0437
p
43
30
9600 0 0
9595.97 62.9778 0
9591.94 125.956 0
9588.27 188.963 0
9584.97 251.993 0
9581.39 314.991 0
9577.47 377.944 0
9573.55 440.865 0
9570.29 503.798 0
9568.44 566.777 0
9568.76 629.792 0
9570.44 692.85 0
9573.74 755.904 0
9578.55 818.934 0
9584.44 881.856 0
9591.22 944.694 0
9599.24 1007.35 0
9607.89 1070.01 0
9616.98 1132.63 0
9626.25 1195.24 0
9635.39 1257.86 0
9644.12 1320.53 0
9652.2 1383.25 0
9659.37 1446.05 0
9665.46 1508.92 0
9670.31 1571.85 0
9673.82 1634.82 0
9675.95 1697.83 0
9676.69 1760.85 0
9676.43 1823.89 8.52187
9676.5 1887.08 8.52187
p
44
30
9800 0 0
9797.89 71.4537 0
9795.78 142.907 0
9793.9 214.348 0
9792.39 285.778 0
9791.69 357.231 0
9792.04 428.711 0
9793.64 500.202 0
9796.6 571.684 0
9800.87 643.15 0
9805.7 714.658 0
9811.12 786.143 0
9816.85 857.662 0
9822.52 929.263 0
9828.44 1000.82 0
9834.3 1072.41 0
9839.78 1144.04 0
9845.21 1215.7 0
9850.22 1287.39 0
9854.58 1359.15 0
9858 1430.98 0
9860.16 1502.87 0
9860.7 1574.81 0
9859.21 1646.75 0
9855.23 1718.61 0
9848.24 1790.26 0
9837.63 1861.48 0
9822.66 1931.92 0
9802.49 2001.07 0
9776.1 2068.16 -0.495937
9743.89 2132.64 -0.495937
p
45
30
10000 0 0
9986.62 74.4007 0
9973.24 148.801 0
9960.37 223.294 0
9948.25 297.916 0
9937.12 372.698 0
9927.24 447.659 0
9919.14 522.841 0
9913.54 598.269 0
9911.47 673.915 0
9914.24 749.611 0
9920.86 825.169 0
9931.71 900.354 0
9946.46 974.979 0
9962.85 1049.38 0
9979.83 1123.71 0
9995.96 1198.21 0
10010.1 1273.05 0
10021 1348.31 0
10027.7 1423.93 0
10029.1 1499.69 0
10024.8 1575.21 0
10014.1 1650.03 0
9997.12 1723.63 0
9973.86 1795.52 0
9944.76 1865.33 0
9910.45 1932.85 0
9871.75 1998.09 0
9829.59 2061.3 0
9785.12 2123.05 0.495937
9739.77 2184.32 0.495937
p
46
30
10200 0 0
10211.1 83.7109 0
10222.3 167.422 0
10231.8 251.343 0
10237.5 335.66 0
10237.1 420.327 0
10227.2 504.776 0
10208.9 588.185 0
10186.8 671.138 0
10162.3 753.813 0
10137.2 836.49 0
10113.5 919.603 0
10093.2 1003.43 0
10077.8 1088.02 0
10068.7 1173.16 0
10066.9 1258.42 0
10072.9 1343.23 0
10086.7 1426.94 0
10108.2 1508.98 0
10136.5 1588.97 0
10170.6 1666.79 0
10209.3 1742.63 0
10251.1 1817.02 0
10294.2 1890.73 0
10337 1964.68 0
10377.5 2039.86 0
10414.7 2116.72 0
10450.1 2194.53 12.1603
10485.5 2272.4 12.1603
10521 2350.21 12.1603
10556.6 2428.01 12.1603
p
47
30
10400 0 0
10402 70.3593 0
10403.9 140.719 0
10405.3 211.133 0
10405.5 281.614 0
10406.3 352.181 0
10405.5 422.887 0
10409 493.987 0
10411.1 565.201 0
10413.1 636.71 0
10414.7 708.455 0
10415.4 780.343 0
10415.5 852.263 0
10415.2 924.116 0
10414.4 995.837 0
10413.5 1067.41 0
10412.4 1138.86 0
10411.3 1210.24 0
10410.3 1281.65 0
10409.3 1353.14 0
10408.5 1424.8 0
10407.8 1496.63 0
10407.3 1568.63 0
10407.2 1640.76 0
10407.6 1712.92 0
10408.9 1785.02 0
10411.7 1856.94 0
10416.8 1928.55 0
10425.6 1999.59 0
10439.3 2069.72 12.1603
10457 2138.87 12.1603
p
48
30
10600 0 0
10605.8 83.9883 0
10611.7 167.977 0
10621.1 251.585 0
10633.8 334.813 0
10647.8 417.758 0
10659.6 500.868 0
10669.1 584.18 0
10675 667.874 0
10676.4 751.76 0
10673.4 835.671 -10.9565
10666.2 919.427 -10.9565
10654.8 1002.89 -10.9565
10639.6 1085.97 -10.9565
10621.7 1168.73 -10.9565
10601.8 1251.19 0
10580 1333.3 0
10557.1 1415.22 0
10534.7 1497.21 0
10514.1 1579.52 0
10496.3 1662.27 0
10482.4 1745.51 0
10472.9 1829.14 0
10468 1913 0
10467.3 1996.93 0
10470.7 2080.71 -14.5924
10478.4 2164.3 -14.5924
10487.2 2248.05 -14.5924
10495.9 2331.88 -14.5924
10504.5 2415.71 -14.5924
10513 2499.54 0
p
49
30
10800 0 0
10803.5 76.661 0
10807 153.322 0
10811.5 229.974 0
10814.2 306.721 0
10814.3 383.607 0
10809.5 460.543 0
10798.4 537.112 0
10780.7 612.756 0
10759.7 687.838 0
10736.2 762.318 0
10711.9 836.524 9.13045
10688.8 911.019 9.13045
10669.1 986.293 9.13045
10654.6 1062.48 9.13045
10646.3 1139.39 9.13045
10645.7 1216.54 9.13045
10654.3 1293.06 0
10672.1 1367.98 0
10698.2 1440.56 0
10731.2 1510.54 0
10769.1 1578.23 0
10809.9 1644.46 0
10851.1 1710.44 0
10890.5 1777.53 0
10925.4 1846.94 0
10953.2 1919.43 0
10973 1994.58 0
10988.4 2070.98 0
10997.5 2148.9 -10.1445
11003 2227.5 -10.1445
p
50
30
11000 0 0
10994.2 66.1672 0
10988.5 132.334 0
10984.3 198.703 0
10980.2 265.071 0
10976.6 331.497 0
10973.9 398.007 0
10973.1 464.647 0
10974.1 531.351 0
10975.5 598.054 0
10977.4 664.782 0
10979.8 731.526 0
10982.6 798.281 0
10985 865.071 0
10987.2 931.904 0
10989 998.792 0
10990.4 1065.75 0
10991.5 1132.78 0
10992.1 1199.9 0
10992.4 1267.12 0
10992.4 1334.43 0
10992 1401.83 0
10991.4 1469.32 0
10990.5 1536.87 0
10989.6 1604.49 0
10988.7 1672.14 0
10988.1 1739.81 0
10988.4 1807.47 0
10990.2 1875.08 0
10994.3 1942.55 0
11001.1 2009.81 0
p
51
30
11200 0 0
11201.7 79.3554 0
11203.4 158.711 0
11207.5 237.993 0
11211.8 317.277 0
11216.7 396.554 0
11221.8 475.836 0
11227 555.133 0
11232.7 634.422 0
11238 713.754 0
11242.8 793.126 0
11247 872.543 0
11250.1 952.003 0
11251.9 1031.5 0
11252.3 1111.01 0
11250.9 1190.5 0
11247.6 1269.95 0
11242.2 1349.29 0
11234.6 1428.47 0
11224.6 1507.43 0
11212.2 1586.1 0
11197.4 1664.42 0
11180.1 1742.32 0
11160.5 1819.76 0
11138.6 1896.68 0
11114.6 1973.08 0
11088.6 2048.94 0
11060.8 2124.29 0
11031.6 2199.19 10.1445
11001.6 2273.84 10.1445
10971.5 2348.46 0
p
52
30
11400 0 0
11419.6 74.4807 0
11439.1 148.961 0
11458 223.613 0
11476.1 298.467 0
11493.2 373.586 0
11508.8 449.015 0
11522.9 524.778 0
11535.1 600.881 0
11545.3 677.306 0
11553.4 754.019 0
11559.2 830.969 0
11562.6 908.095 0
11563.7 985.327 0
11562.3 1062.59 0
11558.6 1139.82 0
11552.5 1216.93 0
11544.1 1293.87 0
11533.4 1370.55 0
11520.3 1446.91 0
11504.8 1522.84 0
11486.6 1598.25 0
11465.7 1672.97 0
11443.1 1747.25 0
11418.9 1821.07 0
11393.4 1894.5 0
11366.9 1967.6 0
11339.7 2040.45 0
11311.9 2113.13 0
11283.9 2185.73 0
11255.9 2258.33 0
p
53
30
11600 0 0
11603 79.8061 0
11605.9 159.612 0
11609 239.41 0
11612.3 319.201 0
11615.6 398.985 0
11619.1 478.763 0
11622.5 558.54 0
11625.9 638.32 0
11628.8 718.11 0
11631.3 797.916 0
11632.9 877.741 0
11633.5 957.58 0
11632.8 1037.42 0
11630.4 1117.24 0
11626.2 1196.99 0
11620 1276.61 0
11611.5 1356.06 0
11600.7 1435.25 0
11587.5 1514.11 0
11571.7 1592.54 0
11553.3 1670.44 0
11532.2 1747.72 0
11507.9 1824.12 0
11480.3 1899.48 0
11449.4 1973.6 0
11415.1 2046.32 0
11377.7 2117.53 0
11337.3 2187.2 0
11294.4 2255.36 0
11249.4 2322.28 0
p
54
30
11800 0 0
11797.6 70.7976 0
11795.2 141.595 0
11792.8 212.393 0
11790.4 283.191 0
11788 353.988 0
11785.7 424.786 0
11783.3 495.583 0
11780.9 566.381 0
11778.5 637.179 0
11776.1 707.976 0
11773.7 778.774 0
11771.3 849.572 0
11768.9 920.369 0
11766.5 991.167 0
11764.1 1061.96 0
11761.7 1132.76 0
11759.4 1203.56 0
11757 1274.36 0
11754.6 1345.15 0
11752.2 1415.95 0
11749.8 1486.75 0
11747.4 1557.55 0
11745 1628.35 0
11742.6 1699.14 0
11740.2 1769.94 0
11737.8 1840.74 0
11735.4 1911.54 0
11733 1982.33 0
11730.7 2053.13 0
11728.3 2123.93 0
p
55
30
12000 0 0
12005.5 69.3762 0
12010.9 138.752 0
12015.7 208.186 0
12019.5 277.691 0
12021.7 347.279 0
12023 416.902 0
12023.3 486.56 0
12022.8 556.24 0
12021.5 625.934 0
12019.6 695.636 0
12017.1 765.341 0
12014.2 835.047 0
12011 904.751 0
12007.5 974.454 0
12004 1044.16 0
12000.5 1113.88 -10.8783
11997.6 1183.6 -10.8783
11995.6 1253.31 -10.8783
11994.9 1322.95 -10.8783
11995.3 1392.56 -10.8783
11996.6 1462.14 -10.8783
11998.8 1531.68 -10.8783
12002 1601.2 -10.8783
12006 1670.69 -10.8783
12010.6 1740.14 -10.8783
12015.3 1809.58 0
12019.9 1879.02 0
12024.6 1948.46 0
12029.3 2017.9 0
12034 2087.34 0
p
56
30
12200 0 0
12210.4 80.6073 0
12220.7 161.215 0
12231.5 241.75 0
12242.1 322.299 0
12251.2 403.015 0
12254.5 484.258 0
12246.3 565.47 0
12226.1 644.741 0
12198.7 722.774 0
12165.1 799.079 0
12128.4 874.409 0
12091.8 949.856 0
12058.4 1026.47 0
12030.5 1104.64 12.0869
12007.9 1183.92 12.0869
11992.1 1264.28 12.0869
11984.1 1345.36 12.0869
11983.7 1426.57 12.0869
11990.4 1507.35 12.0869
12003.7 1587.29 12.0869
12022.4 1666.19 12.0869
12044.9 1744.27 12.0869
12069.9 1821.66 0
12094.8 1899.03 0
12116.6 1977.24 0
12132.2 2056.79 0
12139.1 2137.58 0
12136.5 2218.73 0
12129.9 2300.29 0
12122.7 2381.81 0
p
57
30
12400 0 0
12402.3 76.0035 0
12404.6 152.007 0
12406.3 228.036 0
12407.2 304.088 0
12406.9 380.171 0
12405.1 456.263 0
12399.9 532.354 0
12395.5 608.827 0
12389.7 685.142 0
12382.9 761.464 0
12375.2 837.782 0
12366.7 914.068 0
12357.6 990.301 0
12348 1066.46 0
12337.9 1142.55 0
12327.5 1218.55 0
12316.9 1294.49 0
12306.2 1370.37 0
12295.3 1446.22 0
12284.3 1522.05 0
12273.2 1597.88 0
12261.9 1673.71 0
12250.4 1749.56 0
12238.7 1825.41 0
12226.7 1901.24 0
12214.2 1977.03 0
12201.2 2052.76 0
12187.6 2128.39 0
12173.3 2203.89 0
12158.4 2279.16 0
p
58
30
12600 0 0
12596.7 91.4128 0
12593.4 182.826 0
12591.1 274.269 0
12590.7 365.743 0
12593.6 457.198 0
12598.6 548.562 0
12605.2 639.714 0
12612.6 730.51 0
12619.4 821.54 0
12624.6 912.644 0
12627.1 1003.82 0
12625.6 1094.98 0
12619.5 1185.95 0
12608 1276.45 0
12590.6 1366.14 0
12567.3 1454.7 0
12538.2 1541.84 0
12503.9 1627.39 0
12465.2 1711.39 0
12423.2 1794.06 0
12379.2 1875.89 0
12334.8 1957.52 0
12291.8 2039.7 0
12251.9 2123.16 0
12217.2 2208.49 0
12187.3 2295.38 0
12155.7 2382.11 0
12123.4 2468.7 0
12091 2555.29 0
12058.7 2641.88 0
p
59
30
12800 0 0
12799.7 84.7131 0
12799.4 169.426 0
12799 254.139 0
12798.7 338.852 0
12798.4 423.565 0
12798.1 508.279 0
12797.7 592.992 0
12797.4 677.705 0
12797.1 762.418 0
12796.8 847.131 0
12796.4 931.844 0
12796.1 1016.56 0
12795.8 1101.27 0
12795.5 1185.98 0
12795.2 1270.7 0
12794.8 1355.41 0
12794.5 1440.12 0
12794.2 1524.84 0
12793.9 1609.55 0
12793.5 1694.26 0
12793.2 1778.97 0
12792.9 1863.69 0
12792.6 1948.4 0
12792.2 2033.11 0
12791.9 2117.83 0
12791.6 2202.54 0
12791.3 2287.25 0
12791 2371.97 0
12790.6 2456.68 0
12790.3 2541.39 0
p
60
30
13000 0 0
12999.9 77.0806 0
12999.9 154.161 0
12999.8 231.242 0
12999.8 308.322 0
12999.7 385.403 0
12999.7 462.484 0
12999.6 539.564 0
12999.6 616.645 0
12999.5 693.726 0
12999.4 770.806 0
12999.4 847.887 0
12999.3 924.967 0
12999.3 1002.05 0
12999.2 1079.13 0
12999.2 1156.21 0
12999.1 1233.29 0
12999 1310.37 0
12999 1387.45 0
12998.9 1464.53 0
12998.9 1541.61 0
12998.8 1618.69 0
12998.8 1695.77 0
12998.7 1772.85 0
12998.7 1849.93 0
12998.6 1927.02 0
12998.5 2004.1 0
12998.5 2081.18 0
12998.4 2158.26 0
12998.4 2235.34 0
12998.3 2312.42 0
p
61
30
13200 0 0
13200.7 78.0358 0
13201.4 156.072 0
13202.1 234.107 0
13202.8 312.143 0
13203.5 390.179 0
13204.1 468.215 0
13204.8 546.25 0
13205.5 624.286 0
13206.2 702.322 0
13206.9 780.358 0
13207.6 858.393 0
13208.3 936.429 0
13209 1014.46 0
13209.7 1092.5 0
13210.4 1170.54 0
13211.1 1248.57 0
13211.7 1326.61 0
13212.4 1404.64 0
13213.1 1482.68 0
13213.8 1560.72 0
13214.5 1638.75 0
13215.2 1716.79 0
13215.9 1794.82 0
13216.6 1872.86 0
13217.3 1950.89 0
13218 2028.93 0
13218.7 2106.97 0
13219.3 2185 0
13220 2263.04 0
13220.7 2341.07 0
p
62
30
13400 0 0
13397.2 84.5994 0
13394.4 169.199 0
13391.6 253.798 0
13388.9 338.398 0
13386.1 422.997 0
13383.3 507.596 0
13380.5 592.196 0
13377.7 676.795 0
13374.9 761.395 0
13372.1 845.994 0
13369.3 930.593 0
13366.6 1015.19 0
13363.8 1099.79 0
13361 1184.39 0
13358.2 1268.99 0
13355.4 1353.59 0
13352.6 1438.19 0
13349.8 1522.79 0
13347.1 1607.39 0
13344.3 1691.99 0
13341.5 1776.59 0
13338.7 1861.19 0
13335.9 1945.79 0
13333.1 2030.39 0
13330.3 2114.98 0
13327.5 2199.58 0
13324.8 2284.18 0
13322 2368.78 0
13319.2 2453.38 0
13316.4 2537.98 0
p
63
30
13600 0 0
13600.1 80.3879 0
13600.3 160.776 0
13600.4 241.164 0
13600.5 321.552 0
13600.6 401.939 0
13600.8 482.327 0
13600.9 562.715 0
13601 643.103 0
13601.1 723.491 0
13601.3 803.879 0
13601.4 884.267 0
13601.5 964.655 0
13601.6 1045.04 0
13601.8 1125.43 0
13601.9 1205.82 0
13602 1286.21 0
13602.1 1366.59 0
13602.3 1446.98 0
13602.4 1527.37 0
13602.5 1607.76 0
13602.6 1688.15 0
13602.8 1768.53 0
13602.9 1848.92 0
13603 1929.31 0
13603.1 2009.7 0
13603.3 2090.08 0
13603.4 2170.47 0
13603.5 2250.86 0
13603.6 2331.25 0
13603.8 2411.64 0
p
64
30
13800 0 0
13797.2 81.9505 0
13794.4 163.901 0
13791.6 245.851 0
13788.8 327.802 0
13786 409.752 0
13783.2 491.703 0
13780.4 573.653 0
13777.6 655.604 0
13774.8 737.554 0
13772 819.505 0
13769.2 901.455 0
13766.4 983.406 0
13763.6 1065.36 0
13760.8 1147.31 0
13758 1229.26 0
13755.2 1311.21 0
13752.4 1393.16 0
13749.6 1475.11 0
13746.8 1557.06 0
13744 1639.01 0
13741.2 1720.96 0
13738.4 1802.91 0
13735.6 1884.86 0
13732.8 1966.81 0
13730 2048.76 0
13727.2 2130.71 0
13724.4 2212.66 0
13721.6 2294.61 0
13718.8 2376.56 0
13716 2458.51 0
p
65
30
14000 0 0
13994.1 74.6478 0
13988.2 149.296 0
13982.3 223.944 0
13976.3 298.591 0
13970.4 373.239 0
13964.5 447.887 0
13958.6 522.535 0
13952.7 597.183 0
13946.8 671.831 0
13940.9 746.478 0
13934.9 821.126 0
13929 895.774 0
13923.1 970.422 0
13917.2 1045.07 0
13911.3 1119.72 0
13905.4 1194.37 0
13899.5 1269.01 0
13893.6 1343.66 0
13887.6 1418.31 0
13881.7 1492.96 0
13875.8 1567.6 0
13869.9 1642.25 0
13864 1716.9 0
13858.1 1791.55 0
13852.2 1866.2 0
13846.2 1940.84 0
13840.3 2015.49 0
13834.4 2090.14 0
13828.5 2164.79 0
13822.6 2239.44 0
p
66
30
14200 0 0
14205.3 77.9695 0
14210.6 155.939 0
14215.9 233.908 0
14221.2 311.878 0
14226.6 389.847 0
14231.9 467.817 0
14237.2 545.786 0
14242.5 623.756 0
14247.8 701.725 0
14253.1 779.695 0
14258.4 857.664 0
14263.7 935.634 0
14269 1013.6 0
14274.3 1091.57 0
14279.7 1169.54 0
14285 1247.51 0
14290.3 1325.48 0
14295.6 1403.45 0
14300.9 1481.42 0
14306.2 1559.39 0
14311.5 1637.36 0
14316.8 1715.33 0
14322.1 1793.3 0
14327.5 1871.27 0
14332.8 1949.24 0
14338.1 2027.21 0
14343.4 2105.18 0
14348.7 2183.15 0
14354 2261.11 0
14359.3 2339.08 0
p
67
30
14400 0 0
14402.8 75.743 0
14405.6 151.486 0
14408.5 227.229 0
14411.3 302.972 0
14414.1 378.715 0
14416.9 454.458 0
14419.8 530.201 0
14422.6 605.944 0
14425.4 681.687 0
14428.2 757.43 0
14431.1 833.173 0
14433.9 908.916 0
14436.7 984.659 0
14439.5 1060.4 0
14442.4 1136.15 0
14445.2 1211.89 0
14448 1287.63 0
14450.8 1363.37 0
14453.7 1439.12 0
14456.5 1514.86 0
14459.3 1590.6 0
14462.1 1666.35 0
14465 1742.09 0
14467.8 1817.83 0
14470.6 1893.58 0
14473.4 1969.32 0
14476.3 2045.06 0
14479.1 2120.81 0
14481.9 2196.55 0
14484.7 2272.29 0
p
68
30
14600 0 0
14597.8 87.8876 0
14595.7 175.775 0
14591.5 263.583 0
14586.9 351.373 0
14581.8 439.137 0
14576.7 526.897 0
14571.7 614.668 0
14565.7 702.396 0
14558.7 790.068 0
14551.8 877.749 0
14545.2 965.454 0
14539.3 1053.22 0
14534.8 1141.06 0
14532.3 1228.98 0
14532.2 1316.97 0
14535.1 1404.94 0
14541.2 1492.82 0
14550.8 1580.46 0
14564 1667.75 0
14580.6 1754.56 0
14600.3 1840.83 0
14622.7 1926.54 0
14647 2011.76 0
14672.4 2096.67 0
14697.7 2181.51 0
14722 2266.58 4.60487
14744.4 2352.08 4.60487
14766.8 2437.64 0
14789.1 2523.21 0
14811.5 2608.77 0
p
69
30
14800 0 0
14801 76.6341 0
14801.9 153.268 0
14802.5 229.929 0
14803.1 306.596 0
14803.5 383.283 0
14803.1 459.998 0
14801.5 536.727 0
14799.6 613.449 0
14797.3 690.175 0
14794.8 766.901 0
14792.2 843.633 0
14789.7 920.374 0
14787.2 997.129 0
14784.9 1073.91 0
14782.8 1150.71 0
14781 1227.56 0
14779.4 1304.46 0
14778.1 1381.42 0
14777 1458.45 0
14776.1 1535.56 0
14775.4 1612.74 0
14774.9 1690 0
14774.5 1767.32 0
14774.2 1844.7 0
14773.6 1922.11 0
14772.6 1999.55 0
14770.8 2076.97 0
14768 2154.34 0
14763.7 2231.6 -9.20974
14757.9 2308.73 -9.20974
p
70
30
15000 0 0
14986.8 78.7073 0
14973.7 157.415 0
14958.8 235.813 0
14945.1 314.419 0
14933.5 393.347 0
14925.3 472.728 0
14921.7 552.505 0
14922.5 632.486 0
14927.7 712.453 0
14936.4 792.275 0
14947.9 871.887 0
14961.1 951.33 0
14974.9 1030.71 0
14988.2 1110.15 0
15000 1189.76 0
15009.5 1269.52 0
15016.1 1349.43 0
15019.3 1429.4 0
15019.1 1509.3 0
15015 1588.99 0
15005.6 1668.17 0
14990.5 1746.46 0
14969.7 1823.49 0
14943.9 1899.04 0
14914.2 1973.19 0
14882.3 2046.47 0
14850.5 2119.8 0
14821.5 2194.37 0
14796.7 2270.58 4.60487
14771.8 2347.1 4.60487
p
71
30
15200 0 0
15199.4 75.7299 0
15198.8 151.46 0
15198.4 227.179 0
15197.5 302.882 0
15195.6 378.567 0
15192.1 454.195 0
15186.4 529.693 0
15177.8 604.937 0
15165.9 679.779 0
15152.2 754.366 0
15137 828.695 0
15120.9 902.883 0
15104.9 977.073 0
15089.7 1051.41 0
15076.1 1126.03 0
15064.8 1200.98 0
15056.7 1276.26 0
15052.1 1351.81 0
15051.5 1427.48 0
15054.8 1503.08 0
15061.7 1578.5 0
15070.2 1653.88 0
15079.9 1729.15 0
15089.4 1804.38 0
15098.5 1879.65 0
15107.6 1954.93 0
15117 2030.17 0
15127 2105.33 0
15138 2180.37 0
15150.1 2255.28 0
p
72
30
15400 0 0
15409.5 76.3359 0
15419 152.672 0
15428.3 229.026 0
15436.1 305.568 0
15442.1 382.292 0
15445.6 459.21 0
15445.8 536.266 0
15442.2 613.321 0
15434.3 690.162 0
15424.3 766.797 0
15411.7 843.125 0
15396.8 919.043 0
15379 994.364 0
15357.5 1068.75 0
15331 1141.61 0
15297.6 1211.85 0
15255.5 1277.79 0
15208 1340.45 0
15162.4 1404.78 0
15123.7 1473.18 0
15098.5 1546.93 0
15092.4 1623.83 0
15106.7 1699.17 0
15141.8 1767.5 0
15194.2 1824.47 0
15255.1 1872.96 0
15315.1 1922.76 0
15362.2 1984.49 0
15386.6 2058.27 29.6902
15404.4 2134.27 29.6902
p
73
30
15600 0 0
15590 67.1743 0
15580 134.349 0
15570.7 201.663 0
15561.8 269.041 0
15553.4 336.504 0
15545.7 404.062 0
15538.7 471.727 0
15532.6 539.52 0
15527.9 607.471 0
15523.4 675.424 0
15519.2 743.413 0
15515.1 811.421 0
15510.8 879.433 0
15506.3 947.437 0
15501.3 1015.43 0
15496.1 1083.43 0
15491.2 1151.56 0
15488.3 1220.07 0
15484.3 1288.46 0
15479.8 1356.86 0
15474.4 1425.23 0
15468.5 1493.65 0
15462.8 1562.25 0
15455.4 1630.9 0
15447.3 1699.7 0
15438.6 1768.64 0
15430 1837.71 0
15422.8 1906.95 0
15418.8 1976.4 29.6902
15418.2 2045.71 29.6902
p
74
30
15800 0 0
15790.9 71.4181 0
15781.8 142.836 0
15773.6 214.351 0
15765.9 285.924 0
15759.1 357.595 0
15753.6 429.369 0
15749.5 501.244 0
15747.1 573.199 0
15746.5 645.195 0
15746.5 717.221 0
15746.6 789.254 0
15746.3 861.286 0
15744.9 933.295 0
15741.8 1005.24 0
15736.4 1077.03 0
15728.6 1148.6 0
15718.3 1219.92 0
15705.7 1290.76 0
15690.3 1361.06 0
15672 1430.72 0
15651 1499.63 0
15627.4 1567.76 0
15601.6 1635.11 0
15574 1701.75 0
15544.9 1767.84 0
15515.1 1833.59 0
15485.2 1899.26 0
15456 1965.27 2.51872
15428.8 2032.03 2.51872
15402.9 2099.52 2.51872
p
75
30
16000 0 0
16004.1 79.2658 0
16008.2 158.532 0
16013.1 237.753 0
16018.2 316.958 0
16023.8 396.142 0
16029.6 475.304 0
16035.7 554.447 0
16041.9 633.58 0
16048.2 712.708 0
16053.4 791.924 0
16057 871.23 0
16058.6 950.614 0
16057.6 1030.02 0
16053.5 1109.36 0
16046 1188.48 0
16034.9 1267.22 0
16020.8 1345.49 0
15999.9 1422.42 0
15972 1497.28 0
15936.4 1569.07 0
15892.7 1636.7 0
15841.5 1699.37 0
15786 1758.75 0
15726.8 1815.04 0
15665.1 1869.19 0
15602.1 1922.25 0
15538.6 1975.25 0
15475.7 2029.26 -25.2634
15412.5 2083.23 -25.2634
15344 2131.01 -25.2634
p
76
30
16200 0 0
16184.9 96.9984 0
16169.9 193.997 0
16155.9 291.159 0
16142.8 388.447 0
16131.1 485.918 0
16121 583.595 0
16113.1 681.482 0
16107.6 779.562 0
16105 877.792 0
16104.7 976.084 0
16106.7 1074.38 0
16110.8 1172.63 0
16116.9 1270.79 0
16124.8 1368.82 0
16134.5 1466.71 0
16146.3 1564.44 0
16162.4 1661.93 0
16168 1760.48 0
16157.3 1858.55 0
16122.9 1951.02 0
16062 2028.99 0
15978.9 2084.34 0
15882.1 2114.06 0
15779.4 2121.08 0
15675.5 2114.76 0
15571.1 2108.62 0
15467.5 2118.65 -25.2634
15369.5 2151.88 -25.2634
15272 2187.79 0
15174.4 2224.43 0
p
77
30
16400 0 0
16396.4 73.8104 0
16392.9 147.621 0
16389.3 221.431 0
16385.7 295.242 0
16382.2 369.052 0
16378.6 442.863 0
16375.1 516.673 0
16371.5 590.484 0
16367.9 664.294 0
16364.4 738.104 0
16360.8 811.915 0
16357.2 885.725 0
16353.7 959.536 0
16350.1 1033.35 0
16346.5 1107.16 0
16343 1180.97 0
16339.4 1254.78 0
16335.9 1328.59 0
16332.3 1402.4 0
16328.7 1476.21 0
16325.2 1550.02 0
16321.6 1623.83 0
16318 1697.64 0
16314.5 1771.45 0
16310.9 1845.26 0
16307.3 1919.07 0
16303.8 1992.88 0
16300.2 2066.69 0
16296.7 2140.5 0
16293.1 2214.31 0
p
78
30
16600 0 0
16601.3 76.2787 0
16602.5 152.557 0
16604 228.817 0
16605.8 305.059 0
16608.4 381.275 0
16611.9 457.447 0
16616.6 533.553 0
16621.8 609.646 0
16627.8 685.69 0
16634.4 761.694 0
16641.5 837.663 0
16649.1 913.601 0
16657 989.518 0
16665.1 1065.42 0
16673.2 1141.32 0
16681.3 1217.23 0
16689.3 1293.15 0
16696.9 1369.1 0
16704.3 1445.07 0
16711.2 1521.08 0
16717.6 1597.12 0
16723.4 1673.2 0
16728.6 1749.32 0
16733.2 1825.46 0
16737.1 1901.64 0
16740.4 1977.83 0
16742.9 2054.05 0
16744.3 2130.34 0
16744.3 2206.63 0
16743.2 2282.93 0
p
79
30
16800 0 0
16803 71.6362 0
16806.1 143.272 0
16808.9 214.938 0
16811.4 286.629 0
16813.4 358.348 0
16814.8 430.1 0
16815.3 501.884 0
16815.8 573.657 0
16816 645.437 0
16816 717.225 0
16815.4 789.032 0
16814 860.866 0
16811.2 932.726 0
16808.4 1004.65 0
16805.3 1076.65 0
16802.1 1148.73 0
16798.9 1220.87 0
16795.7 1293.08 0
16792.5 1365.32 0
16789.3 1437.56 0
16786.2 1509.79 0
16783.1 1581.97 0
16780.2 1654.09 0
16777.5 1726.14 0
16775.3 1798.11 0
16773.8 1870.02 0
16773.3 1941.87 0
16774.6 2013.66 0
16777.7 2085.33 0
16780 2157 0
s	0
128 129 130 193 194 195 196 225 226 227 228 229 259 260 261 262 290 291 292 293 294 
128 129 130 193 194 195 196 225 226 227 228 229 259 260 261 262 290 291 292 293 294 
b
2 0
0.783099 0.394383 0.840188
129 0 0 1
194 0 0 1
b
4 0
0.197551 0.911647 0.79844
195 0 0 2
226 0 0 2
227 0 0 3
228 0 0 2
260 0 0 1
261 0 0 2
291 0 0 1
292 0 0 3
293 0 0 2
g
0
1 2 0 0 1 2 0 2 5
t
2
0
2080.96 2140.57 100
2080.01 2142.71 -100
a
10
0
130 127 196 192 229 224 262 258 294 289 
1 226 1 291 0 260 0 261 0 290 0 2640 0.422953 2641 0.577047 
1 227 1 291 0 292 0 260 0 261 0 2640 0.422953 2641 0.577047 
1 228 1 291 0 292 0 293 0 2640 0.422953 2641 0.577047 
1 225 1 260 0 259 0 2640 0.422953 2641 0.577047 
2 291 1 194 0 226 0 227 0 228 0 2640 0.559925 2641 0.440075 
2 292 1 194 0 227 0 228 0 195 0 2640 0.559925 2641 0.440075 
2 293 1 194 0 228 0 195 0 2640 0.559925 2641 0.440075 
2 290 1 226 0 2640 0.559925 2641 0.440075 
1 194 1 291 0 292 0 293 0 129 0 2640 0.422953 2641 0.577047 
1 193 1 129 0 128 0 2640 0.422953 2641 0.577047 
1 195 1 292 0 293 0 2640 0.422953 2641 0.577047 
2 260 1 226 0 227 0 225 0 2640 0.559925 2641 0.440075 
2 261 1 226 0 227 0 2640 0.559925 2641 0.440075 
2 259 1 225 0 2640 0.559925 2641 0.440075 
2 129 1 194 0 193 0 2640 0.559925 2641 0.440075 
2 128 1 193 0 2640 0.559925 2641 0.440075 
0 2640 8 226 0.422953 227 0.422953 228 0.422953 225 0.422953 291 0.559925 292 0.559925 293 0.559925 290 0.559925 194 0.422953 193 0.422953 195 0.422953 260 0.559925 261 0.559925 259 0.559925 129 0.559925 128 0.559925 
0 2641 8 226 0.577047 227 0.577047 228 0.577047 225 0.577047 291 0.440075 292 0.440075 293 0.440075 290 0.440075 194 0.577047 193 0.577047 195 0.577047 260 0.440075 261 0.440075 259 0.440075 129 0.440075 128 0.440075 
NanList HYP 0
d
54
0 0 -15.4094 0 0 -15.4094 0 0 -15.4094 0 0 -15.4094 0 0 11.9851 0 0 11.9851 0 0 11.9851 0 0 11.9851 0 0 -15.4094 0 0 -15.4094 0 0 -15.4094 0 0 11.9851 0 0 11.9851 0 0 11.9851 0 0 11.9851 0 0 11.9851 0.474113 -1.06609 0 -0.474054 1.06603 0 
s	1
179 184 212 217 
179 180 181 182 183 184 212 213 214 215 216 217 
b
2 0
0.277775 0.76823 0.335223
180 0 0 2
181 0 0 2
182 0 0 2
183 0 0 1
213 0 0 1
214 0 0 2
215 0 0 2
216 0 0 2
g
0
1 2 0 0 1 2 0 2 5
t
2
2
2111.4 1199.24 100
2109.24 1200.43 -100
a
4
10
184 178 217 211 
1 179 1 213 0 212 0 2640 0.458795 2641 0.541205 
1 180 1 213 0 214 0 2640 0.458795 2641 0.541205 
1 181 1 214 0 215 0 2640 0.458795 2641 0.541205 
1 182 1 215 0 216 0 2640 0.458795 2641 0.541205 
1 183 1 216 0 2640 0.458795 2641 0.541205 
2 213 1 179 0 180 0 2640 0.541205 2641 0.458795 
2 214 1 180 0 181 0 2640 0.541205 2641 0.458795 
2 215 1 181 0 182 0 2640 0.541205 2641 0.458795 
2 216 1 182 0 183 0 2640 0.541205 2641 0.458795 
2 212 1 179 0 2640 0.541205 2641 0.458795 
0 2640 5 179 0.458795 180 0.458795 181 0.458795 182 0.458795 183 0.458795 213 0.541205 214 0.541205 215 0.541205 216 0.541205 212 0.541205 
0 2641 5 179 0.541205 180 0.541205 181 0.541205 182 0.541205 183 0.541205 213 0.458795 214 0.458795 215 0.458795 216 0.458795 212 0.458795 
NanList HYP 0
d
36
0 0 -8.24101 0 0 -8.24101 0 0 -8.24101 0 0 -8.24101 0 0 -8.24101 0 0 8.24101 0 0 8.24101 0 0 8.24101 0 0 8.24101 0 0 8.24101 1.0816 -0.594491 0 -1.08183 0.594522 0 
s	2
277 281 311 316 
277 278 279 280 281 311 312 313 314 315 316 
b
2 0
0.628871 0.477397 0.55397
278 0 0 2
279 0 0 2
280 0 0 2
312 0 0 1
313 0 0 2
314 0 0 2
315 0 0 1
g
0
1 2 0 0 1 2 0 2 5
t
2
4
2555.95 1240.31 100
2553.41 1240.65 -100
a
4
14
281 276 316 310 
1 277 1 312 0 311 0 2640 0.447439 2641 0.552561 
1 278 1 312 0 313 0 2640 0.447439 2641 0.552561 
1 279 1 313 0 314 0 2640 0.447439 2641 0.552561 
1 280 1 314 0 315 0 2640 0.447439 2641 0.552561 
2 312 1 277 0 278 0 2640 0.542049 2641 0.457951 
2 313 1 278 0 279 0 2640 0.542049 2641 0.457951 
2 314 1 279 0 280 0 2640 0.542049 2641 0.457951 
2 311 1 277 0 2640 0.542049 2641 0.457951 
2 315 1 280 0 2640 0.542049 2641 0.457951 
0 2640 4.5 277 0.447439 278 0.447439 279 0.447439 280 0.447439 312 0.542049 313 0.542049 314 0.542049 311 0.542049 315 0.542049 
0 2641 4.5 277 0.552561 278 0.552561 279 0.552561 280 0.552561 312 0.457951 313 0.457951 314 0.457951 311 0.457951 315 0.457951 
NanList HYP 0
d
33
0 0 -10.5122 0 0 -10.5122 0 0 -10.5122 0 0 -10.5122 0 0 8.40979 0 0 8.40979 0 0 8.40979 0 0 8.40979 0 0 8.40979 1.26993 -0.169125 0 -1.27001 0.169089 0 
s	3
321 326 358 361 391 394 
321 322 323 324 325 326 358 359 360 361 391 392 393 394 
b
3 0
0.95223 0.513401 0.364784
322 0 0 2
323 0 0 2
324 0 0 3
325 0 0 2
359 0 0 2
360 0 0 3
392 0 0 2
393 0 0 2
g
0
1 2 0 0 1 2 0 2 5
t
2
6
2941.17 1946.85 100
2939.97 1946.89 -100
a
6
18
326 320 361 357 394 390 
1 323 1 359 0 360 0 392 0 393 0 391 0 2640 0.430078 2641 0.569922 
1 324 1 360 0 392 0 393 0 391 0 2640 0.430078 2641 0.569922 
1 322 1 359 0 360 0 358 0 2640 0.430078 2641 0.569922 
1 321 1 359 0 358 0 2640 0.430078 2641 0.569922 
1 325 1 392 0 393 0 2640 0.430078 2641 0.569922 
2 359 1 323 0 322 0 321 0 2640 0.558268 2641 0.441732 
2 360 1 323 0 324 0 322 0 2640 0.558268 2641 0.441732 
2 358 1 322 0 321 0 2640 0.558268 2641 0.441732 
2 392 1 323 0 324 0 325 0 2640 0.558268 2641 0.441732 
2 393 1 323 0 324 0 325 0 2640 0.558268 2641 0.441732 
2 391 1 323 0 324 0 2640 0.558268 2641 0.441732 
0 2640 5.5 323 0.430078 324 0.430078 322 0.430078 321 0.430078 325 0.430078 359 0.558268 360 0.558268 358 0.558268 392 0.558268 393 0.558268 391 0.558268 
0 2641 5.5 323 0.569922 324 0.569922 322 0.569922 321 0.569922 325 0.569922 359 0.441732 360 0.441732 358 0.441732 392 0.441732 393 0.441732 391 0.441732 
NanList HYP 0
d
39
0 0 -13.9844 0 0 -13.9844 0 0 -13.9844 0 0 -13.9844 0 0 -13.9844 0 0 11.6537 0 0 11.6537 0 0 11.6537 0 0 11.6537 0 0 11.6537 0 0 11.6537 0.600435 -0.0168104 0 -0.600655 0.0167945 0 
s	4
326 328 453 456 
326 327 328 453 454 455 456 
b
2 0
0.717297 0.635712 0.916195
327 0 0 2
454 0 0 1
455 0 0 1
g
0
1 2 0 0 1 2 0 2 5
t
2
8
2997.85 2252.1 100
2998.19 2246.28 -100
a
3
24
328 456 452 
1 327 1 453 0 454 0 455 0 2640 0.424943 2641 0.575057 
1 326 1 453 0 454 0 2640 0.424943 2641 0.575057 
2 453 1 327 0 326 0 2640 0.550038 2641 0.449962 
2 454 1 327 0 326 0 2640 0.550038 2641 0.449962 
2 455 1 327 0 2640 0.550038 2641 0.449962 
0 2640 2.5 327 0.424943 326 0.424943 453 0.550038 454 0.550038 455 0.550038 
0 2641 2.5 327 0.575057 326 0.575057 453 0.449962 454 0.449962 455 0.449962 
NanList HYP 0
d
21
0 0 -15.0113 0 0 -15.0113 0 0 10.0076 0 0 10.0076 0 0 10.0076 -0.174651 2.90525 0 0.174612 -2.90514 0 
s	5
379 387 413 421 
379 380 381 382 383 384 385 386 387 413 414 415 416 417 418 419 420 421 
b
2 0
0.0163006 0.606969 0.141603
380 0 0 1
381 0 0 3
382 0 0 3
383 0 0 3
384 0 0 3
385 0 0 3
386 0 0 2
414 0 0 2
415 0 0 2
416 0 0 3
417 0 0 3
418 0 0 3
419 0 0 3
420 0 0 2
g
0
1 2 0 0 1 2 0 2 5
t
2
10
3182.25 1370.04 100
3180.22 1369.37 -100
a
4
27
387 378 421 412 
1 380 1 415 0 413 0 414 0 2640 0.434928 2641 0.565072 
1 381 1 415 0 416 0 414 0 2640 0.434928 2641 0.565072 
1 382 1 415 0 416 0 417 0 2640 0.434928 2641 0.565072 
1 383 1 416 0 417 0 418 0 2640 0.434928 2641 0.565072 
1 384 1 417 0 418 0 419 0 2640 0.434928 2641 0.565072 
1 385 1 418 0 419 0 420 0 2640 0.434928 2641 0.565072 
1 386 1 419 0 420 0 2640 0.434928 2641 0.565072 
1 379 1 413 0 2640 0.434928 2641 0.565072 
2 415 1 380 0 381 0 382 0 2640 0.565072 2641 0.434928 
2 416 1 381 0 382 0 383 0 2640 0.565072 2641 0.434928 
2 417 1 382 0 383 0 384 0 2640 0.565072 2641 0.434928 
2 418 1 383 0 384 0 385 0 2640 0.565072 2641 0.434928 
2 419 1 384 0 385 0 386 0 2640 0.565072 2641 0.434928 
2 413 1 380 0 379 0 2640 0.565072 2641 0.434928 
2 414 1 380 0 381 0 2640 0.565072 2641 0.434928 
2 420 1 385 0 386 0 2640 0.565072 2641 0.434928 
0 2640 8 380 0.434928 381 0.434928 382 0.434928 383 0.434928 384 0.434928 385 0.434928 386 0.434928 379 0.434928 415 0.565072 416 0.565072 417 0.565072 418 0.565072 419 0.565072 413 0.565072 414 0.565072 420 0.565072 
0 2641 8 380 0.565072 381 0.565072 382 0.565072 383 0.565072 384 0.565072 385 0.565072 386 0.565072 379 0.565072 415 0.434928 416 0.434928 417 0.434928 418 0.434928 419 0.434928 413 0.434928 414 0.434928 420 0.434928 
NanList HYP 0
d
54
0 0 -13.0144 0 0 -13.0144 0 0 -13.0144 0 0 -13.0144 0 0 -13.0144 0 0 -13.0144 0 0 -13.0144 0 0 -13.0144 0 0 13.0144 0 0 13.0144 0 0 13.0144 0 0 13.0144 0 0 13.0144 0 0 13.0144 0 0 13.0144 0 0 13.0144 1.01631 0.334321 0 -1.01621 -0.334292 0 
s	6
581 585 613 617 
581 582 583 584 585 613 614 615 616 617 
b
2 0
0.804177 0.137232 0.242887
582 0 0 2
583 0 0 2
584 0 0 1
614 0 0 1
615 0 0 2
616 0 0 2
g
0
1 2 0 0 1 2 0 2 5
t
2
12
4620.23 1650.56 100
4617.66 1653.65 -100
a
4
31
585 580 617 612 
1 581 1 614 0 613 0 2640 0.451589 2641 0.548411 
1 582 1 614 0 615 0 2640 0.451589 2641 0.548411 
1 583 1 615 0 616 0 2640 0.451589 2641 0.548411 
1 584 1 616 0 2640 0.451589 2641 0.548411 
2 614 1 581 0 582 0 2640 0.548411 2641 0.451589 
2 615 1 582 0 583 0 2640 0.548411 2641 0.451589 
2 616 1 583 0 584 0 2640 0.548411 2641 0.451589 
2 613 1 581 0 2640 0.548411 2641 0.451589 
0 2640 4 581 0.451589 582 0.451589 583 0.451589 584 0.451589 614 0.548411 615 0.548411 616 0.548411 613 0.548411 
0 2641 4 581 0.548411 582 0.548411 583 0.548411 584 0.548411 614 0.451589 615 0.451589 616 0.451589 613 0.451589 
NanList HYP 0
d
30
0 0 -9.68229 0 0 -9.68229 0 0 -9.68229 0 0 -9.68229 0 0 9.68229 0 0 9.68229 0 0 9.68229 0 0 9.68229 1.28568 -1.5444 0 -1.28545 1.54449 0 
s	7
622 625 656 658 689 691 720 723 
622 623 624 625 656 657 658 689 690 691 720 721 722 723 
b
4 0
0.12979 0.400944 0.156679
623 0 0 2
624 0 0 3
657 0 0 2
690 0 0 3
721 0 0 1
722 0 0 1
g
0
1 2 0 0 1 2 0 2 5
t
2
14
5116.6 2131.63 100
5115.44 2134.35 -100
a
8
35
625 621 658 655 691 688 723 719 
1 623 1 657 0 690 0 689 0 720 0 721 0 2640 0.413587 2641 0.586413 
1 624 1 690 0 720 0 721 0 722 0 2640 0.413587 2641 0.586413 
1 622 1 657 0 690 0 656 0 2640 0.413587 2641 0.586413 
2 690 1 623 0 624 0 657 0 622 0 2640 0.521924 2641 0.478076 
2 689 1 623 0 657 0 656 0 2640 0.521924 2641 0.478076 
3 657 1 623 0 690 0 622 0 689 0 2640 0.574808 2641 0.425192 
3 656 1 622 0 689 0 2640 0.574808 2641 0.425192 
2 720 1 623 0 624 0 2640 0.521924 2641 0.478076 
2 721 1 623 0 624 0 2640 0.521924 2641 0.478076 
2 722 1 624 0 2640 0.521924 2641 0.478076 
0 2640 5 623 0.413587 624 0.413587 622 0.413587 690 0.521924 689 0.521924 657 0.574808 656 0.574808 720 0.521924 721 0.521924 722 0.521924 
0 2641 5 623 0.586413 624 0.586413 622 0.586413 690 0.478076 689 0.478076 657 0.425192 656 0.425192 720 0.478076 721 0.478076 722 0.478076 
NanList HYP 0
d
36
0 0 -17.2825 0 0 -17.2825 0 0 -17.2825 0 0 4.38487 0 0 4.38487 0 0 14.9616 0 0 14.9616 0 0 4.38487 0 0 4.38487 0 0 4.38487 0.581166 -1.36064 0 -0.581346 1.36048 0 
s	8
850 856 883 889 
850 851 852 853 854 855 856 883 884 885 886 887 888 889 
b
2 0
0.218257 0.998924 0.108809
851 0 0 2
852 0 0 3
853 0 0 3
854 0 0 3
855 0 0 2
884 0 0 2
885 0 0 3
886 0 0 3
887 0 0 3
888 0 0 2
g
0
1 2 0 0 1 2 0 2 5
t
2
16
6231.81 1767.12 100
6229.27 1768.26 -100
a
4
43
856 849 889 882 
1 851 1 884 0 885 0 883 0 2640 0.427934 2641 0.572066 
1 852 1 884 0 885 0 886 0 2640 0.427934 2641 0.572066 
1 853 1 885 0 886 0 887 0 2640 0.427934 2641 0.572066 
1 854 1 886 0 887 0 888 0 2640 0.427934 2641 0.572066 
1 850 1 884 0 883 0 2640 0.427934 2641 0.572066 
1 855 1 887 0 888 0 2640 0.427934 2641 0.572066 
2 884 1 851 0 852 0 850 0 2640 0.572066 2641 0.427934 
2 885 1 851 0 852 0 853 0 2640 0.572066 2641 0.427934 
2 886 1 852 0 853 0 854 0 2640 0.572066 2641 0.427934 
2 887 1 853 0 854 0 855 0 2640 0.572066 2641 0.427934 
2 883 1 851 0 850 0 2640 0.572066 2641 0.427934 
2 888 1 854 0 855 0 2640 0.572066 2641 0.427934 
0 2640 6 851 0.427934 852 0.427934 853 0.427934 854 0.427934 850 0.427934 855 0.427934 884 0.572066 885 0.572066 886 0.572066 887 0.572066 883 0.572066 888 0.572066 
0 2641 6 851 0.572066 852 0.572066 853 0.572066 854 0.572066 850 0.572066 855 0.572066 884 0.427934 885 0.427934 886 0.427934 887 0.427934 883 0.427934 888 0.427934 
NanList HYP 0
d
42
0 0 -14.4131 0 0 -14.4131 0 0 -14.4131 0 0 -14.4131 0 0 -14.4131 0 0 -14.4131 0 0 14.4131 0 0 14.4131 0 0 14.4131 0 0 14.4131 0 0 14.4131 0 0 14.4131 1.27015 -0.568964 0 -1.2704 0.568954 0 
s	9
874 881 904 910 
874 875 876 877 878 879 880 881 904 905 906 907 908 909 910 
b
2 0
0.61264 0.839112 0.512932
875 0 0 2
876 0 0 3
877 0 0 2
878 0 0 2
879 0 0 2
880 0 0 2
905 0 0 2
906 0 0 3
907 0 0 3
908 0 0 3
909 0 0 2
g
0
1 2 0 0 1 2 0 2 5
t
2
18
6190.36 1216.87 100
6186.92 1218.03 -100
a
4
47
881 873 910 903 
1 875 1 905 0 906 0 904 0 2640 0.439681 2641 0.560319 
1 876 1 907 0 905 0 906 0 2640 0.439681 2641 0.560319 
1 879 1 907 0 908 0 909 0 2640 0.439681 2641 0.560319 
1 874 1 905 0 904 0 2640 0.439681 2641 0.560319 
1 877 1 907 0 906 0 2640 0.439681 2641 0.560319 
1 878 1 907 0 908 0 2640 0.439681 2641 0.560319 
1 880 1 908 0 909 0 2640 0.439681 2641 0.560319 
2 907 1 876 0 879 0 877 0 878 0 2640 0.570373 2641 0.429627 
2 905 1 875 0 876 0 874 0 2640 0.570373 2641 0.429627 
2 906 1 875 0 876 0 877 0 2640 0.570373 2641 0.429627 
2 908 1 879 0 878 0 880 0 2640 0.570373 2641 0.429627 
2 904 1 875 0 874 0 2640 0.570373 2641 0.429627 
2 909 1 879 0 880 0 2640 0.570373 2641 0.429627 
0 2640 6.5 875 0.439681 876 0.439681 879 0.439681 874 0.439681 877 0.439681 878 0.439681 880 0.439681 907 0.570373 905 0.570373 906 0.570373 908 0.570373 904 0.570373 909 0.570373 
0 2641 6.5 875 0.560319 876 0.560319 879 0.560319 874 0.560319 877 0.560319 878 0.560319 880 0.560319 907 0.429627 905 0.429627 906 0.429627 908 0.429627 904 0.429627 909 0.429627 
NanList HYP 0
d
45
0 0 -12.0639 0 0 -12.0639 0 0 -12.0639 0 0 -12.0639 0 0 -12.0639 0 0 -12.0639 0 0 -12.0639 0 0 14.0745 0 0 14.0745 0 0 14.0745 0 0 14.0745 0 0 14.0745 0 0 14.0745 1.71868 -0.582782 0 -1.7191 0.582806 0 
s	10
918 922 983 987 
918 919 920 921 922 983 984 985 986 987 
b
2 0
0.524287 0.637552 0.296032
919 0 0 1
920 0 0 2
921 0 0 2
984 0 0 2
985 0 0 2
986 0 0 1
g
0
1 2 0 0 1 2 0 2 5
t
2
20
6433.18 2231.42 100
6436.95 2225.39 -100
a
3
51
922 917 987 
1 921 1 984 0 985 0 986 0 2640 0.436617 2641 0.563383 
1 919 1 984 0 983 0 2640 0.436617 2641 0.563383 
1 920 1 984 0 985 0 2640 0.436617 2641 0.563383 
1 918 1 983 0 2640 0.436617 2641 0.563383 
2 984 1 921 0 919 0 920 0 2640 0.563383 2641 0.436617 
2 983 1 919 0 918 0 2640 0.563383 2641 0.436617 
2 985 1 921 0 920 0 2640 0.563383 2641 0.436617 
2 986 1 921 0 2640 0.563383 2641 0.436617 
0 2640 4 921 0.436617 919 0.436617 920 0.436617 918 0.436617 984 0.563383 983 0.563383 985 0.563383 986 0.563383 
0 2641 4 921 0.563383 919 0.563383 920 0.563383 918 0.563383 984 0.436617 983 0.436617 985 0.436617 986 0.436617 
NanList HYP 0
d
30
0 0 -12.6766 0 0 -12.6766 0 0 -12.6766 0 0 -12.6766 0 0 12.6766 0 0 12.6766 0 0 12.6766 0 0 12.6766 -1.88406 3.01714 0 1.88375 -3.01726 0 
s	11
972 977 1006 1010 
972 973 974 975 976 977 1006 1007 1008 1009 1010 
b
2 0
0.292517 0.972775 0.493583
973 0 0 1
974 0 0 2
975 0 0 2
976 0 0 1
1007 0 0 2
1008 0 0 2
1009 0 0 2
g
0
1 2 0 0 1 2 0 2 5
t
2
22
6938.58 1488.16 100
6938.39 1488.46 -100
a
4
54
977 971 1010 1005 
1 973 1 1008 0 1006 0 1007 0 2640 0.438255 2641 0.561745 
1 974 1 1008 0 1007 0 2640 0.438255 2641 0.561745 
1 975 1 1008 0 1009 0 2640 0.438255 2641 0.561745 
1 972 1 1006 0 2640 0.438255 2641 0.561745 
1 976 1 1009 0 2640 0.438255 2641 0.561745 
2 1008 1 973 0 974 0 975 0 2640 0.577182 2641 0.422818 
2 1006 1 973 0 972 0 2640 0.577182 2641 0.422818 
2 1007 1 973 0 974 0 2640 0.577182 2641 0.422818 
2 1009 1 975 0 976 0 2640 0.577182 2641 0.422818 
0 2640 4.5 973 0.438255 974 0.438255 975 0.438255 972 0.438255 976 0.438255 1008 0.577182 1006 0.577182 1007 0.577182 1009 0.577182 
0 2641 4.5 973 0.561745 974 0.561745 975 0.561745 972 0.561745 976 0.561745 1008 0.422818 1006 0.422818 1007 0.422818 1009 0.422818 
NanList HYP 0
d
33
0 0 -12.3491 0 0 -12.3491 0 0 -12.3491 0 0 -12.3491 0 0 -12.3491 0 0 15.4363 0 0 15.4363 0 0 15.4363 0 0 15.4363 0.0995454 -0.153496 0 -0.0991374 0.153379 0 
s	12
978 983 1012 1016 
978 979 980 981 982 983 1012 1013 1014 1015 1016 
b
2 0
0.769914 0.526745 0.771358
979 0 0 1
980 0 0 3
981 0 0 2
982 0 0 1
1013 0 0 2
1014 0 0 2
1015 0 0 3
g
0
1 2 0 0 1 2 0 2 5
t
2
24
6739.02 1968 100
6737.37 1969.55 -100
a
4
58
983 977 1016 1011 
1 979 1 1013 0 1014 0 1012 0 2640 0.438255 2641 0.561745 
1 980 1 1013 0 1014 0 1015 0 2640 0.438255 2641 0.561745 
1 981 1 1013 0 1014 0 1015 0 2640 0.438255 2641 0.561745 
1 978 1 1012 0 2640 0.438255 2641 0.561745 
1 982 1 1015 0 2640 0.438255 2641 0.561745 
2 1013 1 979 0 980 0 981 0 2640 0.577182 2641 0.422818 
2 1014 1 979 0 980 0 981 0 2640 0.577182 2641 0.422818 
2 1015 1 980 0 981 0 982 0 2640 0.577182 2641 0.422818 
2 1012 1 979 0 978 0 2640 0.577182 2641 0.422818 
0 2640 4.5 979 0.438255 980 0.438255 981 0.438255 978 0.438255 982 0.438255 1013 0.577182 1014 0.577182 1015 0.577182 1012 0.577182 
0 2641 4.5 979 0.561745 980 0.561745 981 0.561745 978 0.561745 982 0.561745 1013 0.422818 1014 0.422818 1015 0.422818 1012 0.422818 
NanList HYP 0
d
33
0 0 -12.3491 0 0 -12.3491 0 0 -12.3491 0 0 -12.3491 0 0 -12.3491 0 0 15.4363 0 0 15.4363 0 0 15.4363 0 0 15.4363 0.823554 -0.776966 0 -0.823606 0.777027 0 
s	13
1249 1252 1282 1285 1313 1318 
1249 1250 1251 1252 1282 1283 1284 1285 1313 1314 1315 1316 1317 1318 
b
3 0
0.283315 0.891529 0.400229
1250 0 0 2
1251 0 0 2
1283 0 0 2
1284 0 0 3
1314 0 0 2
1315 0 0 3
1316 0 0 3
1317 0 0 1
g
0
1 2 0 0 1 2 0 2 5
t
2
26
8870.94 2079.23 100
8872.57 2081.68 -100
a
6
62
1252 1248 1285 1281 1318 1312 
1 1315 1 1251 0 1283 0 1284 0 1249 0 1250 0 2640 0.424175 2641 0.575825 
1 1314 1 1283 0 1284 0 1249 0 1282 0 2640 0.424175 2641 0.575825 
1 1316 1 1251 0 1284 0 1250 0 2640 0.424175 2641 0.575825 
1 1313 1 1283 0 1282 0 2640 0.424175 2641 0.575825 
1 1317 1 1251 0 2640 0.424175 2641 0.575825 
2 1283 1 1315 0 1314 0 1313 0 2640 0.563187 2641 0.436812 
2 1284 1 1315 0 1314 0 1316 0 2640 0.563187 2641 0.436812 
2 1282 1 1314 0 1313 0 2640 0.563187 2641 0.436812 
2 1251 1 1315 0 1316 0 1317 0 2640 0.563187 2641 0.436812 
2 1249 1 1315 0 1314 0 2640 0.563187 2641 0.436812 
2 1250 1 1315 0 1316 0 2640 0.563187 2641 0.436812 
0 2640 5.5 1315 0.424175 1314 0.424175 1316 0.424175 1313 0.424175 1317 0.424175 1283 0.563187 1284 0.563187 1282 0.563187 1251 0.563187 1249 0.563187 1250 0.563187 
0 2641 5.5 1315 0.575825 1314 0.575825 1316 0.575825 1313 0.575825 1317 0.575825 1283 0.436812 1284 0.436812 1282 0.436812 1251 0.436812 1249 0.436812 1250 0.436812 
NanList HYP 0
d
39
0 0 -15.165 0 0 -15.165 0 0 -15.165 0 0 -15.165 0 0 -15.165 0 0 12.6375 0 0 12.6375 0 0 12.6375 0 0 12.6375 0 0 12.6375 0 0 12.6375 -0.814676 -1.22505 0 0.814136 1.22497 0 
s	14
1338 1340 1372 1375 
1338 1339 1340 1372 1373 1374 1375 
b
2 0
0.919026 0.807725 0.352458
1339 0 0 2
1373 0 0 1
1374 0 0 1
g
0
1 2 0 0 1 2 0 2 5
t
2
28
9150.64 1573.13 100
9148.78 1573.29 -100
a
4
68
1340 1337 1375 1371 
1 1338 1 1373 0 1372 0 2640 0.46068 2641 0.53932 
1 1339 1 1373 0 1374 0 2640 0.46068 2641 0.53932 
2 1373 1 1338 0 1339 0 2640 0.526213 2641 0.473787 
2 1372 1 1338 0 2640 0.526213 2641 0.473787 
2 1374 1 1339 0 2640 0.526213 2641 0.473787 
0 2640 2.5 1338 0.46068 1339 0.46068 1373 0.526213 1372 0.526213 1374 0.526213 
0 2641 2.5 1338 0.53932 1339 0.53932 1373 0.473787 1372 0.473787 1374 0.473787 
NanList HYP 0
d
21
0 0 -7.864 0 0 -7.864 0 0 5.24267 0 0 5.24267 0 0 5.24267 0.928515 -0.078047 0 -0.928437 0.0779747 0 
s	15
1380 1382 1415 1417 1448 1450 
1380 1381 1382 1415 1416 1417 1448 1449 1450 
b
3 0
0.525995 0.949327 0.0697553
1381 0 0 1
1416 0 0 2
1449 0 0 1
g
0
1 2 0 0 1 2 0 2 5
t
2
30
9660.63 1874.6 100
9659.55 1871.87 -100
a
6
72
1382 1379 1417 1414 1450 1447 
1 1416 1 1380 0 1449 0 1381 0 1448 0 2640 0.414781 2641 0.585219 
1 1415 1 1380 0 1449 0 2640 0.414781 2641 0.585219 
2 1380 1 1416 0 1415 0 2640 0.542609 2641 0.457391 
2 1381 1 1416 0 2640 0.542609 2641 0.457391 
2 1449 1 1416 0 1415 0 2640 0.542609 2641 0.457391 
2 1448 1 1416 0 2640 0.542609 2641 0.457391 
0 2640 3 1416 0.414781 1415 0.414781 1380 0.542609 1381 0.542609 1449 0.542609 1448 0.542609 
0 2641 3 1416 0.585219 1415 0.585219 1380 0.457391 1381 0.457391 1449 0.457391 1448 0.457391 
NanList HYP 0
d
24
0 0 -17.0437 0 0 -17.0437 0 0 8.52187 0 0 8.52187 0 0 8.52187 0 0 8.52187 0.540587 1.36096 0 -0.539702 -1.36093 0 
s	16
1481 1483 1514 1516 
1481 1482 1483 1514 1515 1516 
b
2 0
0.663227 0.192214 0.0860558
1482 0 0 1
1515 0 0 1
g
0
1 2 0 0 1 2 0 2 5
t
2
32
9761.23 2127.17 100
9761.21 2126.91 -100
a
4
78
1483 1480 1516 1513 
1 1482 1 1514 0 1515 0 2640 0.49752 2641 0.50248 
1 1481 1 1514 0 2640 0.49752 2641 0.50248 
2 1514 1 1482 0 1481 0 2640 0.50248 2641 0.49752 
2 1515 1 1482 0 2640 0.50248 2641 0.49752 
0 2640 2 1482 0.49752 1481 0.49752 1514 0.50248 1515 0.50248 
0 2641 2 1482 0.50248 1481 0.50248 1514 0.49752 1515 0.49752 
NanList HYP 0
d
18
0 0 -0.495937 0 0 -0.495937 0 0 0.495937 0 0 0.495937 0.00634867 0.13215 0 -0.0058018 -0.132111 0 
s	17
1545 1546 1547 1548 1549 1580 1581 1582 1609 1610 1611 1612 1613 1614 
1545 1546 1547 1548 1549 1580 1581 1582 1609 1610 1611 1612 1613 1614 
b
2 0
0.0641713 0.348893 0.890233
1546 0 0 2
1547 0 0 3
1548 0 0 1
1611 0 0 2
1612 0 0 2
1613 0 0 2
b
2 0
0.0630958 0.457702 0.020023
1581 0 0 1
1610 0 0 1
g
0
1 2 0 0 1 2 0 2 5
t
2
34
10485.9 2244.56 100
10486.2 2245.33 -100
a
6
82
1549 1544 1582 1579 1614 1608 
1 1610 1 1546 0 1545 0 1581 0 2640 0.427038 2641 0.572962 
1 1611 1 1546 0 1547 0 1545 0 2640 0.427038 2641 0.572962 
1 1609 1 1581 0 1580 0 2640 0.427038 2641 0.572962 
1 1612 1 1546 0 1547 0 2640 0.427038 2641 0.572962 
1 1613 1 1547 0 1548 0 2640 0.427038 2641 0.572962 
2 1546 1 1610 0 1611 0 1612 0 2640 0.560802 2641 0.439198 
2 1547 1 1611 0 1612 0 1613 0 2640 0.560802 2641 0.439198 
2 1545 1 1610 0 1611 0 2640 0.560802 2641 0.439198 
2 1548 1 1613 0 2640 0.560802 2641 0.439198 
2 1581 1 1610 0 1609 0 2640 0.560802 2641 0.439198 
2 1580 1 1609 0 2640 0.560802 2641 0.439198 
0 2640 5.5 1610 0.427038 1611 0.427038 1609 0.427038 1612 0.427038 1613 0.427038 1546 0.560802 1547 0.560802 1545 0.560802 1548 0.560802 1581 0.560802 1580 0.560802 
0 2641 5.5 1610 0.572962 1611 0.572962 1609 0.572962 1612 0.572962 1613 0.572962 1546 0.439198 1547 0.439198 1545 0.439198 1548 0.439198 1581 0.439198 1580 0.439198 
NanList HYP 0
d
39
0 0 -14.5924 0 0 -14.5924 0 0 -14.5924 0 0 -14.5924 0 0 -14.5924 0 0 12.1603 0 0 12.1603 0 0 12.1603 0 0 12.1603 0 0 12.1603 0 0 12.1603 -0.16111 -0.387396 0 0.160364 0.387327 0 
s	18
1594 1599 1628 1634 
1594 1595 1596 1597 1598 1599 1628 1629 1630 1631 1632 1633 1634 
b
2 0
0.902208 0.970634 0.23828
1595 0 0 2
1596 0 0 2
1597 0 0 3
1598 0 0 2
1629 0 0 1
1630 0 0 3
1631 0 0 2
1632 0 0 2
1633 0 0 1
g
0
1 2 0 0 1 2 0 2 5
t
2
36
10662 1016.13 100
10660.2 1013.86 -100
a
4
88
1599 1593 1634 1627 
1 1596 1 1629 0 1630 0 1631 0 2640 0.445217 2641 0.554783 
1 1597 1 1630 0 1631 0 1632 0 2640 0.445217 2641 0.554783 
1 1594 1 1629 0 1628 0 2640 0.445217 2641 0.554783 
1 1595 1 1629 0 1630 0 2640 0.445217 2641 0.554783 
1 1598 1 1632 0 1633 0 2640 0.445217 2641 0.554783 
2 1629 1 1596 0 1594 0 1595 0 2640 0.545652 2641 0.454348 
2 1630 1 1596 0 1597 0 1595 0 2640 0.545652 2641 0.454348 
2 1631 1 1596 0 1597 0 2640 0.545652 2641 0.454348 
2 1632 1 1597 0 1598 0 2640 0.545652 2641 0.454348 
2 1628 1 1594 0 2640 0.545652 2641 0.454348 
2 1633 1 1598 0 2640 0.545652 2641 0.454348 
0 2640 5.5 1596 0.445217 1597 0.445217 1594 0.445217 1595 0.445217 1598 0.445217 1629 0.545652 1630 0.545652 1631 0.545652 1632 0.545652 1628 0.545652 1633 0.545652 
0 2641 5.5 1596 0.554783 1597 0.554783 1594 0.554783 1595 0.554783 1598 0.554783 1629 0.454348 1630 0.454348 1631 0.454348 1632 0.454348 1628 0.454348 1633 0.454348 
NanList HYP 0
d
39
0 0 -10.9565 0 0 -10.9565 0 0 -10.9565 0 0 -10.9565 0 0 -10.9565 0 0 9.13045 0 0 9.13045 0 0 9.13045 0 0 9.13045 0 0 9.13045 0 0 9.13045 0.909783 1.13731 0 -0.909002 -1.13734 0 
s	19
1646 1648 1711 1713 
1646 1647 1648 1711 1712 1713 
b
2 0
0.53976 0.266666 0.85092
1647 0 0 1
1712 0 0 1
g
0
1 2 0 0 1 2 0 2 5
t
2
38
11009.3 2214.81 100
11007.6 2209.91 -100
a
4
92
1648 1645 1713 1710 
1 1647 1 1711 0 1712 0 2640 0.449277 2641 0.550723 
1 1646 1 1711 0 2640 0.449277 2641 0.550723 
2 1711 1 1647 0 1646 0 2640 0.550723 2641 0.449277 
2 1712 1 1647 0 2640 0.550723 2641 0.449277 
0 2640 2 1647 0.449277 1646 0.449277 1711 0.550723 1712 0.550723 
0 2641 2 1647 0.550723 1646 0.550723 1711 0.449277 1712 0.449277 
NanList HYP 0
d
18
0 0 -10.1445 0 0 -10.1445 0 0 10.1445 0 0 10.1445 0.829511 2.45074 0 -0.82912 -2.45059 0 
s	20
1831 1841 1862 1871 
1831 1832 1833 1834 1835 1836 1837 1838 1839 1840 1841 1862 1863 1864 1865 1866 1867 1868 1869 1870 1871 
b
2 0
0.512535 0.760249 0.375207
1832 0 0 2
1833 0 0 3
1834 0 0 2
1835 0 0 2
1836 0 0 2
1837 0 0 2
1838 0 0 2
1839 0 0 3
1840 0 0 2
1863 0 0 2
1864 0 0 3
1865 0 0 3
1866 0 0 2
1867 0 0 2
1868 0 0 3
1869 0 0 3
1870 0 0 2
g
0
1 2 0 0 1 2 0 2 5
t
2
40
12003.4 1426.33 100
12002.6 1426.52 -100
a
4
96
1841 1830 1871 1861 
1 1832 1 1863 0 1864 0 1862 0 2640 0.445609 2641 0.554391 
1 1833 1 1863 0 1864 0 1865 0 2640 0.445609 2641 0.554391 
1 1838 1 1867 0 1868 0 1869 0 2640 0.445609 2641 0.554391 
1 1839 1 1868 0 1869 0 1870 0 2640 0.445609 2641 0.554391 
1 1831 1 1863 0 1862 0 2640 0.445609 2641 0.554391 
1 1834 1 1864 0 1865 0 2640 0.445609 2641 0.554391 
1 1835 1 1865 0 1866 0 2640 0.445609 2641 0.554391 
1 1836 1 1867 0 1866 0 2640 0.445609 2641 0.554391 
1 1837 1 1867 0 1868 0 2640 0.445609 2641 0.554391 
1 1840 1 1869 0 2640 0.445609 2641 0.554391 
2 1863 1 1832 0 1833 0 1831 0 2640 0.560435 2641 0.439565 
2 1864 1 1832 0 1833 0 1834 0 2640 0.560435 2641 0.439565 
2 1865 1 1833 0 1834 0 1835 0 2640 0.560435 2641 0.439565 
2 1867 1 1838 0 1836 0 1837 0 2640 0.560435 2641 0.439565 
2 1868 1 1838 0 1839 0 1837 0 2640 0.560435 2641 0.439565 
2 1869 1 1838 0 1839 0 1840 0 2640 0.560435 2641 0.439565 
2 1862 1 1832 0 1831 0 2640 0.560435 2641 0.439565 
2 1866 1 1835 0 1836 0 2640 0.560435 2641 0.439565 
2 1870 1 1839 0 2640 0.560435 2641 0.439565 
0 2640 9.5 1832 0.445609 1833 0.445609 1838 0.445609 1839 0.445609 1831 0.445609 1834 0.445609 1835 0.445609 1836 0.445609 1837 0.445609 1840 0.445609 1863 0.560435 1864 0.560435 1865 0.560435 1867 0.560435 1868 0.560435 1869 0.560435 1862 0.560435 1866 0.560435 1870 0.560435 
0 2641 9.5 1832 0.554391 1833 0.554391 1838 0.554391 1839 0.554391 1831 0.554391 1834 0.554391 1835 0.554391 1836 0.554391 1837 0.554391 1840 0.554391 1863 0.439565 1864 0.439565 1865 0.439565 1867 0.439565 1868 0.439565 1869 0.439565 1862 0.439565 1866 0.439565 1870 0.439565 
NanList HYP 0
d
63
0 0 -10.8783 0 0 -10.8783 0 0 -10.8783 0 0 -10.8783 0 0 -10.8783 0 0 -10.8783 0 0 -10.8783 0 0 -10.8783 0 0 -10.8783 0 0 -10.8783 0 0 12.0869 0 0 12.0869 0 0 12.0869 0 0 12.0869 0 0 12.0869 0 0 12.0869 0 0 12.0869 0 0 12.0869 0 0 12.0869 0.392137 -0.0958507 0 -0.391479 0.0958229 0 
s	21
2270 2272 2306 2308 2339 2341 
2270 2271 2272 2306 2307 2308 2339 2340 2341 
b
3 0
0.0392803 0.531606 0.667724
2271 0 0 1
2307 0 0 2
2340 0 0 1
g
0
1 2 0 0 1 2 0 2 5
t
2
42
14759.4 2297.31 100
14759.5 2294.92 -100
a
6
100
2272 2269 2308 2305 2341 2338 
1 2307 1 2270 0 2339 0 2271 0 2340 0 2640 0.453951 2641 0.546049 
1 2306 1 2270 0 2339 0 2640 0.453951 2641 0.546049 
2 2270 1 2307 0 2306 0 2640 0.523024 2641 0.476976 
2 2271 1 2307 0 2640 0.523024 2641 0.476976 
2 2339 1 2307 0 2306 0 2640 0.523024 2641 0.476976 
2 2340 1 2307 0 2640 0.523024 2641 0.476976 
0 2640 3 2307 0.453951 2306 0.453951 2270 0.523024 2271 0.523024 2339 0.523024 2340 0.523024 
0 2641 3 2307 0.546049 2306 0.546049 2270 0.476976 2271 0.476976 2339 0.476976 2340 0.476976 
NanList HYP 0
d
24
0 0 -9.20974 0 0 -9.20974 0 0 4.60487 0 0 4.60487 0 0 4.60487 0 0 4.60487 -0.0640263 1.19491 0 0.0633752 -1.19472 0 
s	22
2405 2407 2438 2440 2470 2473 2503 2506 2535 2537 
2405 2406 2407 2438 2439 2440 2470 2471 2472 2473 2503 2504 2505 2506 2535 2536 2537 
b
5 0
0.93081 0.931835 0.437638
2406 0 0 4
2439 0 0 3
2471 0 0 1
2472 0 0 4
2504 0 0 3
2505 0 0 2
2536 0 0 1
g
0
1 2 0 0 1 2 0 2 5
t
2
44
15414.8 2063.48 100
15416 2074.1 -100
a
10
106
2407 2404 2440 2437 2473 2469 2506 2502 2537 2534 
1 2504 1 2405 0 2471 0 2406 0 2472 0 2439 0 2640 0.373683 2641 0.626317 
1 2503 1 2405 0 2471 0 2439 0 2438 0 2640 0.373683 2641 0.626317 
1 2505 1 2405 0 2471 0 2406 0 2472 0 2640 0.373683 2641 0.626317 
2 2471 1 2405 0 2504 0 2439 0 2503 0 2505 0 2438 0 2640 0.512594 2641 0.487406 
2 2472 1 2405 0 2406 0 2504 0 2439 0 2505 0 2640 0.512594 2641 0.487406 
2 2470 1 2438 0 2640 0.512594 2641 0.487406 
3 2405 1 2471 0 2472 0 2504 0 2503 0 2505 0 2535 0 2640 0.648451 2641 0.351549 
3 2406 1 2472 0 2504 0 2505 0 2535 0 2536 0 2640 0.648451 2641 0.351549 
3 2439 1 2471 0 2472 0 2504 0 2503 0 2640 0.648451 2641 0.351549 
3 2438 1 2471 0 2503 0 2470 0 2640 0.648451 2641 0.351549 
1 2535 1 2405 0 2406 0 2640 0.373683 2641 0.626317 
1 2536 1 2406 0 2640 0.373683 2641 0.626317 
0 2640 6 2504 0.373683 2503 0.373683 2505 0.373683 2471 0.512594 2472 0.512594 2470 0.512594 2405 0.648451 2406 0.648451 2439 0.648451 2438 0.648451 2535 0.373683 2536 0.373683 
0 2641 6 2504 0.626317 2503 0.626317 2505 0.626317 2471 0.487406 2472 0.487406 2470 0.487406 2405 0.351549 2406 0.351549 2439 0.351549 2438 0.351549 2535 0.626317 2536 0.626317 
NanList HYP 0
d
42
0 0 -25.2634 0 0 -25.2634 0 0 -25.2634 0 0 2.51872 0 0 2.51872 0 0 2.51872 0 0 29.6902 0 0 29.6902 0 0 29.6902 0 0 29.6902 0 0 -25.2634 0 0 -25.2634 -0.579878 -5.30781 0 0.580138 5.30765 0 
