33 0.1 0.1 0.3 1 0 18 1
p
0
30
1000 0 0
992.816 83.0121 0
985.633 166.024 0
978.642 249.053 0
971.902 332.103 0
965.425 415.174 0
959.29 498.272 0
953.552 581.4 0
948.266 664.559 0
943.487 747.75 0
939.267 830.973 0
935.673 914.227 0
932.76 997.511 0
930.586 1080.82 0
929.207 1164.15 0
928.677 1247.49 0
929.045 1330.84 0
930.36 1414.18 0
932.076 1497.52 0
934.071 1580.85 0
936.086 1664.18 0
937.862 1747.52 0
939.143 1830.86 0
939.669 1914.21 0
939.183 1997.55 0
937.427 2080.87 0
934.144 2164.14 0
929.078 2247.31 0
922.364 2330.36 0
915.342 2413.39 0
908.328 2496.41 0
p
1
30
1200 0 0
1193.1 77.7672 0
1186.2 155.534 0
1179.29 233.302 0
1172.39 311.069 0
1165.49 388.836 0
1158.59 466.603 0
1151.68 544.37 0
1144.78 622.137 0
1137.88 699.905 0
1130.98 777.672 0
1124.07 855.439 0
1117.17 933.206 0
1110.27 1010.97 0
1103.37 1088.74 0
1096.47 1166.51 0
1089.56 1244.27 0
1082.66 1322.04 0
1075.76 1399.81 0
1068.86 1477.58 0
1061.95 1555.34 0
1055.05 1633.11 0
1048.15 1710.88 0
1041.25 1788.65 0
1034.35 1866.41 0
1027.44 1944.18 0
1020.54 2021.95 0
1013.64 2099.71 0
1006.74 2177.48 0
999.834 2255.25 0
992.932 2333.02 0
p
2
30
1400 0 0
1393.83 78.6081 0
1387.66 157.216 0
1381.5 235.824 0
1375.33 314.433 0
1369.16 393.041 0
1362.99 471.649 0
1356.83 550.257 0
1350.66 628.865 0
1344.49 707.473 0
1338.32 786.081 0
1332.16 864.69 0
1325.99 943.298 0
1319.82 1021.91 0
1313.65 1100.51 0
1307.49 1179.12 0
1301.32 1257.73 0
1295.15 1336.34 0
1288.98 1414.95 0
1282.81 1493.55 0
1276.65 1572.16 0
1270.48 1650.77 0
1264.31 1729.38 0
1258.14 1807.99 0
1251.98 1886.6 0
1245.81 1965.2 0
1239.64 2043.81 0
1233.47 2122.42 0
1227.31 2201.03 0
1221.14 2279.64 0
1214.97 2358.24 0
p
3
30
1600 0 0
1605.66 71.2884 0
1611.32 142.577 0
1616.52 213.858 0
1620.92 285.124 0
1624.25 356.389 0
1627.03 427.742 0
1629.22 499.123 0
1631.01 570.523 0
1632.6 641.932 0
1634.18 713.341 0
1635.96 784.742 0
1638.15 856.124 0
1640.94 927.477 0
1644.5 998.786 0
1648.79 1070.07 -11.6268
1653.26 1141.39 -11.6268
1657.99 1212.72 -11.6268
1663.45 1284.02 -11.6268
1670.09 1355.25 -11.6268
1678.07 1426.36 -11.6268
1687.13 1497.36 -11.6268
1696.67 1568.26 0
1706.29 1639.16 0
1715.9 1710.07 0
1725.51 1780.97 0
1735.12 1851.87 0
1744.73 1922.77 0
1754.34 1993.67 0
1763.95 2064.57 0
1773.57 2135.47 0
p
4
30
1800 0 0
1808.49 72.3291 0
1816.97 144.658 0
1823.54 217.233 0
1826.68 290.163 0
1827.18 363.225 0
1821.47 436.271 0
1806.05 508.395 0
1788.97 580.703 0
1769.58 653.092 0
1749.5 725.771 0
1729.64 798.731 0
1711.1 871.975 0
1694.83 945.448 0
1681.73 1019.09 11.6268
1672.71 1092.77 11.6268
1668.39 1166.31 11.6268
1669.44 1239.49 11.6268
1676.43 1312.02 11.6268
1689.42 1383.53 11.6268
1707.76 1453.81 11.6268
1730.93 1522.74 0
1759.11 1589.96 0
1790.03 1656.08 0
1820.5 1722.38 0
1847.23 1790.16 0
1867.15 1860.15 0
1877.88 1932.27 0
1879.94 2005.51 0
1880.35 2079.13 12.4179
1880.7 2152.89 12.4179
p
5
30
2000 0 0
2000.16 66.0936 0
2000.31 132.187 0
2000.32 198.347 0
2000.72 264.607 0
1999.15 331.061 0
1994.16 397.465 0
1992.98 464.564 0
1990.61 531.677 0
1988.34 599.025 0
1986.29 666.527 0
1984.15 734.072 0
1982.07 801.586 0
1980.06 869.02 0
1978.16 936.359 0
1976.36 1003.62 0
1974.65 1070.86 0
1973.03 1138.12 0
1971.45 1205.45 0
1969.87 1272.92 0
1968.2 1340.53 0
1966.33 1408.27 0
1964.11 1476.13 0
1961.35 1544.05 0
1957.79 1611.94 0
1953.17 1679.73 0
1947.22 1747.33 0
1939.69 1814.66 0
1930.46 1881.68 0
1920.39 1948.47 12.4179
1912.38 2015.15 12.4179
p
6
30
2200 0 0
2198.55 91.2871 0
2197.09 182.574 0
2199.94 273.879 0
2210.33 364.868 0
2238.51 453.333 0
2267.54 541.763 0
2296.6 630.425 0
2322.17 720.107 0
2340.21 811.086 0
2347.89 902.919 0
2344.13 994.535 -13.3314
2330.75 1085.13 -13.3314
2308.74 1174.19 -13.3314
2279.72 1261.53 0
2245.68 1347.47 -13.3314
2208.65 1432.56 -13.3314
2168.37 1516.64 -13.3314
2122.98 1598.47 0
2075.27 1679.14 0
2029.36 1760.53 0
1989.08 1844.19 0
1956.83 1930.53 -12.4179
1930.12 2018.47 -12.4179
1904.9 2106.9 -12.4179
1879.82 2195.49 -12.4179
1854.75 2284.08 0
1829.68 2372.66 0
1804.61 2461.25 0
1779.55 2549.84 0
1754.48 2638.43 0
p
7
30
2400 0 0
2403.25 83.9897 0
2406.5 167.979 0
2414.12 251.78 0
2428.64 334.907 0
2443.05 418.148 0
2456.96 501.598 0
2467.8 585.537 0
2472.79 669.998 0
2469.07 754.517 0
2453.79 837.849 0
2424.68 917.788 0
2382.16 992.073 13.3314
2331.51 1061.49 13.3314
2281.22 1131.22 13.3314
2237.61 1204.98 0
2208.64 1285.04 0
2197.21 1368.97 13.3314
2205.73 1453.13 13.3314
2235.05 1532.8 13.3314
2284.61 1602.46 0
2348.74 1660.31 0
2420.92 1709.2 0
2495.49 1755.14 0
2567.05 1805.5 0
2629.07 1866.65 0
2675.56 1939.99 0
2708.57 2020.49 -12.4879
2727.74 2105.96 -12.4879
2743.51 2192.2 -12.4879
2759.2 2278.43 0
p
8
30
2600 0 0
2591.78 62.8213 0
2583.56 125.643 0
2576.69 188.662 0
2571.56 251.888 0
2567.33 315.197 0
2564.25 378.606 0
2562.2 442.091 0
2561.09 505.63 0
2560.83 569.213 0
2561.42 632.843 0
2563.29 696.553 0
2568.03 760.401 0
2576.31 824.266 0
2583.98 888.213 0
2591.79 952.288 0
2599.73 1016.43 0
2606.28 1080.74 0
2611.92 1145.16 0
2616.73 1209.7 0
2620.88 1274.36 0
2624.55 1339.18 0
2627.95 1404.18 0
2631.3 1469.38 0
2634.85 1534.77 0
2638.94 1600.31 0
2644.1 1665.92 0
2651.17 1731.43 0
2661.46 1796.54 0
2676.97 1860.59 0
2698.54 1922.84 0
p
9
30
2800 0 0
2802.26 72.8645 0
2804.53 145.729 0
2808.41 218.531 0
2814.75 291.187 0
2822.66 363.723 0
2832.61 436.06 0
2844.53 508.154 0
2858.23 579.98 0
2873.34 651.555 0
2889.32 722.948 0
2905.58 794.249 0
2922.03 865.45 0
2938.94 936.499 0
2954.87 1007.76 0
2969.22 1079.31 -10.6279
2981.11 1151.24 -10.6279
2989.63 1223.6 -10.6279
2993.95 1296.3 -10.6279
2993.33 1369.13 -10.6279
2987.28 1441.76 -10.6279
2975.56 1513.79 -10.6279
2958.27 1584.83 0
2935.85 1654.59 0
2909.11 1722.98 0
2879.18 1790.18 0
2847.47 1856.62 0
2815.63 1922.99 0
2785.53 1990.06 0
2759.23 2058.54 12.4879
2737.5 2128.71 12.4879
p
10
30
3000 0 0
3000.39 82.9823 0
3000.77 165.965 0
3001.16 248.947 0
3001.54 331.929 0
3001.93 414.912 0
3002.31 497.894 0
3002.7 580.876 0
3003.08 663.859 0
3003.47 746.841 0
3003.85 829.823 0
3004.24 912.806 0
3004.62 995.788 0
3005.01 1078.77 10.6279
3005.4 1161.75 10.6279
3005.78 1244.73 10.6279
3006.17 1327.72 10.6279
3006.55 1410.7 10.6279
3006.94 1493.68 10.6279
3007.32 1576.66 0
3007.71 1659.65 0
3008.09 1742.63 0
3008.48 1825.61 0
3008.86 1908.59 0
3009.25 1991.58 0
3009.63 2074.56 0
3010.02 2157.54 0
3010.41 2240.52 0
3010.79 2323.5 0
3011.18 2406.49 0
3011.56 2489.47 0
p
11
30
3200 0 0
3199.79 76.3672 0
3199.58 152.734 0
3198.81 229.104 0
3197.9 305.472 0
3196.73 381.838 0
3195.31 458.204 0
3193.64 534.57 0
3191.74 610.935 0
3189.61 687.299 0
3187.27 763.662 0
3184.73 840.025 0
3181.98 916.388 0
3179.05 992.749 0
3175.94 1069.11 0
3172.67 1145.47 0
3169.23 1221.83 0
3165.65 1298.19 0
3161.93 1374.55 0
3158.08 1450.91 0
3154.11 1527.27 0
3150.02 1603.63 0
3145.84 1679.99 0
3141.56 1756.35 0
3137.2 1832.7 0
3132.77 1909.06 0
3128.28 1985.42 0
3123.73 2061.78 0
3119.14 2138.13 0
3114.51 2214.49 0
3109.86 2290.85 0
p
12
30
3400 0 0
3393.38 84.2236 0
3386.77 168.447 0
3379.57 252.621 0
3372.25 336.786 0
3364.65 420.931 0
3356.79 505.055 0
3348.68 589.158 0
3340.32 673.243 0
3331.72 757.309 0
3322.89 841.356 0
3313.84 925.386 0
3304.58 1009.4 0
3295.11 1093.4 0
3285.44 1177.38 0
3275.58 1261.34 0
3265.54 1345.3 0
3255.32 1429.24 0
3244.94 1513.16 0
3234.39 1597.07 0
3223.7 1680.97 0
3212.86 1764.86 0
3201.89 1848.74 0
3190.79 1932.61 0
3179.58 2016.47 0
3168.25 2100.32 0
3156.82 2184.17 0
3145.31 2268 0
3133.77 2351.84 0
3122.22 2435.68 0
3110.68 2519.51 0
p
13
30
3600 0 0
3598.72 70.4627 0
3597.44 140.925 0
3596.17 211.388 0
3594.89 281.851 0
3593.61 352.313 0
3592.33 422.776 0
3591.06 493.239 0
3589.78 563.701 0
3588.5 634.164 0
3587.22 704.627 0
3585.94 775.089 0
3584.67 845.552 0
3583.39 916.015 0
3582.11 986.477 0
3580.83 1056.94 0
3579.56 1127.4 0
3578.28 1197.87 0
3577 1268.33 0
3575.72 1338.79 0
3574.45 1409.25 0
3573.17 1479.72 0
3571.89 1550.18 0
3570.61 1620.64 0
3569.33 1691.1 0
3568.06 1761.57 0
3566.78 1832.03 0
3565.5 1902.49 0
3564.22 1972.95 0
3562.95 2043.42 0
3561.67 2113.88 0
p
14
30
3800 0 0
3794.77 78.0913 0
3789.54 156.183 0
3784.31 234.274 0
3779.09 312.365 0
3773.86 390.457 0
3768.63 468.548 0
3763.4 546.639 0
3758.17 624.731 0
3752.94 702.822 0
3747.72 780.913 0
3742.49 859.005 0
3737.26 937.096 0
3732.03 1015.19 0
3726.8 1093.28 0
3721.57 1171.37 0
3716.34 1249.46 0
3711.12 1327.55 0
3705.89 1405.64 0
3700.66 1483.74 0
3695.43 1561.83 0
3690.2 1639.92 0
3684.97 1718.01 0
3679.75 1796.1 0
3674.52 1874.19 0
3669.29 1952.28 0
3664.06 2030.37 0
3658.83 2108.47 0
3653.6 2186.56 0
3648.37 2264.65 0
3643.15 2342.74 0
p
15
30
4000 0 0
4000.61 73.1186 0
4001.22 146.237 0
4001.82 219.356 0
4002.43 292.474 0
4003.04 365.593 0
4003.65 438.711 0
4004.26 511.83 0
4004.86 584.948 0
4005.47 658.067 0
4006.08 731.186 0
4006.69 804.304 0
4007.3 877.423 0
4007.91 950.541 0
4008.51 1023.66 0
4009.12 1096.78 0
4009.73 1169.9 0
4010.34 1243.02 0
4010.95 1316.13 0
4011.55 1389.25 0
4012.16 1462.37 0
4012.77 1535.49 0
4013.38 1608.61 0
4013.99 1681.73 0
4014.59 1754.85 0
4015.2 1827.96 0
4015.81 1901.08 0
4016.42 1974.2 0
4017.03 2047.32 0
4017.63 2120.44 0
4018.24 2193.56 0
p
16
30
4200 0 0
4196.2 73.7619 0
4192.4 147.524 0
4188.61 221.286 0
4184.81 295.048 0
4181.01 368.809 0
4177.21 442.571 0
4173.41 516.333 0
4169.62 590.095 0
4165.82 663.857 0
4162.02 737.619 0
4158.22 811.381 0
4154.42 885.143 0
4150.63 958.905 0
4146.83 1032.67 0
4143.03 1106.43 0
4139.23 1180.19 0
4135.43 1253.95 0
4131.64 1327.71 0
4127.84 1401.48 0
4124.04 1475.24 0
4120.24 1549 0
4116.45 1622.76 0
4112.65 1696.52 0
4108.85 1770.29 0
4105.05 1844.05 0
4101.25 1917.81 0
4097.46 1991.57 0
4093.66 2065.33 0
4089.86 2139.1 0
4086.06 2212.86 0
p
17
30
4400 0 0
4398.62 78.2359 0
4397.24 156.472 0
4395.85 234.708 0
4394.47 312.944 0
4393.09 391.18 0
4391.71 469.416 0
4390.32 547.651 0
4388.94 625.887 0
4387.56 704.123 0
4386.18 782.359 0
4384.79 860.595 0
4383.41 938.831 0
4382.03 1017.07 0
4380.65 1095.3 0
4379.26 1173.54 0
4377.88 1251.77 0
4376.5 1330.01 0
4375.12 1408.25 0
4373.73 1486.48 0
4372.35 1564.72 0
4370.97 1642.95 0
4369.59 1721.19 0
4368.2 1799.43 0
4366.82 1877.66 0
4365.44 1955.9 0
4364.06 2034.13 0
4362.67 2112.37 0
4361.29 2190.61 0
4359.91 2268.84 0
4358.53 2347.08 0
p
18
30
4600 0 0
4596.3 60.0845 0
4592.61 120.169 0
4588.91 180.253 0
4585.22 240.338 0
4581.52 300.422 0
4577.83 360.507 0
4574.13 420.591 0
4570.44 480.676 0
4566.74 540.76 0
4563.04 600.845 0
4559.35 660.929 0
4555.65 721.013 0
4551.96 781.098 0
4548.26 841.182 0
4544.57 901.267 0
4540.87 961.351 0
4537.18 1021.44 0
4533.48 1081.52 0
4529.78 1141.6 0
4526.09 1201.69 0
4522.39 1261.77 0
4518.7 1321.86 0
4515 1381.94 0
4511.31 1442.03 0
4507.61 1502.11 0
4503.92 1562.2 0
4500.22 1622.28 0
4496.53 1682.36 0
4492.83 1742.45 0
4489.13 1802.53 0
p
19
30
4800 0 0
4789.8 84.9965 0
4779.59 169.993 0
4769.39 254.99 0
4759.18 339.986 0
4748.98 424.983 0
4738.78 509.979 0
4728.57 594.976 0
4718.37 679.972 0
4708.16 764.969 0
4697.96 849.965 0
4687.76 934.962 0
4677.55 1019.96 0
4667.35 1104.95 0
4657.14 1189.95 0
4646.94 1274.95 0
4636.74 1359.94 0
4626.53 1444.94 0
4616.33 1529.94 0
4606.12 1614.93 0
4595.92 1699.93 0
4585.72 1784.93 0
4575.51 1869.92 0
4565.31 1954.92 0
4555.1 2039.92 0
4544.9 2124.91 0
4534.69 2209.91 0
4524.49 2294.91 0
4514.29 2379.9 0
4504.08 2464.9 0
4493.88 2549.9 0
p
20
30
5000 0 0
5009.8 81.8535 0
5019.6 163.707 0
5032.73 245.048 0
5044.41 326.655 0
5054.45 408.49 0
5061.53 490.642 0
5064.42 573.075 0
5064.04 655.599 0
5060.21 738.099 0
5053.41 820.474 0
5044.27 902.678 0
5033.2 984.68 0
5019.13 1066.27 0
5001.15 1147.16 0
4979.2 1227.17 0
4960.55 1308 0
4947.64 1389.87 0
4944.36 1472.55 0
4954.09 1554.6 0
4979.07 1633.33 0
5019.88 1705.35 0
5075.15 1767.49 0
5141.7 1818.29 0
5216.08 1858.06 0
5294.94 1889.41 0
5375.54 1916.81 0
5455.45 1945.97 11.9766
5533 1980.12 11.9766
5611.1 2013.49 11.9766
5689.92 2045.74 0
p
21
30
5200 0 0
5192.06 73.4645 0
5184.12 146.929 0
5177.39 220.625 0
5170.24 294.243 0
5162.73 367.854 0
5154.33 441.417 0
5144.42 514.849 0
5134.07 588.266 0
5122.97 661.597 0
5111.17 734.813 0
5098.64 807.875 0
5085.28 880.742 0
5071.07 953.422 0
5056.7 1026.03 0
5043.85 1098.9 0
5036.16 1172.5 0
5034.37 1246.54 0
5040.59 1320.43 0
5056.5 1393.02 0
5082.94 1462.69 0
5119.85 1527.75 0
5166.39 1586.76 0
5218.99 1640.86 0
5275.9 1690.84 0
5334.95 1738.56 0
5394.08 1786.26 0
5451.16 1836.25 0
5505.72 1888.7 11.9766
5563.64 1938.16 11.9766
5625.05 1983.4 11.9766
p
22
30
5400 0 0
5411.67 59.035 0
5423.33 118.07 0
5434.17 177.296 0
5444.21 236.665 0
5453.21 296.219 0
5460.94 355.971 0
5467.21 415.923 0
5472.72 475.964 0
5477.48 536.094 0
5481.67 596.289 0
5485.46 656.533 0
5488.96 716.824 0
5492.07 777.181 0
5494.05 837.691 0
5493.13 898.475 0
5492.48 959.221 0
5491.65 1020.02 0
5490.83 1080.85 0
5489.85 1141.69 0
5489.88 1202.53 0
5490.65 1263.41 0
5492.21 1324.34 0
5494.49 1385.34 0
5497.37 1446.41 0
5500.66 1507.56 0
5504.1 1568.79 0
5507.35 1630.08 0
5509.94 1691.41 0
5511.24 1752.76 0
5510.92 1814.1 0
p
23
30
5600 0 0
5598.34 70.4999 0
5596.69 141 0
5599.21 211.626 0
5602.63 282.226 0
5607.72 352.807 0
5614.23 423.332 0
5621.87 493.774 0
5630.65 564.07 0
5640.73 634.161 0
5652.57 703.945 0
5666.91 773.256 0
5684.88 841.788 0
5707.98 908.969 0
5737.67 973.874 0
5773.15 1036.17 0
5807.38 1099.36 0
5837.24 1164.59 -11.4132
5858.25 1232.74 -11.4132
5866.51 1303.08 -11.4132
5859.62 1373.28 -11.4132
5836.88 1440.06 -11.4132
5800.19 1500.69 -11.4132
5752.25 1553.6 0
5698.07 1600.78 0
5643.12 1647.22 0
5593.3 1698.74 0
5555.83 1759.41 0
5537.46 1828.27 -11.9766
5537.26 1899.83 -11.9766
5550.14 1971.14 -11.9766
p
24
30
5800 0 0
5802.11 72.0851 0
5804.22 144.17 0
5808.84 216.126 0
5814.24 288.059 0
5820.89 359.92 0
5828.65 431.699 0
5837.27 503.4 0
5846.19 575.09 0
5855.06 646.788 0
5863.45 718.525 0
5870.97 790.33 0
5877.21 862.219 0
5881.83 934.193 0
5884.52 1006.23 0
5885.02 1078.31 0
5883.14 1150.37 11.4132
5879.05 1222.4 11.4132
5873.7 1294.42 11.4132
5866.77 1366.36 11.4132
5857.92 1438.16 11.4132
5847.7 1509.8 11.4132
5837.24 1581.38 0
5826.77 1652.95 0
5816.31 1724.53 0
5805.84 1796.11 0
5795.37 1867.68 0
5784.91 1939.26 0
5774.44 2010.83 0
5763.98 2082.41 0
5753.51 2153.98 0
p
25
30
6000 0 0
6008.33 91.5918 0
6016.65 183.184 0
6024.98 274.775 0
6033.31 366.367 0
6041.64 457.959 0
6049.96 549.551 0
6058.29 641.143 0
6066.62 732.735 0
6074.95 824.326 0
6083.27 915.918 0
6091.6 1007.51 0
6099.93 1099.1 0
6108.26 1190.69 0
6116.58 1282.29 0
6124.91 1373.88 0
6133.24 1465.47 0
6141.57 1557.06 0
6149.89 1648.65 0
6158.22 1740.24 0
6166.55 1831.84 0
6174.88 1923.43 0
6183.2 2015.02 0
6191.53 2106.61 0
6199.86 2198.2 0
6208.19 2289.8 0
6216.51 2381.39 0
6224.84 2472.98 0
6233.17 2564.57 0
6241.5 2656.16 0
6249.82 2747.75 0
p
26
30
6200 0 0
6203.16 61.9989 0
6206.32 123.998 0
6209.48 185.997 0
6212.64 247.996 0
6215.8 309.995 0
6218.96 371.994 0
6222.12 433.993 0
6225.28 495.991 0
6228.44 557.99 0
6231.6 619.989 0
6234.76 681.988 0
6237.92 743.987 0
6241.07 805.986 0
6244.23 867.985 0
6247.39 929.984 0
6250.55 991.983 0
6253.71 1053.98 0
6256.87 1115.98 0
6260.03 1177.98 0
6263.19 1239.98 0
6266.35 1301.98 0
6269.51 1363.98 0
6272.67 1425.98 0
6275.83 1487.97 0
6278.99 1549.97 0
6282.15 1611.97 0
6285.31 1673.97 0
6288.47 1735.97 0
6291.63 1797.97 0
6294.79 1859.97 0
p
27
30
6400 0 0
6397.47 65.0499 0
6394.94 130.1 0
6392.4 195.15 0
6389.87 260.2 0
6387.34 325.25 0
6384.81 390.3 0
6382.28 455.349 0
6379.75 520.399 0
6377.21 585.449 0
6374.68 650.499 0
6372.15 715.549 0
6369.62 780.599 0
6367.09 845.649 0
6364.55 910.699 0
6362.02 975.749 0
6359.49 1040.8 0
6356.96 1105.85 0
6354.43 1170.9 0
6351.9 1235.95 0
6349.36 1301 0
6346.83 1366.05 0
6344.3 1431.1 0
6341.77 1496.15 0
6339.24 1561.2 0
6336.71 1626.25 0
6334.17 1691.3 0
6331.64 1756.35 0
6329.11 1821.4 0
6326.58 1886.45 0
6324.05 1951.5 0
p
28
30
6600 0 0
6607.65 71.6063 0
6615.29 143.213 0
6622.85 214.828 0
6630.3 286.456 0
6637.58 358.1 0
6644.65 429.765 0
6651.47 501.455 0
6657.99 573.173 0
6664.16 644.923 0
6669.93 716.707 0
6675.26 788.526 0
6680.1 860.381 0
6684.4 932.271 0
6688.12 1004.2 0
6691.21 1076.15 0
6693.63 1148.14 0
6695.34 1220.14 0
6696.3 1292.17 0
6696.46 1364.2 0
6695.81 1436.24 0
6695.02 1508.28 0
6694.27 1580.32 0
6693.91 1652.36 0
6694.27 1724.4 0
6695.71 1796.42 0
6698.55 1868.39 0
6703.13 1940.26 0
6709.79 2011.97 0
6718.83 2083.41 0
6730.08 2154.54 0
p
29
30
6800 0 0
6793.89 70.9151 0
6787.79 141.83 0
6781.8 212.756 0
6775.96 283.693 0
6770.31 354.647 0
6764.92 425.622 0
6759.83 496.619 0
6755.1 567.643 0
6750.78 638.693 0
6746.91 709.771 0
6743.55 780.876 0
6740.74 852.007 0
6738.53 923.162 0
6736.97 994.336 0
6736.09 1065.52 0
6735.96 1136.72 0
6736.61 1207.92 0
6738.09 1279.11 0
6740.46 1350.28 0
6743.75 1421.42 0
6747.4 1492.54 0
6751.29 1563.65 0
6755.16 1634.77 0
6758.73 1705.9 0
6761.74 1777.05 0
6763.92 1848.23 0
6765.01 1919.42 0
6764.75 1990.62 0
6762.85 2061.78 0
6759.42 2132.89 0
p
30
30
7000 0 0
6996.66 69.8809 0
6993.33 139.762 0
6989.99 209.643 0
6986.66 279.524 0
6983.32 349.404 0
6979.99 419.285 0
6976.65 489.166 0
6973.31 559.047 0
6969.98 628.928 0
6966.64 698.809 0
6963.31 768.69 0
6959.97 838.571 0
6956.64 908.452 0
6953.3 978.332 0
6949.97 1048.21 0
6946.63 1118.09 0
6943.29 1187.98 0
6939.96 1257.86 0
6936.62 1327.74 0
6933.29 1397.62 0
6929.95 1467.5 0
6926.62 1537.38 0
6923.28 1607.26 0
6919.94 1677.14 0
6916.61 1747.02 0
6913.27 1816.9 0
6909.94 1886.78 0
6906.6 1956.66 0
6903.27 2026.55 0
6899.93 2096.43 0
p
31
30
7200 0 0
7195.56 84.2887 0
7191.13 168.577 0
7186.69 252.866 0
7182.25 337.155 0
7177.82 421.444 0
7173.38 505.732 0
7168.94 590.021 0
7164.51 674.31 0
7160.07 758.599 0
7155.64 842.887 0
7151.2 927.176 0
7146.76 1011.46 0
7142.33 1095.75 0
7137.89 1180.04 0
7133.45 1264.33 0
7129.02 1348.62 0
7124.58 1432.91 0
7120.14 1517.2 0
7115.71 1601.49 0
7111.27 1685.77 0
7106.83 1770.06 0
7102.4 1854.35 0
7097.96 1938.64 0
7093.52 2022.93 0
7089.09 2107.22 0
7084.65 2191.51 0
7080.21 2275.8 0
7075.78 2360.08 0
7071.34 2444.37 0
7066.91 2528.66 0
p
32
30
7400 0 0
7404.62 78.4422 0
7409.24 156.884 0
7413.11 235.364 0
7415.94 313.888 0
7417.25 392.457 0
7416.54 471.041 0
7413.45 549.575 0
7407.73 627.973 0
7399.64 706.226 0
7389.87 784.332 0
7378.79 862.298 0
7367 940.177 0
7355.12 1018.04 0
7343.79 1095.97 0
7333.68 1174.03 0
7325.42 1252.26 0
7319.65 1330.66 0
7316.94 1409.18 0
7317.81 1487.7 0
7322.68 1566.08 0
7331.9 1644.1 0
7345.69 1721.52 0
7364.15 1798.08 0
7387.24 1873.55 0
7414.79 1947.72 0
7446.49 2020.46 0
7481.9 2091.74 0
7520.46 2161.62 0
7561.51 2230.33 -12.2032
7604.13 2298.24 -12.2032
p
33
30
7600 0 0
7603.62 67.0732 0
7607.24 134.146 0
7610.79 201.237 0
7614.26 268.343 0
7617.63 335.471 0
7620.87 402.632 0
7623.69 469.862 0
7624.93 537.222 0
7626.17 604.546 0
7627.1 671.883 0
7627.8 739.226 0
7628.22 806.571 0
7628.8 873.915 0
7629.47 941.257 0
7630.29 1008.6 0
7631.28 1075.94 0
7632.41 1143.3 0
7633.66 1210.66 0
7635 1278.05 0
7636.38 1345.46 0
7637.73 1412.9 0
7638.99 1480.37 0
7640.06 1547.86 0
7640.83 1615.38 0
7641.17 1682.91 0
7640.87 1750.45 0
7639.7 1817.97 0
7637.34 1885.46 0
7633.38 1952.87 0
7627.77 2020.15 0
p
34
30
7800 0 0
7804.82 73.9125 0
7809.65 147.825 0
7815.09 221.692 0
7821.42 295.488 0
7829.2 369.153 0
7839.14 442.572 0
7852.12 515.548 0
7868.47 587.889 0
7885.97 660.026 0
7903.44 732.214 0
7919.61 804.729 0
7933.03 877.814 0
7943.05 951.414 0
7948.76 1025.45 0
7949.47 1099.7 0
7944.7 1173.8 0
7935.26 1247.48 0
7921.21 1320.47 0
7902.98 1392.6 0
7881.12 1463.81 0
7856.23 1534.1 0
7828.95 1603.59 0
7799.99 1672.46 0
7770.09 1740.97 0
7740 1809.42 0
7710.51 1878.15 0
7682.44 1947.47 0
7656.25 2017.56 0
7631.17 2088.18 0
7607.06 2159.45 0
p
35
30
8000 0 0
7993.16 81.3976 0
7986.32 162.795 0
7980.32 244.258 0
7975.59 325.811 0
7972.94 407.475 0
7973.49 489.221 0
7978.78 570.881 0
7990.36 652.041 0
8006.93 732.498 0
8027.29 812.249 0
8050.46 891.348 0
8074.8 970.119 0
8097.34 1049.36 0
8115.85 1129.48 0
8127.95 1210.62 0
8131.56 1292.37 0
8125.78 1373.88 0
8109.82 1454 0
8083.75 1531.53 0
8048.33 1605.48 0
8004.89 1675.36 0
7955.19 1741.29 0
7901.24 1804.1 0
7845.21 1865.23 0
7789.39 1926.55 0
7736.29 1990.09 0
7688.64 2057.66 0
7648.18 2129.62 0
7612.78 2204.4 12.2032
7584.5 2282.7 12.2032
p
36
30
8200 0 0
8214.12 77.3354 0
8228.23 154.671 0
8241.7 232.126 0
8254.36 309.724 0
8265.88 387.506 0
8275.98 465.501 0
8284.34 543.718 0
8290.7 622.148 0
8294.78 700.761 0
8296.33 779.5 0
8295.15 858.289 0
8291.04 937.029 0
8283.89 1015.61 0
8273.61 1093.9 0
8260.17 1171.77 0
8243.58 1249.11 0
8223.87 1325.78 0
8201.05 1401.66 0
8175.1 1476.6 0
8145.93 1550.44 0
8113.35 1622.93 0
8077.03 1693.74 0
8038.56 1763.51 0
7997.84 1832.1 0
7955.17 1899.59 0
7910.74 1966.05 0
7864.69 2031.47 0
7817.11 2095.86 0
7768.09 2159.25 0
7717.95 2221.78 0
p
37
30
8400 0 0
8396.37 83.4727 0
8392.74 166.945 0
8389.37 250.427 0
8386.27 333.92 0
8383.51 417.423 0
8381.12 500.937 0
8379.06 584.46 0
8377.24 667.986 0
8375.51 751.512 0
8373.62 835.031 0
8371.25 918.534 0
8367.95 1002 0
8363.22 1085.4 0
8356.46 1168.65 0
8347.04 1251.66 0
8334.31 1334.24 0
8317.68 1416.16 0
8296.59 1497.09 0
8270.64 1576.68 0
8239.56 1654.51 0
8203.24 1730.18 0
8161.79 1803.31 0
8115.1 1873.43 0
8063.49 1940.22 0
8007.42 2003.55 0
7947.48 2063.48 0
7884.4 2120.33 0
7819.01 2174.69 0
7752.24 2227.5 0
7685.02 2279.85 0
p
38
30
8600 0 0
8592.93 79.6653 0
8585.87 159.331 0
8578.8 238.996 0
8571.74 318.661 0
8564.67 398.327 0
8557.61 477.992 0
8550.54 557.657 0
8543.48 637.323 0
8536.41 716.988 0
8529.35 796.653 0
8522.28 876.318 0
8515.21 955.984 0
8508.15 1035.65 0
8501.08 1115.31 0
8494.02 1194.98 0
8486.95 1274.65 0
8479.89 1354.31 0
8472.82 1433.98 0
8465.76 1513.64 0
8458.69 1593.31 0
8451.63 1672.97 0
8444.56 1752.64 0
8437.49 1832.3 0
8430.43 1911.97 0
8423.36 1991.63 0
8416.3 2071.3 0
8409.23 2150.96 0
8402.17 2230.63 0
8395.1 2310.29 0
8388.04 2389.96 0
p
39
30
8800 0 0
8790.26 76.3912 0
8780.52 152.782 0
8770.77 229.174 0
8761.03 305.565 0
8751.29 381.956 0
8741.55 458.347 0
8731.8 534.739 0
8722.06 611.13 0
8712.32 687.521 0
8702.58 763.912 0
8692.84 840.304 0
8683.09 916.695 0
8673.35 993.086 0
8663.61 1069.48 0
8653.87 1145.87 0
8644.12 1222.26 0
8634.38 1298.65 0
8624.64 1375.04 0
8614.9 1451.43 0
8605.15 1527.82 0
8595.41 1604.22 0
8585.67 1680.61 0
8575.93 1757 0
8566.19 1833.39 0
8556.44 1909.78 0
8546.7 1986.17 0
8536.96 2062.56 0
8527.22 2138.95 0
8517.47 2215.35 0
8507.73 2291.74 0
p
40
30
9000 0 0
8999.28 69.1888 0
8998.57 138.378 0
8997.85 207.567 0
8997.13 276.755 0
8996.42 345.944 0
8995.7 415.133 0
8994.99 484.322 0
8994.27 553.511 0
8993.55 622.7 0
8992.84 691.888 0
8992.12 761.077 0
8991.4 830.266 0
8990.69 899.455 0
8989.97 968.644 0
8989.26 1037.83 0
8988.54 1107.02 0
8987.82 1176.21 0
8987.11 1245.4 0
8986.39 1314.59 0
8985.67 1383.78 0
8984.96 1452.97 0
8984.24 1522.15 0
8983.52 1591.34 0
8982.81 1660.53 0
8982.09 1729.72 0
8981.38 1798.91 0
8980.66 1868.1 0
8979.94 1937.29 0
8979.23 2006.48 0
8978.51 2075.67 0
p
41
30
9200 0 0
9204.5 68.5427 0
9209 137.085 0
9213.5 205.628 0
9218 274.171 0
9222.5 342.713 0
9227 411.256 0
9231.5 479.799 0
9236 548.341 0
9240.5 616.884 0
9245 685.427 0
9249.5 753.969 0
9254 822.512 0
9258.5 891.055 0
9263 959.597 0
9267.5 1028.14 0
9272 1096.68 0
9276.5 1165.23 0
9281 1233.77 0
9285.5 1302.31 0
9290 1370.85 0
9294.5 1439.4 0
9299 1507.94 0
9303.5 1576.48 0
9308 1645.02 0
9312.5 1713.57 0
9317 1782.11 0
9321.5 1850.65 0
9326 1919.19 0
9330.5 1987.74 0
9335 2056.28 0
p
42
30
9400 0 0
9405.1 73.0667 0
9410.2 146.133 0
9415.31 219.2 0
9420.41 292.267 0
9425.51 365.333 0
9430.61 438.4 0
9435.72 511.467 0
9440.82 584.533 0
9445.92 657.6 0
9451.02 730.667 0
9456.12 803.733 0
9461.23 876.8 0
9466.33 949.867 0
9471.43 1022.93 0
9476.53 1096 0
9481.64 1169.07 0
9486.74 1242.13 0
9491.84 1315.2 0
9496.94 1388.27 0
9502.05 1461.33 0
9507.15 1534.4 0
9512.25 1607.47 0
9517.35 1680.53 0
9522.45 1753.6 0
9527.56 1826.67 0
9532.66 1899.73 0
9537.76 1972.8 0
9542.86 2045.87 0
9547.97 2118.93 0
9553.07 2192 0
p
43
30
9600 0 0
9599.22 63.4927 0
9598.44 126.985 0
9597.66 190.478 0
9596.87 253.971 0
9596.09 317.463 0
9595.31 380.956 0
9594.53 444.449 0
9593.75 507.941 0
9592.97 571.434 0
9592.19 634.927 0
9591.4 698.419 0
9590.62 761.912 0
9589.84 825.405 0
9589.06 888.897 0
9588.28 952.39 0
9587.5 1015.88 0
9586.72 1079.38 0
9585.93 1142.87 0
9585.15 1206.36 0
9584.37 1269.85 0
9583.59 1333.35 0
9582.81 1396.84 0
9582.03 1460.33 0
9581.25 1523.82 0
9580.46 1587.32 0
9579.68 1650.81 0
9578.9 1714.3 0
9578.12 1777.79 0
9577.34 1841.29 0
9576.56 1904.78 0
p
44
30
9800 0 0
9805.57 64.9532 0
9811.14 129.906 0
9816.71 194.859 0
9822.28 259.813 0
9827.84 324.766 0
9833.41 389.719 0
9838.98 454.672 0
9844.55 519.625 0
9850.12 584.578 0
9855.69 649.532 0
9861.26 714.485 0
9866.83 779.438 0
9872.4 844.391 0
9877.96 909.344 0
9883.53 974.297 0
9889.1 1039.25 0
9894.67 1104.2 0
9900.24 1169.16 0
9905.81 1234.11 0
9911.38 1299.06 0
9916.95 1364.02 0
9922.52 1428.97 0
9928.09 1493.92 0
9933.65 1558.88 0
9939.22 1623.83 0
9944.79 1688.78 0
9950.36 1753.74 0
9955.93 1818.69 0
9961.5 1883.64 0
9967.07 1948.59 0
p
45
30
10000 0 0
10007 80.9912 0
10013.9 161.982 0
10020.9 242.974 0
10027.9 323.965 0
10034.8 404.956 0
10041.8 485.947 0
10048.7 566.939 0
10055.7 647.93 0
10062.7 728.921 0
10069.6 809.912 0
10076.6 890.904 0
10083.6 971.895 0
10090.5 1052.89 0
10097.5 1133.88 0
10104.5 1214.87 0
10111.4 1295.86 0
10118.4 1376.85 0
10125.3 1457.84 0
10132.3 1538.83 0
10139.3 1619.82 0
10146.2 1700.82 0
10153.2 1781.81 0
10160.2 1862.8 0
10167.1 1943.79 0
10174.1 2024.78 0
10181 2105.77 0
10188 2186.76 0
10195 2267.75 0
10201.9 2348.75 0
10208.9 2429.74 0
p
46
30
10200 0 0
10202 87.5549 0
10204.1 175.11 0
10203.9 262.705 0
10200.8 350.287 0
10193.9 437.714 0
10182.3 524.754 0
10168.9 611.625 0
10154.7 698.421 0
10141.5 785.403 0
10131.4 872.786 0
10126.4 960.584 0
10126.6 1048.5 0
10133.1 1136.19 0
10146.3 1223.16 0
10166.4 1308.92 0
10193.2 1392.99 0
10226.3 1475.01 0
10265.1 1554.77 0
10308.8 1632.28 0
10356.4 1707.8 0
10406.7 1781.77 0
10458.6 1854.88 0
10510.8 1927.91 0
10561.9 2001.75 0
10610.6 2077.26 0
10656.1 2154.73 0
10699.8 2233.3 0
10742 2312.75 0
10783.3 2392.7 -12.1407
10824.4 2472.75 -12.1407
p
47
30
10400 0 0
10393.6 72.5907 0
10387.1 145.181 0
10381.4 217.847 0
10376.8 290.603 0
10373.8 363.471 0
10373 436.44 0
10374 509.426 0
10377 582.393 0
10382.1 655.286 0
10389.3 728.046 0
10398.7 800.619 0
10409 873.109 0
10420.3 945.532 0
10432.3 1017.94 0
10444.6 1090.37 0
10457.2 1162.85 0
10470 1235.43 0
10482.9 1308.09 0
10496 1380.85 0
10509.3 1453.69 0
10522.9 1526.58 0
10537 1599.51 0
10551.7 1672.4 0
10567.4 1745.19 0
10584.3 1817.79 0
10602.8 1890.08 0
10623.2 1961.91 0
10646 2033.08 0
10671.7 2103.32 0
10700.1 2172.56 0
p
48
30
10600 0 0
10605.7 62.0069 0
10611.4 124.014 0
10617.1 186.021 0
10622.8 248.028 0
10628.5 310.034 0
10634.2 372.041 0
10639.9 434.048 0
10645.5 496.055 0
10651.2 558.062 0
10656.9 620.069 0
10662.6 682.076 0
10668.3 744.083 0
10674 806.09 0
10679.7 868.097 0
10685.4 930.103 0
10691.1 992.11 0
10696.8 1054.12 0
10702.5 1116.12 0
10708.2 1178.13 0
10713.9 1240.14 0
10719.6 1302.14 0
10725.3 1364.15 0
10731 1426.16 0
10736.6 1488.17 0
10742.3 1550.17 0
10748 1612.18 0
10753.7 1674.19 0
10759.4 1736.19 0
10765.1 1798.2 0
10770.8 1860.21 0
p
49
30
10800 0 0
10805.3 83.5651 0
10810.6 167.13 0
10815.9 250.685 0
10821.4 334.232 0
10827 417.766 0
10832.8 501.28 0
10838.6 584.797 0
10844.5 668.315 0
10850.2 751.838 0
10855.8 835.372 0
10861.2 918.922 0
10866.3 1002.49 0
10870.9 1086.09 0
10875.1 1169.71 0
10878.7 1253.36 0
10881.8 1337.04 0
10884.1 1420.74 0
10885.7 1504.47 0
10886.5 1588.23 0
10886.5 1672 0
10885.5 1755.78 0
10883.6 1839.56 0
10880.7 1923.34 0
10876.7 2007.1 0
10871.8 2090.83 0
10865.7 2174.53 0
10858.6 2258.18 0
10850.4 2341.77 0
10841.1 2425.3 12.1407
10831 2508.76 12.1407
p
50
30
11000 0 0
11000.7 74.957 0
11001.3 149.914 0
11002 224.871 0
11002.7 299.828 0
11003.3 374.785 0
11004 449.742 0
11004.7 524.699 0
11005.3 599.656 0
11006 674.613 0
11006.7 749.57 0
11007.4 824.527 0
11008 899.484 0
11008.7 974.441 0
11009.4 1049.4 0
11010 1124.35 0
11010.7 1199.31 0
11011.4 1274.27 0
11012 1349.23 0
11012.7 1424.18 0
11013.4 1499.14 0
11014 1574.1 0
11014.7 1649.05 0
11015.4 1724.01 0
11016 1798.97 0
11016.7 1873.92 0
11017.4 1948.88 0
11018 2023.84 0
11018.7 2098.8 0
11019.4 2173.75 0
11020.1 2248.71 0
p
51
30
11200 0 0
11194.6 77.9172 0
11189.1 155.834 0
11183.7 233.739 0
11178.3 311.628 0
11173 389.533 0
11167.7 467.446 0
11162.6 545.369 0
11157.7 623.303 0
11153 701.252 0
11148.6 779.217 0
11144.4 857.199 0
11140.6 935.201 0
11137.1 1013.22 0
11133.9 1091.27 0
11131.2 1169.33 0
11128.9 1247.42 0
11127 1325.53 0
11125.3 1403.66 0
11123.6 1481.8 0
11122.1 1559.95 0
11120.6 1638.09 0
11119.1 1716.23 0
11117.6 1794.37 0
11116 1872.52 0
11114.5 1950.66 0
11113 2028.8 0
11111.5 2106.94 0
11110 2185.08 0
11108.5 2263.23 0
11107 2341.37 0
p
52
30
11400 0 0
11405.1 75.1545 0
11410.2 150.309 0
11414.4 225.53 0
11417.2 300.831 0
11418.9 376.161 0
11418.7 451.525 0
11415.6 526.859 0
11407.9 601.962 0
11394.4 676.4 0
11374.2 749.583 0
11347.5 820.993 0
11317.2 891.33 0
11284.6 960.893 0
11251.7 1030.43 0
11220.6 1100.71 0
11193.2 1172.36 0
11171.6 1245.65 0
11157.5 1320.38 0
11151.7 1395.93 0
11154.8 1471.42 0
11166.7 1545.93 0
11187 1618.61 0
11214.2 1689.11 0
11246 1757.7 0
11280.1 1825.3 0
11313.6 1893.25 0
11343.4 1962.98 0
11366 2035.5 0
11380.7 2110.36 0
11394.5 2185.53 0
p
53
30
11600 0 0
11591 69.3028 0
11582.1 138.606 0
11573.6 207.994 0
11565.9 277.479 0
11558.1 346.966 0
11550.3 416.476 0
11542.6 486.006 0
11534.9 555.583 0
11528 625.282 0
11522.4 695.167 0
11518.3 765.247 0
11514.3 835.344 0
11510.4 905.492 0
11506.3 975.665 0
11501.8 1045.85 0
11496.9 1116.04 0
11491.6 1186.26 0
11485.9 1256.54 0
11480.2 1326.95 0
11473.5 1397.43 0
11466.3 1468 0
11458.4 1538.68 0
11449.8 1609.44 0
11440.9 1680.26 0
11431.8 1751.14 0
11422.9 1822.07 0
11414.7 1893.05 0
11408.1 1964.08 0
11404 2035.19 11.3292
11402.4 2106.23 11.3292
p
54
30
11800 0 0
11797.3 81.6089 0
11794.6 163.218 0
11794.5 244.899 0
11798.4 326.562 0
11803.9 408.187 0
11811.4 489.74 0
11819.8 571.243 0
11828.2 652.769 0
11835.1 734.393 0
11839.7 816.138 0
11840.8 897.938 0
11837.9 979.659 0
11830.2 1061.05 0
11817.6 1141.83 0
11799.8 1221.69 0
11776.9 1300.37 0
11749.5 1377.7 0
11717.9 1453.63 0
11683.1 1528.26 0
11645.8 1601.85 0
11607.2 1674.81 0
11568.3 1747.64 0
11530.3 1820.89 0
11494.5 1895.09 0
11462.1 1970.67 0
11433.8 2047.72 -23.9827
11408.5 2125.71 -23.9827
11383.6 2203.87 -23.9827
11358.6 2282.06 -23.9827
11333.6 2360.24 0
p
55
30
12000 0 0
11995.6 74.9448 0
11991.2 149.89 0
11986.9 224.834 0
11982.5 299.779 0
11978.1 374.724 0
11973.7 449.669 0
11969.4 524.614 0
11965 599.559 0
11960.6 674.503 0
11956.2 749.448 0
11951.8 824.393 0
11947.5 899.338 0
11943.1 974.283 0
11938.7 1049.23 0
11934.3 1124.17 0
11930 1199.12 0
11925.6 1274.06 0
11921.2 1349.01 0
11916.8 1423.95 0
11912.4 1498.9 0
11908.1 1573.84 0
11903.7 1648.79 0
11899.3 1723.73 0
11894.9 1798.68 0
11890.6 1873.62 0
11886.2 1948.57 0
11881.8 2023.51 0
11877.4 2098.45 0
11873 2173.4 0
11868.7 2248.34 0
p
56
30
12200 0 0
12194.8 92.8281 0
12189.5 185.656 0
12184.3 278.484 0
12179.1 371.312 0
12173.9 464.14 0
12168.6 556.968 0
12163.4 649.797 0
12158.2 742.625 0
12153 835.453 0
12147.7 928.281 0
12142.5 1021.11 0
12137.3 1113.94 0
12132.1 1206.76 0
12126.8 1299.59 0
12121.6 1392.42 0
12116.4 1485.25 0
12111.1 1578.08 0
12105.9 1670.91 0
12100.7 1763.73 0
12095.5 1856.56 0
12090.2 1949.39 0
12085 2042.22 0
12079.8 2135.05 0
12074.6 2227.87 0
12069.3 2320.7 0
12064.1 2413.53 0
12058.9 2506.36 0
12053.7 2599.19 0
12048.4 2692.01 0
12043.2 2784.84 0
p
57
30
12400 0 0
12400.1 79.0674 0
12400.2 158.135 0
12400.2 237.202 0
12400.3 316.27 0
12400.4 395.337 0
12400.5 474.404 0
12400.6 553.472 0
12400.6 632.539 0
12400.7 711.607 0
12400.8 790.674 0
12400.9 869.742 0
12401 948.809 0
12401 1027.88 0
12401.1 1106.94 0
12401.2 1186.01 0
12401.3 1265.08 0
12401.4 1344.15 0
12401.4 1423.21 0
12401.5 1502.28 0
12401.6 1581.35 0
12401.7 1660.42 0
12401.8 1739.48 0
12401.8 1818.55 0
12401.9 1897.62 0
12402 1976.69 0
12402.1 2055.75 0
12402.2 2134.82 0
12402.2 2213.89 0
12402.3 2292.96 0
12402.4 2372.02 0
p
58
30
12600 0 0
12605.9 85.9423 0
12611.9 171.885 0
12617.8 257.827 0
12623.7 343.769 0
12629.6 429.711 0
12635.6 515.654 0
12641.5 601.596 0
12647.4 687.538 0
12653.3 773.48 0
12659.3 859.423 0
12665.2 945.365 0
12671.1 1031.31 0
12677 1117.25 0
12683 1203.19 0
12688.9 1289.13 0
12694.8 1375.08 0
12700.7 1461.02 0
12706.7 1546.96 0
12712.6 1632.9 0
12718.5 1718.85 0
12724.4 1804.79 0
12730.4 1890.73 0
12736.3 1976.67 0
12742.2 2062.61 0
12748.1 2148.56 0
12754.1 2234.5 0
12760 2320.44 0
12765.9 2406.38 0
12771.8 2492.33 0
12777.8 2578.27 0
p
59
30
12800 0 0
12807.6 70.4148 0
12815.2 140.83 0
12822.8 211.247 0
12830.3 281.668 0
12837.9 352.091 0
12845.4 422.516 0
12852.9 492.943 0
12860.4 563.371 0
12867.8 633.802 0
12875.3 704.234 0
12882.7 774.667 0
12890.1 845.101 0
12897.6 915.536 0
12905 985.972 0
12912.4 1056.41 0
12919.8 1126.84 0
12927.2 1197.28 0
12934.6 1267.72 0
12942 1338.15 0
12949.4 1408.59 0
12956.8 1479.02 0
12964.3 1549.46 0
12971.7 1619.89 0
12979.2 1690.32 0
12986.6 1760.75 0
12994.1 1831.18 0
13001.6 1901.6 0
13009.1 1972.03 0
13016.7 2042.45 0
13024.2 2112.87 0
p
60
30
13000 0 0
13001.7 71.0213 0
13003.4 142.043 0
13005.2 213.062 0
13007.1 284.08 0
13009 355.097 0
13010.9 426.113 0
13012.9 497.128 0
13014.9 568.141 0
13016.9 639.154 0
13019 710.166 0
13021.1 781.178 0
13023.2 852.188 0
13025.4 923.199 0
13027.5 994.209 0
13029.7 1065.22 0
13031.8 1136.23 0
13034 1207.24 0
13036.1 1278.25 0
13038.2 1349.26 0
13040.3 1420.27 0
13042.4 1491.29 0
13044.4 1562.3 0
13046.4 1633.31 0
13048.4 1704.33 0
13050.3 1775.34 0
13052.2 1846.36 0
13054 1917.38 0
13055.8 1988.4 0
13057.5 2059.42 0
13059.1 2130.44 0
p
61
30
13200 0 0
13199.4 76.2184 0
13198.7 152.437 0
13198.1 228.655 0
13197.4 304.874 0
13196.8 381.092 0
13196.2 457.31 0
13195.5 533.529 0
13194.9 609.747 0
13194.2 685.966 0
13193.6 762.184 0
13192.9 838.403 0
13192.3 914.621 0
13191.7 990.839 0
13191 1067.06 0
13190.4 1143.28 0
13189.7 1219.49 0
13189.1 1295.71 0
13188.5 1371.93 0
13187.8 1448.15 0
13187.2 1524.37 0
13186.5 1600.59 0
13185.9 1676.81 0
13185.2 1753.02 0
13184.6 1829.24 0
13184 1905.46 0
13183.3 1981.68 0
13182.7 2057.9 0
13182 2134.12 0
13181.4 2210.33 0
13180.8 2286.55 0
p
62
30
13400 0 0
13409.4 84.6662 0
13418.8 169.332 0
13428.8 253.919 0
13440.3 338.333 0
13454 422.417 0
13469.3 506.278 0
13486.5 589.822 0
13505.6 673.017 0
13526.6 755.833 0
13549.5 838.246 0
13574.3 920.233 0
13600.9 1001.78 0
13629.2 1082.87 0
13659.2 1163.51 0
13690.7 1243.7 0
13723.8 1323.44 0
13758.1 1402.76 0
13793.8 1481.68 0
13830.5 1560.23 0
13868.1 1638.45 0
13906.6 1716.39 0
13945.7 1794.09 0
13985.3 1871.62 0
14025.2 1949.04 0
14065.1 2026.49 0
14104.9 2103.94 0
14144.7 2181.4 0
14184.6 2258.85 0
14224.4 2336.3 0
14264.3 2413.76 0
p
63
30
13600 0 0
13601.2 68.1039 0
13602.4 136.208 0
13604.9 204.295 0
13609 272.33 0
13615 340.256 0
13622.3 408.088 0
13631.1 475.795 0
13641.2 543.365 0
13652.6 610.793 0
13665.2 678.071 0
13678.9 745.198 0
13693.7 812.173 0
13709.4 878.995 0
13726 945.666 0
13743.5 1012.19 0
13761.8 1078.57 0
13780.8 1144.8 0
13800.6 1210.89 0
13821 1276.85 0
13842 1342.67 0
13863.6 1408.37 0
13885.8 1473.93 0
13908.6 1539.38 0
13931.8 1604.7 0
13955.6 1669.9 0
13979.8 1734.99 0
14004.5 1799.96 0
14029.6 1864.82 0
14055.1 1929.56 0
14081 1994.21 0
p
64
30
13800 0 0
13799.9 79.8123 0
13799.8 159.625 0
13797.8 239.419 0
13793.3 319.133 0
13788.5 398.86 0
13783.5 478.602 0
13779.1 558.398 0
13776 638.266 0
13775.2 718.185 0
13776.5 798.098 0
13780.3 877.928 0
13786.9 957.589 0
13796.3 1036.99 0
13808.6 1116.03 0
13823.6 1194.64 -24.2322
13841.4 1272.75 -24.2322
13861.7 1350.32 -24.2322
13884.3 1427.34 -24.2322
13908.9 1503.84 -24.2322
13935.1 1579.88 -24.2322
13962.6 1655.54 -24.2322
13990.9 1730.94 -24.2322
14019.6 1806.25 -24.2322
14048.1 1881.61 -24.2322
14076 1957.22 -24.2322
14102.7 2033.24 -24.2322
14128 2109.74 -24.2322
14152.6 2186.47 -24.2322
14177 2263.3 -24.2322
14201.4 2340.15 -24.2322
p
65
30
14000 0 0
13992.4 70.792 0
13984.8 141.584 0
13978.3 212.514 0
13973.5 283.614 0
13970.1 354.797 0
13968.2 426.066 0
13968 497.383 0
13969.5 568.711 0
13972.7 640.008 0
13976.9 711.268 0
13982.1 782.488 0
13988.1 853.673 0
13994.6 924.832 0
14001.6 995.976 0
14009 1067.12 0
14016.7 1138.26 0
14024.5 1209.41 0
14032.6 1280.58 0
14041 1351.76 0
14049.5 1422.95 0
14058.3 1494.14 0
14067.5 1565.32 0
14077 1636.48 0
14087 1707.61 0
14097.7 1778.67 0
14109 1849.63 0
14121.2 1920.48 0
14134.5 1991.16 0
14148.7 2061.67 -11.3539
14163.5 2132.08 -11.3539
p
66
30
14200 0 0
14208.2 71.7028 0
14216.4 143.406 0
14223.9 215.2 0
14230.4 287.127 0
14236.1 359.109 0
14240.9 431.166 0
14244.8 503.29 0
14247.7 575.467 0
14249.6 647.686 0
14250.5 719.933 0
14250.6 792.192 0
14249.9 864.457 0
14248.7 936.723 0
14247 1008.99 0
14244.8 1081.26 0
14242.3 1153.53 0
14239.5 1225.8 0
14236.4 1298.08 0
14233.1 1370.36 0
14229.4 1442.65 0
14225.6 1514.94 0
14221.4 1587.23 0
14217 1659.51 0
14212.2 1731.78 0
14207 1804.04 0
14201.4 1876.27 0
14195.4 1948.47 0
14188.8 2020.63 11.3539
14181.6 2092.74 11.3539
14174.1 2164.81 11.3539
p
67
30
14400 0 0
14400.4 76.7221 0
14400.8 153.444 0
14402.3 230.142 0
14405.3 306.79 0
14408.7 383.443 0
14412.5 460.089 0
14416.3 536.742 0
14419.7 613.416 0
14422.4 690.116 0
14423.9 766.842 0
14424.4 843.578 0
14423.6 920.306 0
14421.2 996.999 0
14417.1 1073.63 0
14411.4 1150.15 0
14403.9 1226.54 0
14394.7 1302.75 0
14383.8 1378.77 0
14371.2 1454.56 0
14357.1 1530.12 0
14341.6 1605.45 0
14325 1680.56 0
14307.5 1755.48 0
14289.3 1830.27 0
14270.7 1904.97 0
14252.1 1979.66 0
14233.7 2054.42 0
14215.9 2129.31 0
14198.4 2204.3 25.7575
14180.8 2279.29 25.7575
p
68
30
14600 0 0
14603.1 77.3583 0
14606.3 154.717 0
14606 232.188 0
14600.1 309.595 0
14583.7 385.959 0
14565.2 462.096 0
14545.3 538.154 0
14526 614.462 0
14509.1 691.283 0
14496.6 768.676 0
14489.6 846.473 0
14489.1 924.309 0
14495.7 1001.69 0
14509.2 1078.12 0
14529.4 1153.18 0
14555.5 1226.64 0
14586.3 1298.52 0
14620.5 1369.1 0
14656.6 1438.89 0
14693.1 1508.53 0
14728.2 1578.73 0
14760.4 1650.08 0
14788 1723 -13.0984
14810.2 1797.53 -13.0984
14827.3 1873.23 -13.0984
14842.1 1949.44 -13.0984
14856.4 2025.76 -13.0984
14870.8 2102.07 0
14885.2 2178.39 0
14899.6 2254.7 0
p
69
30
14800 0 0
14802.8 61.7686 0
14805.7 123.537 0
14807.8 185.379 0
14808.8 247.311 0
14810.5 309.424 0
14812.8 371.505 0
14814.8 433.729 0
14814.6 496.149 0
14814.8 558.555 0
14814.8 621.027 0
14814.7 683.542 0
14814.4 746.082 0
14814 808.641 0
14813.2 871.223 0
14812.4 933.843 0
14811.5 996.526 0
14810.5 1059.29 0
14809.6 1122.17 0
14808.8 1185.15 0
14808.3 1248.24 0
14808.1 1311.41 0
14808.6 1374.64 0
14809.9 1437.88 0
14812 1501.07 0
14815.2 1564.16 0
14819.3 1627.14 0
14824.2 1689.98 0
14829 1752.73 13.0984
14832.3 1815.48 13.0984
14832.3 1877.95 13.0984
p
70
30
15000 0 0
14993 66.2555 0
14986.1 132.511 0
14979.1 198.767 0
14972.1 265.032 0
14965.8 331.392 0
14962.3 398.006 0
14964.7 464.88 0
14972.7 531.609 0
14983.5 598.379 0
14997.1 665.065 0
15012.4 731.707 0
15028.3 798.365 0
15043.8 865.099 -12.5464
15057.8 931.962 -12.5464
15069.2 998.993 -12.5464
15077.1 1066.18 -12.5464
15080.6 1133.38 -12.5464
15079.1 1200.37 0
15072.5 1266.84 0
15060.9 1332.5 0
15044.7 1397.14 -12.5464
15024.3 1460.64 -12.5464
15000.3 1522.91 -12.5464
14973.4 1584 -12.5464
14945 1644.45 -12.5464
14917.1 1705.1 0
14892.2 1766.99 0
14872.8 1830.85 0
14859.4 1896.43 13.0984
14846.5 1962.25 13.0984
p
71
30
15200 0 0
15192.2 68.9259 0
15184.4 137.852 0
15176.6 206.745 0
15168.5 275.586 0
15160.1 344.299 0
15151.4 413.038 0
15142.5 481.745 0
15133.3 550.422 0
15123.9 619.07 0
15114.4 687.691 0
15104.6 756.29 0
15094.7 824.869 0
15084.7 893.442 12.5464
15074.9 962.048 12.5464
15065.5 1030.73 12.5464
15056.5 1099.47 12.5464
15047.5 1168.2 12.5464
15038.5 1236.92 0
15029.3 1305.62 0
15019.9 1374.28 12.5464
15010 1442.88 12.5464
14999.4 1511.39 12.5464
14987.7 1579.77 12.5464
14975.1 1648.04 12.5464
14962.2 1716.26 0
14949.3 1784.47 0
14936.3 1852.68 0
14923.4 1920.9 0
14910.5 1989.11 0
14897.5 2057.32 0
p
72
30
15400 0 0
15401.6 67.599 0
15403.1 135.198 0
15404.7 202.796 0
15406.2 270.392 0
15407.6 337.988 0
15408.8 405.583 0
15409.9 473.176 0
15410.7 540.764 0
15411 608.343 0
15411 675.935 0
15410.6 743.526 0
15409.8 811.116 0
15408.6 878.702 0
15407.1 946.283 0
15405.1 1013.86 0
15402.8 1081.42 0
15400.2 1148.98 0
15397.2 1216.52 0
15393.9 1284.06 0
15390.4 1351.58 0
15386.6 1419.1 0
15382.6 1486.6 0
15378.5 1554.09 0
15374.1 1621.58 0
15369.7 1689.06 0
15365.2 1756.54 0
15360.6 1824.01 0
15356.1 1891.49 -12.6907
15351.5 1958.94 -12.6907
15346.7 2026.4 -12.6907
p
73
30
15600 0 0
15602.1 69.231 0
15604.2 138.462 0
15606.1 207.702 0
15607.7 276.952 0
15609 346.213 0
15609.7 415.487 0
15609.8 484.774 0
15609 554.07 0
15607 623.365 0
15604.1 692.624 0
15600.2 761.841 0
15595.1 830.996 0
15588.9 900.069 0
15581.5 969.035 0
15572.7 1037.86 0
15563.2 1106.59 0
15552.7 1175.21 0
15541.6 1243.73 0
15529.7 1312.16 0
15517.1 1380.48 0
15504 1448.71 0
15490.1 1516.83 0
15475.6 1584.83 0
15460.4 1652.69 0
15444.4 1720.38 0
15427.4 1787.88 0
15409.5 1855.14 0
15390.5 1922.14 12.6907
15370.6 1988.89 12.6907
15349.8 2055.35 12.6907
p
74
30
15800 0 0
15791.7 73.3826 0
15783.4 146.765 0
15775.5 220.19 0
15768.1 293.672 0
15761.6 367.233 0
15756.3 440.888 0
15752.5 514.642 0
15750.6 588.476 0
15750.9 662.338 0
15752 736.216 0
15753.6 810.094 0
15754.8 883.975 0
15755 957.852 0
15753.3 1031.68 0
15749 1105.39 0
15741.6 1178.83 0
15730.8 1251.83 0
15716.2 1324.19 0
15697.7 1395.68 0
15675.4 1466.12 0
15649.4 1535.39 0
15620.3 1603.43 0
15588.4 1670.32 0
15554.4 1736.22 0
15518.9 1801.44 0
15482.9 1866.35 0
15447.2 1931.42 0
15412.7 1997.12 0
15379.8 2063.59 0
15346.7 2130.08 0
p
75
30
16000 0 0
15995.4 80.8839 0
15990.7 161.768 0
15986.1 242.652 0
15981.4 323.536 0
15976.8 404.42 0
15972.1 485.303 0
15967.5 566.187 0
15962.8 647.071 0
15958.2 727.955 0
15953.6 808.839 0
15948.9 889.723 0
15944.3 970.607 0
15939.6 1051.49 0
15935 1132.37 0
15930.3 1213.26 0
15925.7 1294.14 0
15921.1 1375.03 0
15916.4 1455.91 0
15911.8 1536.79 0
15907.1 1617.68 0
15902.5 1698.56 0
15897.8 1779.45 0
15893.2 1860.33 0
15888.5 1941.21 0
15883.9 2022.1 0
15879.3 2102.98 0
15874.6 2183.87 0
15870 2264.75 0
15865.3 2345.63 0
15860.7 2426.52 0
p
76
30
16200 0 0
16209.2 84.2009 0
16218.4 168.402 0
16227.6 252.603 0
16236.9 336.803 0
16246.1 421.004 0
16255.3 505.205 0
16264.5 589.406 0
16273.7 673.607 0
16282.9 757.808 0
16292.1 842.009 0
16301.3 926.21 0
16310.6 1010.41 0
16319.8 1094.61 0
16329 1178.81 0
16338.2 1263.01 0
16347.4 1347.21 0
16356.6 1431.41 0
16365.8 1515.62 0
16375.1 1599.82 0
16384.3 1684.02 0
16393.5 1768.22 0
16402.7 1852.42 0
16411.9 1936.62 0
16421.1 2020.82 0
16430.3 2105.02 0
16439.5 2189.22 0
16448.8 2273.42 0
16458 2357.62 0
16467.2 2441.83 0
16476.4 2526.03 0
p
77
30
16400 0 0
16411.9 73.8397 0
16423.8 147.679 0
16435.6 221.546 0
16447.1 295.444 0
16458.6 369.34 0
16470.2 443.231 0
16481.9 517.102 0
16493.8 590.939 0
16506.1 664.728 0
16518.5 738.473 0
16531.3 812.165 0
16544.5 885.8 0
16557.9 959.375 0
16571.8 1032.89 0
16585.9 1106.34 0
16600.5 1179.72 0
16615.3 1253.04 0
16630.6 1326.28 0
16646.1 1399.46 0
16662 1472.57 0
16678.4 1545.59 0
16695.3 1618.47 0
16713 1691.18 0
16731.6 1763.68 0
16751.3 1835.9 0
16772 1907.81 0
16794.1 1979.36 0
16817.5 2050.48 0
16842.3 2121.13 14.3074
16868.3 2191.38 14.3074
p
78
30
16600 0 0
16595.4 73.107 0
16590.8 146.214 0
16587.5 219.411 0
16585.6 292.673 0
16585 365.971 0
16585.7 439.285 0
16588 512.588 0
16591.7 585.849 0
16596.8 659.041 0
16603.1 732.147 0
16610.6 805.156 0
16619.1 878.059 0
16628.6 950.855 0
16638.9 1023.54 0
16650.1 1096.11 0
16662.1 1168.56 0
16675.1 1240.86 0
16689 1313.01 0
16704.1 1384.94 0
16720.5 1456.6 0
16738.6 1527.88 0
16757.1 1599.07 0
16776 1670.15 0
16795 1741.22 0
16813.6 1812.37 0
16831.3 1883.69 0
16847.7 1955.32 0
16861.3 2027.47 0
16871.4 2100.15 0
16878.1 2173.2 0
p
79
30
16800 0 0
16804.9 74.8217 0
16809.8 149.643 0
16814.8 224.463 0
16819.7 299.28 0
16824.6 374.101 0
16829.5 448.928 0
16834.2 523.762 0
16838.7 598.606 0
16843.1 673.463 0
16847.2 748.333 0
16851 823.22 0
16854.5 898.122 0
16857.7 973.042 0
16860.4 1047.98 0
16862.7 1122.93 0
16864.5 1197.9 0
16865.7 1272.88 0
16866.7 1347.86 0
16867.4 1422.85 0
16867.9 1497.84 0
16868.5 1572.83 0
16869 1647.82 0
16869.8 1722.81 0
16870.8 1797.79 0
16872.2 1872.77 0
16874.1 1947.73 -22.3114
16876.6 2022.67 -22.3114
16879.9 2097.58 -22.3114
16884.2 2172.44 -22.3114
16889.2 2247.26 -22.3114
s	0
114 121 146 153 
114 115 116 117 118 119 120 121 146 147 148 149 150 151 152 153 
b
2 0
0.783099 0.394383 0.840188
115 0 0 2
116 0 0 2
117 0 0 2
118 0 0 2
119 0 0 2
120 0 0 1
147 0 0 1
148 0 0 2
149 0 0 2
150 0 0 2
151 0 0 2
152 0 0 2
g
0
0.1 2 0 0 1 2 0 2 4
t
2
0
1673.19 1261.01 100
1673.19 1261.01 -100
a
4
0
121 113 153 145 
1 114 1 147 0 146 0 2640 0.5 2641 0.5 
1 115 1 147 0 148 0 2640 0.5 2641 0.5 
1 116 1 148 0 149 0 2640 0.5 2641 0.5 
1 117 1 149 0 150 0 2640 0.5 2641 0.5 
1 118 1 150 0 151 0 2640 0.5 2641 0.5 
1 119 1 151 0 152 0 2640 0.5 2641 0.5 
1 120 1 152 0 2640 0.5 2641 0.5 
2 147 1 114 0 115 0 2640 0.5 2641 0.5 
2 148 1 115 0 116 0 2640 0.5 2641 0.5 
2 149 1 116 0 117 0 2640 0.5 2641 0.5 
2 150 1 117 0 118 0 2640 0.5 2641 0.5 
2 151 1 118 0 119 0 2640 0.5 2641 0.5 
2 152 1 119 0 120 0 2640 0.5 2641 0.5 
2 146 1 114 0 2640 0.5 2641 0.5 
0 2640 7 114 0.5 115 0.5 116 0.5 117 0.5 118 0.5 119 0.5 120 0.5 147 0.5 148 0.5 149 0.5 150 0.5 151 0.5 152 0.5 146 0.5 
0 2641 7 114 0.5 115 0.5 116 0.5 117 0.5 118 0.5 119 0.5 120 0.5 147 0.5 148 0.5 149 0.5 150 0.5 151 0.5 152 0.5 146 0.5 
NanList DIR 0
d
48
0 0 -11.6268 0 0 -11.6268 0 0 -11.6268 0 0 -11.6268 0 0 -11.6268 0 0 -11.6268 0 0 -11.6268 0 0 11.6268 0 0 11.6268 0 0 11.6268 0 0 11.6268 0 0 11.6268 0 0 11.6268 0 0 11.6268 0 0 0 0 0 0 
s	1
161 163 194 196 220 224 
161 162 163 194 195 196 220 221 222 223 224 
b
3 0
0.197551 0.911647 0.79844
162 0 0 2
195 0 0 2
221 0 0 1
222 0 0 2
223 0 0 1
g
0
0.1 2 0 0 1 2 0 2 4
t
2
2
1908.19 2055.88 100
1908.19 2055.88 -100
a
6
4
163 160 196 193 224 219 
1 221 1 195 0 161 0 194 0 2640 0.5 2641 0.5 
1 222 1 195 0 161 0 162 0 2640 0.5 2641 0.5 
1 220 1 195 0 2640 0.5 2641 0.5 
1 223 1 162 0 2640 0.5 2641 0.5 
2 161 1 221 0 222 0 2640 0.5 2641 0.5 
2 162 1 222 0 223 0 2640 0.5 2641 0.5 
2 195 1 221 0 222 0 220 0 2640 0.5 2641 0.5 
2 194 1 221 0 2640 0.5 2641 0.5 
0 2640 4 221 0.5 222 0.5 220 0.5 223 0.5 161 0.5 162 0.5 195 0.5 194 0.5 
0 2641 4 221 0.5 222 0.5 220 0.5 223 0.5 161 0.5 162 0.5 195 0.5 194 0.5 
NanList DIR 0
d
30
0 0 -12.4179 0 0 -12.4179 0 0 -12.4179 0 0 -12.4179 0 0 12.4179 0 0 12.4179 0 0 12.4179 0 0 12.4179 0 0 0 0 0 0 
s	2
209 212 243 246 
209 210 211 212 243 244 245 246 
b
2 0
0.277775 0.76823 0.335223
210 0 0 2
211 0 0 2
244 0 0 2
245 0 0 2
g
0
0.1 2 0 0 1 2 0 2 4
t
2
4
2329.75 1073.11 100
2329.75 1073.11 -100
a
4
10
212 208 246 242 
1 210 1 244 0 243 0 245 0 2640 0.5 2641 0.5 
1 209 1 244 0 243 0 2640 0.5 2641 0.5 
1 211 1 244 0 245 0 2640 0.5 2641 0.5 
2 244 1 210 0 209 0 211 0 2640 0.5 2641 0.5 
2 243 1 210 0 209 0 2640 0.5 2641 0.5 
2 245 1 210 0 211 0 2640 0.5 2641 0.5 
0 2640 3 210 0.5 209 0.5 211 0.5 244 0.5 243 0.5 245 0.5 
0 2641 3 210 0.5 209 0.5 211 0.5 244 0.5 243 0.5 245 0.5 
NanList DIR 0
d
24
0 0 -13.3314 0 0 -13.3314 0 0 -13.3314 0 0 13.3314 0 0 13.3314 0 0 13.3314 0 0 0 0 0 0 
s	3
213 216 248 251 
213 214 215 216 248 249 250 251 
b
2 0
0.628871 0.477397 0.55397
214 0 0 2
215 0 0 2
249 0 0 2
250 0 0 2
g
0
0.1 2 0 0 1 2 0 2 4
t
2
6
2210.11 1441.93 100
2210.11 1441.93 -100
a
4
14
216 212 251 247 
1 214 1 248 0 249 0 250 0 2640 0.5 2641 0.5 
1 215 1 248 0 249 0 250 0 2640 0.5 2641 0.5 
1 213 1 248 0 249 0 2640 0.5 2641 0.5 
2 248 1 214 0 215 0 213 0 2640 0.5 2641 0.5 
2 249 1 214 0 215 0 213 0 2640 0.5 2641 0.5 
2 250 1 214 0 215 0 2640 0.5 2641 0.5 
0 2640 3 214 0.5 215 0.5 213 0.5 248 0.5 249 0.5 250 0.5 
0 2641 3 214 0.5 215 0.5 213 0.5 248 0.5 249 0.5 250 0.5 
NanList DIR 0
d
24
0 0 -13.3314 0 0 -13.3314 0 0 -13.3314 0 0 13.3314 0 0 13.3314 0 0 13.3314 0 0 0 0 0 0 
s	4
258 261 326 328 
258 259 260 261 326 327 328 
b
2 0
0.95223 0.513401 0.364784
259 0 0 1
260 0 0 1
327 0 0 2
g
0
0.1 2 0 0 1 2 0 2 4
t
2
8
2735.31 2101.18 100
2735.31 2101.18 -100
a
4
18
261 257 328 325 
1 259 1 326 0 327 0 2640 0.5 2641 0.5 
1 258 1 326 0 2640 0.5 2641 0.5 
1 260 1 327 0 2640 0.5 2641 0.5 
2 326 1 259 0 258 0 2640 0.5 2641 0.5 
2 327 1 259 0 260 0 2640 0.5 2641 0.5 
0 2640 2.5 259 0.5 258 0.5 260 0.5 326 0.5 327 0.5 
0 2641 2.5 259 0.5 258 0.5 260 0.5 326 0.5 327 0.5 
NanList DIR 0
d
21
0 0 -12.4879 0 0 -12.4879 0 0 -12.4879 0 0 12.4879 0 0 12.4879 0 0 0 0 0 0 
s	5
312 319 343 349 
312 313 314 315 316 317 318 319 343 344 345 346 347 348 349 
b
2 0
0.717297 0.635712 0.916195
313 0 0 1
314 0 0 2
315 0 0 2
316 0 0 2
317 0 0 2
318 0 0 1
344 0 0 2
345 0 0 2
346 0 0 2
347 0 0 2
348 0 0 2
g
0
0.1 2 0 0 1 2 0 2 4
t
2
10
2994.3 1291.73 100
2994.3 1291.73 -100
a
4
22
319 311 349 342 
1 313 1 343 0 344 0 2640 0.5 2641 0.5 
1 314 1 344 0 345 0 2640 0.5 2641 0.5 
1 315 1 345 0 346 0 2640 0.5 2641 0.5 
1 316 1 346 0 347 0 2640 0.5 2641 0.5 
1 317 1 347 0 348 0 2640 0.5 2641 0.5 
1 312 1 343 0 2640 0.5 2641 0.5 
1 318 1 348 0 2640 0.5 2641 0.5 
2 343 1 313 0 312 0 2640 0.5 2641 0.5 
2 344 1 313 0 314 0 2640 0.5 2641 0.5 
2 345 1 314 0 315 0 2640 0.5 2641 0.5 
2 346 1 315 0 316 0 2640 0.5 2641 0.5 
2 347 1 316 0 317 0 2640 0.5 2641 0.5 
2 348 1 317 0 318 0 2640 0.5 2641 0.5 
0 2640 6.5 313 0.5 314 0.5 315 0.5 316 0.5 317 0.5 312 0.5 318 0.5 343 0.5 344 0.5 345 0.5 346 0.5 347 0.5 348 0.5 
0 2641 6.5 313 0.5 314 0.5 315 0.5 316 0.5 317 0.5 312 0.5 318 0.5 343 0.5 344 0.5 345 0.5 346 0.5 347 0.5 348 0.5 
NanList DIR 0
d
45
0 0 -10.6279 0 0 -10.6279 0 0 -10.6279 0 0 -10.6279 0 0 -10.6279 0 0 -10.6279 0 0 -10.6279 0 0 10.6279 0 0 10.6279 0 0 10.6279 0 0 10.6279 0 0 10.6279 0 0 10.6279 0 0 0 0 0 0 
s	6
687 690 721 724 787 790 
687 688 689 690 721 722 723 724 787 788 789 790 
b
3 0
0.0163006 0.606969 0.141603
688 0 0 1
689 0 0 1
722 0 0 2
723 0 0 1
788 0 0 1
789 0 0 4
g
0
0.1 2 0 0 1 2 0 2 4
t
2
12
5546.54 1938.79 100
5546.54 1938.79 -100
a
6
26
690 686 724 720 790 786 
1 789 1 721 0 688 0 722 0 687 0 689 0 723 0 2640 0.5 2641 0.5 
1 788 1 721 0 688 0 722 0 2640 0.5 2641 0.5 
1 787 1 721 0 2640 0.5 2641 0.5 
2 721 1 789 0 788 0 787 0 2640 0.5 2641 0.5 
2 722 1 789 0 788 0 2640 0.5 2641 0.5 
2 723 1 789 0 2640 0.5 2641 0.5 
2 688 1 789 0 788 0 2640 0.5 2641 0.5 
2 687 1 789 0 2640 0.5 2641 0.5 
2 689 1 789 0 2640 0.5 2641 0.5 
0 2640 4.5 789 0.5 788 0.5 787 0.5 721 0.5 722 0.5 723 0.5 688 0.5 687 0.5 689 0.5 
0 2641 4.5 789 0.5 788 0.5 787 0.5 721 0.5 722 0.5 723 0.5 688 0.5 687 0.5 689 0.5 
NanList DIR 0
d
33
0 0 -11.9766 0 0 -11.9766 0 0 -11.9766 0 0 11.9766 0 0 11.9766 0 0 11.9766 0 0 11.9766 0 0 11.9766 0 0 11.9766 0 0 0 0 0 0 
s	7
776 782 808 814 
776 777 778 779 780 781 782 808 809 810 811 812 813 814 
b
2 0
0.804177 0.137232 0.242887
777 0 0 2
778 0 0 3
779 0 0 3
780 0 0 3
781 0 0 2
809 0 0 2
810 0 0 3
811 0 0 3
812 0 0 3
813 0 0 2
g
0
0.1 2 0 0 1 2 0 2 4
t
2
14
5855.58 1333 100
5855.58 1333 -100
a
4
32
782 775 814 807 
1 777 1 809 0 810 0 808 0 2640 0.5 2641 0.5 
1 778 1 809 0 810 0 811 0 2640 0.5 2641 0.5 
1 779 1 810 0 811 0 812 0 2640 0.5 2641 0.5 
1 780 1 811 0 812 0 813 0 2640 0.5 2641 0.5 
1 776 1 809 0 808 0 2640 0.5 2641 0.5 
1 781 1 812 0 813 0 2640 0.5 2641 0.5 
2 809 1 777 0 778 0 776 0 2640 0.5 2641 0.5 
2 810 1 777 0 778 0 779 0 2640 0.5 2641 0.5 
2 811 1 778 0 779 0 780 0 2640 0.5 2641 0.5 
2 812 1 779 0 780 0 781 0 2640 0.5 2641 0.5 
2 808 1 777 0 776 0 2640 0.5 2641 0.5 
2 813 1 780 0 781 0 2640 0.5 2641 0.5 
0 2640 6 777 0.5 778 0.5 779 0.5 780 0.5 776 0.5 781 0.5 809 0.5 810 0.5 811 0.5 812 0.5 808 0.5 813 0.5 
0 2641 6 777 0.5 778 0.5 779 0.5 780 0.5 776 0.5 781 0.5 809 0.5 810 0.5 811 0.5 812 0.5 808 0.5 813 0.5 
NanList DIR 0
d
42
0 0 -11.4132 0 0 -11.4132 0 0 -11.4132 0 0 -11.4132 0 0 -11.4132 0 0 -11.4132 0 0 11.4132 0 0 11.4132 0 0 11.4132 0 0 11.4132 0 0 11.4132 0 0 11.4132 0 0 0 0 0 0 
s	8
1085 1087 1184 1186 
1085 1086 1087 1184 1185 1186 
b
2 0
0.12979 0.400944 0.156679
1086 0 0 1
1185 0 0 1
g
0
0.1 2 0 0 1 2 0 2 4
t
2
16
7590.73 2253.92 100
7590.73 2253.92 -100
a
4
36
1087 1084 1186 1183 
1 1085 1 1184 0 1185 0 2640 0.5 2641 0.5 
1 1086 1 1184 0 1185 0 2640 0.5 2641 0.5 
2 1184 1 1085 0 1086 0 2640 0.5 2641 0.5 
2 1185 1 1085 0 1086 0 2640 0.5 2641 0.5 
0 2640 2 1085 0.5 1086 0.5 1184 0.5 1185 0.5 
0 2641 2 1085 0.5 1086 0.5 1184 0.5 1185 0.5 
NanList DIR 0
d
18
0 0 -12.2032 0 0 -12.2032 0 0 12.2032 0 0 12.2032 0 0 0 0 0 0 
s	9
1547 1549 1646 1648 
1547 1548 1549 1646 1647 1648 
b
2 0
0.218257 0.998924 0.108809
1548 0 0 1
1647 0 0 1
g
0
0.1 2 0 0 1 2 0 2 4
t
2
18
10820 2449.88 100
10820 2449.88 -100
a
4
40
1549 1546 1648 1645 
1 1548 1 1646 0 1647 0 2640 0.5 2641 0.5 
1 1547 1 1646 0 2640 0.5 2641 0.5 
2 1646 1 1548 0 1547 0 2640 0.5 2641 0.5 
2 1647 1 1548 0 2640 0.5 2641 0.5 
0 2640 2 1548 0.5 1547 0.5 1646 0.5 1647 0.5 
0 2641 2 1548 0.5 1547 0.5 1646 0.5 1647 0.5 
NanList DIR 0
d
18
0 0 -12.1407 0 0 -12.1407 0 0 12.1407 0 0 12.1407 0 0 0 0 0 0 
s	10
1744 1747 1778 1780 1808 1812 
1744 1745 1746 1747 1778 1779 1780 1808 1809 1810 1811 1812 
b
3 0
0.61264 0.839112 0.512932
1745 0 0 1
1746 0 0 3
1779 0 0 4
1809 0 0 1
1810 0 0 2
1811 0 0 1
g
0
0.1 2 0 0 1 2 0 2 4
t
2
20
11392.5 2125.8 100
11392.5 2125.8 -100
a
6
44
1747 1743 1780 1777 1812 1807 
1 1809 1 1779 0 1745 0 1746 0 1778 0 2640 0.5 2641 0.5 
1 1810 1 1779 0 1745 0 1746 0 2640 0.5 2641 0.5 
1 1808 1 1779 0 1778 0 2640 0.5 2641 0.5 
1 1811 1 1746 0 2640 0.5 2641 0.5 
2 1745 1 1779 0 1809 0 1778 0 1810 0 2640 0.5 2641 0.5 
2 1746 1 1779 0 1809 0 1810 0 1811 0 2640 0.5 2641 0.5 
2 1744 1 1779 0 2640 0.5 2641 0.5 
3 1779 1 1745 0 1746 0 1809 0 1810 0 1808 0 1744 0 2640 0.5 2641 0.5 
3 1778 1 1745 0 1809 0 1808 0 2640 0.5 2641 0.5 
0 2640 4.5 1809 0.5 1810 0.5 1808 0.5 1811 0.5 1745 0.5 1746 0.5 1744 0.5 1779 0.5 1778 0.5 
0 2641 4.5 1809 0.5 1810 0.5 1808 0.5 1811 0.5 1745 0.5 1746 0.5 1744 0.5 1779 0.5 1778 0.5 
NanList DIR 0
d
33
0 0 -23.9827 0 0 -23.9827 0 0 -23.9827 0 0 -23.9827 0 0 0 0 0 0 0 0 0 0 0 11.3292 0 0 11.3292 0 0 0 0 0 0 
s	11
2071 2072 2073 2074 2075 2076 2077 2097 2098 2099 2100 2101 2102 2103 2104 2105 2106 2107 2108 2109 2110 2127 2128 2129 2130 2131 2132 2133 2134 2135 2136 2137 2138 2139 2140 2141 2142 2143 2240 2241 2242 
2071 2072 2073 2074 2075 2076 2077 2097 2098 2099 2100 2101 2102 2103 2104 2105 2106 2107 2108 2109 2110 2127 2128 2129 2130 2131 2132 2133 2134 2135 2136 2137 2138 2139 2140 2141 2142 2143 2240 2241 2242 
b
3 0
0.524287 0.637552 0.296032
2072 0 0 1
2073 0 0 3
2074 0 0 4
2075 0 0 3
2076 0 0 1
2139 0 0 2
2140 0 0 2
2141 0 0 4
2142 0 0 4
2241 0 0 4
b
2 0
0.292517 0.972775 0.493583
2098 0 0 2
2099 0 0 3
2100 0 0 2
2101 0 0 2
2102 0 0 2
2103 0 0 2
2104 0 0 2
2105 0 0 3
2106 0 0 3
2107 0 0 2
2108 0 0 2
2109 0 0 2
2128 0 0 2
2129 0 0 3
2130 0 0 3
2131 0 0 2
2132 0 0 2
2133 0 0 3
2134 0 0 3
2135 0 0 3
2136 0 0 3
2137 0 0 2
2138 0 0 1
g
0
0.1 2 0 0 1 2 0 2 4
t
2
22
14017.3 1809.4 100
14017.3 1809.4 -100
a
8
50
2077 2070 2110 2096 2143 2126 2242 2239 
1 2141 1 2240 0 2074 0 2073 0 2075 0 2241 0 2640 0.5 2641 0.5 
1 2142 1 2240 0 2074 0 2075 0 2241 0 2076 0 2640 0.5 2641 0.5 
1 2140 1 2240 0 2074 0 2073 0 2072 0 2640 0.5 2641 0.5 
1 2128 1 2098 0 2099 0 2097 0 2640 0.5 2641 0.5 
1 2129 1 2098 0 2099 0 2100 0 2640 0.5 2641 0.5 
1 2130 1 2099 0 2100 0 2101 0 2640 0.5 2641 0.5 
1 2132 1 2104 0 2102 0 2103 0 2640 0.5 2641 0.5 
1 2133 1 2104 0 2105 0 2103 0 2640 0.5 2641 0.5 
1 2134 1 2104 0 2105 0 2106 0 2640 0.5 2641 0.5 
1 2135 1 2105 0 2106 0 2107 0 2640 0.5 2641 0.5 
1 2136 1 2106 0 2107 0 2108 0 2640 0.5 2641 0.5 
1 2138 1 2072 0 2109 0 2071 0 2640 0.5 2641 0.5 
1 2127 1 2098 0 2097 0 2640 0.5 2641 0.5 
1 2131 1 2101 0 2102 0 2640 0.5 2641 0.5 
1 2137 1 2108 0 2109 0 2640 0.5 2641 0.5 
1 2139 1 2073 0 2072 0 2640 0.5 2641 0.5 
2 2098 1 2128 0 2129 0 2127 0 2640 0.5 2641 0.5 
2 2099 1 2128 0 2129 0 2130 0 2640 0.5 2641 0.5 
2 2104 1 2132 0 2133 0 2134 0 2640 0.5 2641 0.5 
2 2105 1 2133 0 2134 0 2135 0 2640 0.5 2641 0.5 
2 2106 1 2134 0 2135 0 2136 0 2640 0.5 2641 0.5 
2 2097 1 2128 0 2127 0 2640 0.5 2641 0.5 
2 2100 1 2129 0 2130 0 2640 0.5 2641 0.5 
2 2101 1 2130 0 2131 0 2640 0.5 2641 0.5 
2 2102 1 2132 0 2131 0 2640 0.5 2641 0.5 
2 2103 1 2132 0 2133 0 2640 0.5 2641 0.5 
2 2107 1 2135 0 2136 0 2640 0.5 2641 0.5 
2 2108 1 2136 0 2137 0 2640 0.5 2641 0.5 
2 2109 1 2138 0 2137 0 2640 0.5 2641 0.5 
2 2074 1 2240 0 2141 0 2142 0 2140 0 2241 0 2640 0.5 2641 0.5 
2 2073 1 2240 0 2141 0 2140 0 2139 0 2640 0.5 2641 0.5 
2 2075 1 2240 0 2141 0 2142 0 2241 0 2640 0.5 2641 0.5 
2 2072 1 2140 0 2138 0 2139 0 2640 0.5 2641 0.5 
2 2071 1 2138 0 2640 0.5 2641 0.5 
2 2076 1 2142 0 2640 0.5 2641 0.5 
3 2240 1 2074 0 2141 0 2142 0 2073 0 2075 0 2140 0 2640 0.5 2641 0.5 
3 2241 1 2074 0 2141 0 2142 0 2075 0 2640 0.5 2641 0.5 
0 2640 18.5 2141 0.5 2142 0.5 2140 0.5 2128 0.5 2129 0.5 2130 0.5 2132 0.5 2133 0.5 2134 0.5 2135 0.5 2136 0.5 2138 0.5 2127 0.5 2131 0.5 2137 0.5 2139 0.5 2098 0.5 2099 0.5 2104 0.5 2105 0.5 2106 0.5 2097 0.5 2100 0.5 2101 0.5 2102 0.5 2103 0.5 2107 0.5 2108 0.5 2109 0.5 2074 0.5 2073 0.5 2075 0.5 2072 0.5 2071 0.5 2076 0.5 2240 0.5 2241 0.5 
0 2641 18.5 2141 0.5 2142 0.5 2140 0.5 2128 0.5 2129 0.5 2130 0.5 2132 0.5 2133 0.5 2134 0.5 2135 0.5 2136 0.5 2138 0.5 2127 0.5 2131 0.5 2137 0.5 2139 0.5 2098 0.5 2099 0.5 2104 0.5 2105 0.5 2106 0.5 2097 0.5 2100 0.5 2101 0.5 2102 0.5 2103 0.5 2107 0.5 2108 0.5 2109 0.5 2074 0.5 2073 0.5 2075 0.5 2072 0.5 2071 0.5 2076 0.5 2240 0.5 2241 0.5 
NanList DIR 0
d
117
0 0 -24.2322 0 0 -24.2322 0 0 -24.2322 0 0 -24.2322 0 0 -24.2322 0 0 -24.2322 0 0 -24.2322 0 0 -24.2322 0 0 -24.2322 0 0 -24.2322 0 0 -24.2322 0 0 -24.2322 0 0 -24.2322 0 0 -24.2322 0 0 -24.2322 0 0 -24.2322 0 0 0 0 0 0 0 0 0 0 0 0 0 0 0 0 0 0 0 0 0 0 0 0 0 0 0 0 0 0 0 0 0 0 0 0 0 0 0 0 0 0 0 0 0 0 0 0 0 0 0 0 0 0 0 0 0 0 0 25.7575 0 0 25.7575 0 0 0 0 0 0 
s	12
2174 2176 2206 2209 
2174 2175 2176 2206 2207 2208 2209 
b
2 0
0.769914 0.526745 0.771358
2175 0 0 2
2207 0 0 1
2208 0 0 1
g
0
0.1 2 0 0 1 2 0 2 4
t
2
24
14171.3 2094.39 100
14171.3 2094.39 -100
a
4
58
2176 2173 2209 2205 
1 2174 1 2207 0 2206 0 2640 0.5 2641 0.5 
1 2175 1 2207 0 2208 0 2640 0.5 2641 0.5 
2 2207 1 2174 0 2175 0 2640 0.5 2641 0.5 
2 2206 1 2174 0 2640 0.5 2641 0.5 
2 2208 1 2175 0 2640 0.5 2641 0.5 
0 2640 2.5 2174 0.5 2175 0.5 2207 0.5 2206 0.5 2208 0.5 
0 2641 2.5 2174 0.5 2175 0.5 2207 0.5 2206 0.5 2208 0.5 
NanList DIR 0
d
21
0 0 -11.3539 0 0 -11.3539 0 0 11.3539 0 0 11.3539 0 0 11.3539 0 0 0 0 0 0 
s	13
2267 2272 2305 2308 2339 2341 
2267 2268 2269 2270 2271 2272 2305 2306 2307 2308 2339 2340 2341 
b
3 0
0.283315 0.891529 0.400229
2268 0 0 1
2269 0 0 2
2270 0 0 2
2271 0 0 1
2306 0 0 2
2307 0 0 2
2340 0 0 2
g
0
0.1 2 0 0 1 2 0 2 4
t
2
26
14832.3 1867.38 100
14832.3 1867.38 -100
a
6
62
2272 2266 2308 2304 2341 2338 
1 2269 1 2306 0 2307 0 2339 0 2640 0.5 2641 0.5 
1 2270 1 2307 0 2339 0 2340 0 2640 0.5 2641 0.5 
1 2268 1 2305 0 2306 0 2640 0.5 2641 0.5 
1 2267 1 2305 0 2640 0.5 2641 0.5 
1 2271 1 2340 0 2640 0.5 2641 0.5 
2 2305 1 2268 0 2267 0 2640 0.5 2641 0.5 
2 2306 1 2269 0 2268 0 2640 0.5 2641 0.5 
2 2307 1 2269 0 2270 0 2640 0.5 2641 0.5 
2 2339 1 2269 0 2270 0 2640 0.5 2641 0.5 
2 2340 1 2270 0 2271 0 2640 0.5 2641 0.5 
0 2640 5 2269 0.5 2270 0.5 2268 0.5 2267 0.5 2271 0.5 2305 0.5 2306 0.5 2307 0.5 2339 0.5 2340 0.5 
0 2641 5 2269 0.5 2270 0.5 2268 0.5 2267 0.5 2271 0.5 2305 0.5 2306 0.5 2307 0.5 2339 0.5 2340 0.5 
NanList DIR 0
d
36
0 0 -13.0984 0 0 -13.0984 0 0 -13.0984 0 0 -13.0984 0 0 -13.0984 0 0 13.0984 0 0 13.0984 0 0 13.0984 0 0 13.0984 0 0 13.0984 0 0 0 0 0 0 
s	14
2323 2328 2356 2361 
2323 2324 2325 2326 2327 2328 2356 2357 2358 2359 2360 2361 
b
2 0
0.919026 0.807725 0.352458
2324 0 0 1
2325 0 0 2
2326 0 0 2
2327 0 0 2
2357 0 0 2
2358 0 0 2
2359 0 0 2
2360 0 0 1
g
0
0.1 2 0 0 1 2 0 2 4
t
2
28
15065.8 1014.95 100
15065.8 1014.95 -100
a
4
68
2328 2322 2361 2355 
1 2326 1 2357 0 2358 0 2359 0 2640 0.5 2641 0.5 
1 2324 1 2357 0 2356 0 2640 0.5 2641 0.5 
1 2325 1 2357 0 2358 0 2640 0.5 2641 0.5 
1 2327 1 2359 0 2360 0 2640 0.5 2641 0.5 
1 2323 1 2356 0 2640 0.5 2641 0.5 
2 2357 1 2326 0 2324 0 2325 0 2640 0.5 2641 0.5 
2 2356 1 2324 0 2323 0 2640 0.5 2641 0.5 
2 2358 1 2326 0 2325 0 2640 0.5 2641 0.5 
2 2359 1 2326 0 2327 0 2640 0.5 2641 0.5 
2 2360 1 2327 0 2640 0.5 2641 0.5 
0 2640 5 2326 0.5 2324 0.5 2325 0.5 2327 0.5 2323 0.5 2357 0.5 2356 0.5 2358 0.5 2359 0.5 2360 0.5 
0 2641 5 2326 0.5 2324 0.5 2325 0.5 2327 0.5 2323 0.5 2357 0.5 2356 0.5 2358 0.5 2359 0.5 2360 0.5 
NanList DIR 0
d
36
0 0 -12.5464 0 0 -12.5464 0 0 -12.5464 0 0 -12.5464 0 0 -12.5464 0 0 12.5464 0 0 12.5464 0 0 12.5464 0 0 12.5464 0 0 12.5464 0 0 0 0 0 0 
s	15
2331 2336 2363 2368 
2331 2332 2333 2334 2335 2336 2363 2364 2365 2366 2367 2368 
b
2 0
0.525995 0.949327 0.0697553
2332 0 0 2
2333 0 0 3
2334 0 0 3
2335 0 0 2
2364 0 0 2
2365 0 0 3
2366 0 0 3
2367 0 0 2
g
0
0.1 2 0 0 1 2 0 2 4
t
2
30
14998 1516.55 100
14998 1516.55 -100
a
4
72
2336 2330 2368 2362 
1 2332 1 2364 0 2365 0 2363 0 2640 0.5 2641 0.5 
1 2333 1 2364 0 2365 0 2366 0 2640 0.5 2641 0.5 
1 2334 1 2365 0 2366 0 2367 0 2640 0.5 2641 0.5 
1 2331 1 2364 0 2363 0 2640 0.5 2641 0.5 
1 2335 1 2366 0 2367 0 2640 0.5 2641 0.5 
2 2364 1 2332 0 2333 0 2331 0 2640 0.5 2641 0.5 
2 2365 1 2332 0 2333 0 2334 0 2640 0.5 2641 0.5 
2 2366 1 2333 0 2334 0 2335 0 2640 0.5 2641 0.5 
2 2363 1 2332 0 2331 0 2640 0.5 2641 0.5 
2 2367 1 2334 0 2335 0 2640 0.5 2641 0.5 
0 2640 5 2332 0.5 2333 0.5 2334 0.5 2331 0.5 2335 0.5 2364 0.5 2365 0.5 2366 0.5 2363 0.5 2367 0.5 
0 2641 5 2332 0.5 2333 0.5 2334 0.5 2331 0.5 2335 0.5 2364 0.5 2365 0.5 2366 0.5 2363 0.5 2367 0.5 
NanList DIR 0
d
36
0 0 -12.5464 0 0 -12.5464 0 0 -12.5464 0 0 -12.5464 0 0 -12.5464 0 0 12.5464 0 0 12.5464 0 0 12.5464 0 0 12.5464 0 0 12.5464 0 0 0 0 0 0 
s	16
2404 2407 2437 2440 
2404 2405 2406 2407 2437 2438 2439 2440 
b
2 0
0.663227 0.192214 0.0860558
2405 0 0 1
2406 0 0 2
2438 0 0 2
2439 0 0 1
g
0
0.1 2 0 0 1 2 0 2 4
t
2
32
15360.9 1973.87 100
15360.9 1973.87 -100
a
4
76
2407 2403 2440 2436 
1 2405 1 2437 0 2438 0 2640 0.5 2641 0.5 
1 2406 1 2438 0 2439 0 2640 0.5 2641 0.5 
1 2404 1 2437 0 2640 0.5 2641 0.5 
2 2437 1 2405 0 2404 0 2640 0.5 2641 0.5 
2 2438 1 2405 0 2406 0 2640 0.5 2641 0.5 
2 2439 1 2406 0 2640 0.5 2641 0.5 
0 2640 3 2405 0.5 2406 0.5 2404 0.5 2437 0.5 2438 0.5 2439 0.5 
0 2641 3 2405 0.5 2406 0.5 2404 0.5 2437 0.5 2438 0.5 2439 0.5 
NanList DIR 0
d
24
0 0 -12.6907 0 0 -12.6907 0 0 -12.6907 0 0 12.6907 0 0 12.6907 0 0 12.6907 0 0 0 0 0 0 
s	17
2570 2572 2601 2605 2633 2638 
2570 2571 2572 2601 2602 2603 2604 2605 2633 2634 2635 2636 2637 2638 
b
3 0
0.0641713 0.348893 0.890233
2571 0 0 3
2602 0 0 2
2603 0 0 3
2604 0 0 4
2634 0 0 2
2635 0 0 3
2636 0 0 3
2637 0 0 2
g
0
0.1 2 0 0 1 2 0 2 4
t
2
34
16870.3 2096.03 100
16870.3 2096.03 -100
a
6
80
2572 2569 2605 2600 2638 2632 
1 2635 1 2604 0 2570 0 2603 0 2602 0 2640 0.5 2641 0.5 
1 2636 1 2604 0 2570 0 2603 0 2571 0 2640 0.5 2641 0.5 
1 2634 1 2603 0 2602 0 2601 0 2640 0.5 2641 0.5 
1 2633 1 2602 0 2601 0 2640 0.5 2641 0.5 
1 2637 1 2604 0 2571 0 2640 0.5 2641 0.5 
2 2604 1 2570 0 2635 0 2636 0 2571 0 2637 0 2640 0.5 2641 0.5 
2 2603 1 2570 0 2635 0 2636 0 2634 0 2640 0.5 2641 0.5 
2 2602 1 2635 0 2634 0 2633 0 2640 0.5 2641 0.5 
2 2601 1 2634 0 2633 0 2640 0.5 2641 0.5 
3 2570 1 2604 0 2603 0 2635 0 2636 0 2640 0.5 2641 0.5 
3 2571 1 2604 0 2636 0 2637 0 2640 0.5 2641 0.5 
0 2640 5.5 2635 0.5 2636 0.5 2634 0.5 2633 0.5 2637 0.5 2604 0.5 2603 0.5 2602 0.5 2601 0.5 2570 0.5 2571 0.5 
0 2641 5.5 2635 0.5 2636 0.5 2634 0.5 2633 0.5 2637 0.5 2604 0.5 2603 0.5 2602 0.5 2601 0.5 2570 0.5 2571 0.5 
NanList DIR 0
d
39
0 0 -22.3114 0 0 -22.3114 0 0 -22.3114 0 0 -22.3114 0 0 -22.3114 0 0 0 0 0 0 0 0 0 0 0 0 0 0 14.3074 0 0 14.3074 0 0 0 0 0 0 
