33 1 0.1 0.3 1 0 15 1
p
0
30
1000 0 0
991.2 85.8881 0
982.4 171.776 0
973.6 257.664 0
964.872 343.56 0
956.156 429.457 0
947.47 515.356 0
938.809 601.259 0
930.171 687.164 0
921.552 773.07 0
912.95 858.979 0
904.362 944.889 0
895.784 1030.8 0
887.213 1116.71 0
878.647 1202.62 0
870.083 1288.54 0
861.517 1374.45 0
852.947 1460.36 0
844.369 1546.27 0
835.78 1632.18 0
827.178 1718.09 0
818.559 1804 0
809.92 1889.9 0
801.259 1975.8 0
792.572 2061.7 0
783.861 2147.6 0
775.143 2233.5 0
766.425 2319.39 0
757.706 2405.29 0
748.987 2491.19 0
740.269 2577.08 0
p
1
30
1200 0 0
1207.83 72.8152 0
1215.67 145.63 0
1222.44 218.547 0
1227.5 291.608 0
1230.25 364.809 0
1230.58 438.091 0
1229.72 511.419 0
1227.89 584.767 0
1225.7 658.131 0
1223.8 731.511 0
1222.78 804.901 0
1223.23 878.275 0
1225.66 951.58 0
1230.27 1024.75 0
1237.37 1097.69 0
1247.12 1170.3 0
1259.59 1242.49 0
1274.76 1314.16 0
1292.55 1385.24 0
1312.77 1455.7 0
1335.15 1525.53 0
1359.37 1594.79 0
1385.04 1663.55 0
1411.72 1731.96 0
1438.91 1800.19 0
1466.09 1868.43 0
1492.69 1936.9 0
1518.13 2005.81 0
1542.27 2075.2 11.384
1566.35 2144.67 11.384
p
2
30
1400 0 0
1398.67 69.0042 0
1397.33 138.008 0
1396.54 207.046 0
1396.69 276.121 0
1398.51 345.219 0
1402.41 414.281 0
1407.07 483.289 0
1412.59 552.253 0
1418.69 621.175 0
1425.18 690.063 0
1431.92 758.923 0
1438.85 827.759 0
1445.98 896.575 0
1452.88 965.417 0
1459.57 1034.29 0
1466.01 1103.22 0
1472.17 1172.2 0
1478.07 1241.24 0
1483.78 1310.34 0
1489.36 1379.49 0
1494.91 1448.67 0
1500.58 1517.87 0
1506.52 1587.07 0
1512.94 1656.24 0
1520.07 1725.33 0
1528.23 1794.3 0
1537.76 1863.06 0
1548.86 1931.59 11.384
1561.21 1999.9 11.384
1575 2067.87 11.384
p
3
30
1600 0 0
1603.54 74.733 0
1607.09 149.466 0
1611.82 224.121 0
1618.02 298.659 0
1625.82 373.041 0
1635.02 447.27 0
1644.63 521.475 0
1654.24 595.682 0
1663.24 669.957 0
1671.03 744.35 0
1677.08 818.883 0
1680.94 893.545 0
1682.27 968.289 0
1680.87 1043.04 -4.4227
1676.67 1117.72 -4.4227
1670.09 1192.27 -4.4227
1661.42 1266.65 -4.4227
1651.14 1340.87 0
1639.8 1414.97 0
1627.98 1489.01 0
1616.33 1563.07 0
1605.44 1637.23 0
1595.93 1711.52 0
1588.31 1785.99 0
1583.03 1860.62 0
1580.23 1935.3 -11.384
1579.5 2009.98 -11.384
1581.21 2084.7 -11.384
1584.19 2159.44 -11.384
1587.83 2234.17 -11.384
p
4
30
1800 0 0
1793.38 74.2654 0
1786.76 148.531 0
1780.07 222.79 0
1773.25 297.037 0
1766.3 371.273 0
1759.31 445.505 0
1752.27 519.733 0
1745.24 593.962 0
1738.25 668.194 0
1731.33 742.434 0
1724.52 816.684 0
1717.87 890.949 0
1711.4 965.231 0
1705.16 1039.53 4.4227
1699.17 1113.86 4.4227
1693.36 1188.19 4.4227
1687.72 1262.54 4.4227
1682.21 1336.9 0
1676.81 1411.27 0
1671.49 1485.65 0
1666.22 1560.03 0
1660.97 1634.41 0
1655.71 1708.79 0
1650.41 1783.16 0
1645.04 1857.53 0
1639.57 1931.89 0
1633.97 2006.24 0
1628.2 2080.58 0
1622.25 2154.91 0
1616.12 2229.22 0
p
5
30
2000 0 0
2009.19 72.6768 0
2018.39 145.354 0
2023.44 218.523 0
2021.19 292.115 0
2014.85 365.716 0
2002.99 439.001 0
1988.54 512.203 0
1972.88 585.416 0
1956.95 658.69 0
1942.29 732.197 0
1930.15 805.992 0
1921.63 880.028 0
1917.62 954.137 0
1918.78 1028.05 0
1925.53 1101.42 0
1937.99 1173.89 0
1956.03 1245.11 0
1979.26 1314.86 0
2007.05 1383.04 0
2038.57 1449.74 0
2072.82 1515.23 0
2108.67 1579.97 0
2144.87 1644.56 0
2180.1 1709.66 0
2212.97 1775.93 0
2242.43 1843.74 -3.35208
2268.71 1913 -3.35208
2291.07 1983.74 0
2311.33 2055.18 20.3963
2331.56 2126.61 20.3963
p
6
30
2200 0 0
2200.61 61.6299 0
2201.21 123.26 0
2200.94 184.964 0
2200.48 246.762 0
2200.11 308.586 0
2201.8 370.598 0
2203.19 432.635 0
2204.87 494.782 0
2206.71 557.029 0
2208.31 619.362 0
2209.82 681.751 0
2211.34 744.16 0
2213.01 806.556 -13.7492
2214.9 868.904 -13.7492
2216.92 931.213 -13.7492
2219.01 993.497 -13.7492
2221.12 1055.76 -13.7492
2223.25 1118.03 -13.7492
2225.41 1180.31 -13.7492
2227.62 1242.6 -13.7492
2229.93 1304.93 -13.7492
2232.4 1367.28 -13.7492
2235.17 1429.65 -13.7492
2238.39 1492.02 -13.7492
2242.18 1554.37 -13.7492
2246.6 1616.68 0
2251.94 1678.93 0
2258.87 1741 0
2268.15 1802.72 3.35208
2279.95 1863.99 3.35208
p
7
30
2400 0 0
2393.15 72.2511 0
2386.29 144.502 0
2378.66 216.652 0
2370.24 288.697 0
2357.05 360.105 0
2339.34 430.578 0
2321.22 501.086 0
2302.88 571.636 0
2284.98 642.355 0
2268.1 713.364 0
2252.75 784.761 13.7492
2239.39 856.632 13.7492
2229.35 929.067 13.7492
2223.23 1001.97 13.7492
2221 1075.18 13.7492
2222.3 1148.54 13.7492
2226.73 1221.95 13.7492
2233.95 1295.32 13.7492
2243.6 1368.56 13.7492
2255.14 1441.65 13.7492
2267.96 1514.61 13.7492
2281.78 1587.38 0
2296.71 1659.82 0
2311.66 1732.11 0
2325.16 1804.53 0
2336.03 1877.25 0
2344.09 1950.16 0
2348.85 2023.23 0
2350.09 2096.43 0
2349.83 2169.65 0
p
8
30
2600 0 0
2598.14 85.8317 0
2596.29 171.663 0
2592.9 257.443 0
2587.17 343.103 0
2580.38 428.73 0
2572.14 514.278 0
2562.59 599.744 0
2551.88 685.129 0
2540.17 770.437 0
2527.61 855.676 0
2514.37 940.856 0
2500.62 1025.99 0
2486.54 1111.09 0
2472.29 1196.18 0
2458.06 1281.27 0
2444.02 1366.38 0
2430.33 1451.52 0
2417.18 1536.71 0
2404.73 1621.96 0
2393.14 1707.28 0
2382.56 1792.68 0
2372.99 1878.14 -28.8943
2363.82 1963.64 -28.8943
2354.63 2049.14 -28.8943
2345.18 2134.64 -28.8943
2335.66 2220.13 -28.8943
2326.14 2305.63 0
2316.62 2391.13 0
2307.09 2476.62 0
2297.57 2562.12 0
p
9
30
2800 0 0
2795.22 77.7258 0
2790.43 155.452 0
2785.65 233.177 0
2780.87 310.903 0
2776.08 388.629 0
2771.3 466.355 0
2766.52 544.08 0
2761.73 621.806 0
2756.95 699.532 0
2752.17 777.258 0
2747.38 854.984 0
2742.6 932.709 0
2737.81 1010.44 0
2733.03 1088.16 0
2728.25 1165.89 0
2723.46 1243.61 0
2718.68 1321.34 0
2713.9 1399.06 0
2709.11 1476.79 0
2704.33 1554.52 0
2699.55 1632.24 0
2694.76 1709.97 0
2689.98 1787.69 0
2685.2 1865.42 0
2680.41 1943.14 0
2675.63 2020.87 0
2670.85 2098.6 0
2666.06 2176.32 0
2661.28 2254.05 0
2656.5 2331.77 0
p
10
30
3000 0 0
3009.31 78.8853 0
3018.61 157.771 0
3027.92 236.656 0
3037.23 315.541 0
3046.54 394.426 0
3055.84 473.312 0
3065.15 552.197 0
3074.46 631.082 0
3083.76 709.968 0
3093.07 788.853 0
3102.38 867.738 0
3111.69 946.623 0
3120.99 1025.51 0
3130.3 1104.39 0
3139.61 1183.28 0
3148.91 1262.16 0
3158.22 1341.05 0
3167.53 1419.94 0
3176.84 1498.82 0
3186.14 1577.71 0
3195.45 1656.59 0
3204.76 1735.48 0
3214.06 1814.36 0
3223.37 1893.25 0
3232.68 1972.13 0
3241.99 2051.02 0
3251.29 2129.9 0
3260.6 2208.79 0
3269.91 2287.67 0
3279.21 2366.56 0
p
11
30
3200 0 0
3202.93 71.8686 0
3205.86 143.737 0
3208.79 215.606 0
3211.72 287.474 0
3214.65 359.343 0
3217.58 431.211 0
3220.51 503.08 0
3223.44 574.949 0
3226.37 646.817 0
3229.3 718.686 0
3232.24 790.554 0
3235.17 862.423 0
3238.1 934.291 0
3241.03 1006.16 0
3243.96 1078.03 0
3246.89 1149.9 0
3249.82 1221.77 0
3252.75 1293.63 0
3255.68 1365.5 0
3258.61 1437.37 0
3261.54 1509.24 0
3264.47 1581.11 0
3267.4 1652.98 0
3270.33 1724.85 0
3273.26 1796.71 0
3276.19 1868.58 0
3279.12 1940.45 0
3282.05 2012.32 0
3284.98 2084.19 0
3287.91 2156.06 0
p
12
30
3400 0 0
3402.73 71.4036 0
3405.45 142.807 0
3408.18 214.211 0
3410.9 285.614 0
3413.63 357.018 0
3416.35 428.421 0
3419.08 499.825 0
3421.8 571.229 0
3424.53 642.632 0
3427.25 714.036 0
3429.98 785.439 0
3432.7 856.843 0
3435.43 928.246 0
3438.15 999.65 0
3440.88 1071.05 0
3443.6 1142.46 0
3446.33 1213.86 0
3449.05 1285.26 0
3451.78 1356.67 0
3454.5 1428.07 0
3457.23 1499.48 0
3459.95 1570.88 0
3462.68 1642.28 0
3465.4 1713.69 0
3468.13 1785.09 0
3470.85 1856.49 0
3473.58 1927.9 0
3476.3 1999.3 0
3479.03 2070.7 0
3481.75 2142.11 0
p
13
30
3600 0 0
3602.45 70.2998 0
3604.9 140.6 0
3607.26 210.903 0
3609.51 281.209 0
3611.61 351.521 0
3613.51 421.838 0
3615.17 492.162 0
3616.54 562.493 0
3617.59 632.829 0
3618.26 703.171 0
3618.52 773.517 0
3618.33 843.865 0
3617.65 914.21 0
3616.42 984.55 0
3614.62 1054.88 0
3612.2 1125.19 0
3609.13 1195.48 0
3605.71 1265.76 0
3602.02 1336.02 0
3598.19 1406.28 0
3594.38 1476.54 0
3590.72 1546.8 0
3587.35 1617.08 0
3584.43 1687.38 0
3582.09 1757.69 0
3580.49 1828.03 0
3579.75 1898.37 0
3580.04 1968.72 0
3581.48 2039.04 0
3583.99 2109.34 0
p
14
30
3800 0 0
3791.04 70.1053 0
3782.07 140.211 0
3773.18 210.325 0
3764.39 280.452 0
3755.72 350.595 0
3747.23 420.759 0
3738.94 490.949 0
3730.9 561.167 0
3723.15 631.418 0
3715.72 701.704 0
3708.65 772.029 0
3701.99 842.394 0
3695.77 912.801 0
3690.03 983.25 0
3684.82 1053.74 0
3680.18 1124.27 0
3676.15 1194.85 0
3672.44 1265.44 0
3669 1336.05 0
3665.71 1406.66 0
3662.44 1477.28 0
3659.05 1547.89 0
3655.43 1618.49 0
3651.45 1689.06 0
3646.97 1759.61 0
3641.88 1830.11 0
3636.04 1900.55 0
3629.33 1970.91 0
3621.63 2041.17 0
3613.02 2111.32 0
p
15
30
4000 0 0
4003.22 84.5105 0
4006.44 169.021 0
4009.66 253.531 0
4012.89 338.042 0
4016.11 422.552 0
4019.33 507.063 0
4022.55 591.573 0
4025.77 676.084 0
4028.99 760.594 0
4032.22 845.105 0
4035.44 929.615 0
4038.66 1014.13 0
4041.88 1098.64 0
4045.1 1183.15 0
4048.32 1267.66 0
4051.55 1352.17 0
4054.77 1436.68 0
4057.99 1521.19 0
4061.21 1605.7 0
4064.43 1690.21 0
4067.65 1774.72 0
4070.88 1859.23 0
4074.1 1943.74 0
4077.32 2028.25 0
4080.54 2112.76 0
4083.76 2197.27 0
4086.98 2281.78 0
4090.21 2366.29 0
4093.43 2450.8 0
4096.65 2535.31 0
p
16
30
4200 0 0
4204 77.5898 0
4208 155.18 0
4212.01 232.77 0
4216.01 310.359 0
4220.01 387.949 0
4224.01 465.539 0
4228.02 543.129 0
4232.02 620.719 0
4236.02 698.309 0
4240.02 775.898 0
4244.03 853.488 0
4248.03 931.078 0
4252.03 1008.67 0
4256.03 1086.26 0
4260.03 1163.85 0
4264.04 1241.44 0
4268.04 1319.03 0
4272.04 1396.62 0
4276.04 1474.21 0
4280.05 1551.8 0
4284.05 1629.39 0
4288.05 1706.98 0
4292.05 1784.57 0
4296.06 1862.16 0
4300.06 1939.75 0
4304.06 2017.34 0
4308.06 2094.93 0
4312.06 2172.52 0
4316.07 2250.11 0
4320.07 2327.7 0
p
17
30
4400 0 0
4403.13 74.0159 0
4406.25 148.032 0
4408.22 222.081 0
4408.82 296.158 0
4407.72 370.242 0
4404.7 444.296 0
4400.53 518.327 0
4395.32 592.321 0
4389.43 666.286 0
4383.28 740.245 0
4377.27 814.22 0
4371.83 888.233 0
4367.35 962.297 0
4364.21 1036.41 0
4362.75 1110.55 0
4363.28 1184.68 0
4366.03 1258.74 0
4371.17 1332.65 0
4378.91 1406.34 0
4389.29 1479.71 0
4402.32 1552.66 0
4417.87 1625.15 0
4435.77 1697.12 0
4455.72 1768.58 0
4477.34 1839.58 0
4500.18 1910.24 0
4523.7 1980.71 0
4547.29 2051.21 0
4570.52 2121.87 0
4593.77 2192.61 0
p
18
30
4600 0 0
4591.11 70.5384 0
4582.21 141.077 0
4574.16 211.747 0
4567.22 282.559 0
4561.7 353.519 0
4557.82 424.616 0
4554.89 495.762 0
4552.93 566.953 0
4551.72 638.17 0
4551.11 709.397 0
4550.95 780.627 0
4551.11 851.859 0
4551.52 923.094 0
4552.13 994.338 0
4552.93 1065.6 0
4553.98 1136.89 0
4555.38 1208.21 0
4557.31 1279.58 0
4559.28 1350.99 0
4561.42 1422.46 0
4563.7 1493.99 0
4566.19 1565.55 0
4568.96 1637.15 0
4572.15 1708.76 0
4575.92 1780.35 0
4580.45 1851.89 0
4585.96 1923.34 0
4592.69 1994.65 0
4600.9 2065.77 -5.47325
4610.53 2136.63 -5.47325
p
19
30
4800 0 0
4797.59 77.8931 0
4795.19 155.786 0
4793.17 233.657 0
4791.24 311.516 0
4789.29 389.361 0
4787.14 467.192 0
4784.76 545.027 0
4782.03 622.851 0
4778.86 700.659 0
4775.18 778.446 0
4770.93 856.206 0
4766.07 933.936 0
4760.57 1011.63 0
4754.42 1089.28 0
4747.61 1166.89 0
4740.19 1244.46 0
4732.17 1321.97 0
4723.63 1399.45 0
4714.63 1476.88 0
4705.27 1554.28 0
4695.63 1631.65 0
4685.84 1709 0
4676.02 1786.35 0
4666.31 1863.7 0
4656.84 1941.08 0
4647.76 2018.5 0
4639.14 2095.95 5.47325
4630.69 2173.48 5.47325
4622.27 2251.01 0
4613.85 2328.54 0
p
20
30
5000 0 0
4996.32 73.6086 0
4992.63 147.217 0
4988.95 220.826 0
4985.27 294.435 0
4981.58 368.043 0
4977.9 441.652 0
4974.21 515.26 0
4970.53 588.869 0
4966.85 662.478 0
4963.16 736.086 0
4959.48 809.695 0
4955.8 883.304 0
4952.11 956.912 0
4948.43 1030.52 0
4944.74 1104.13 0
4941.06 1177.74 0
4937.38 1251.35 0
4933.69 1324.96 0
4930.01 1398.56 0
4926.33 1472.17 0
4922.64 1545.78 0
4918.96 1619.39 0
4915.27 1693 0
4911.59 1766.61 0
4907.91 1840.22 0
4904.22 1913.82 0
4900.54 1987.43 0
4896.86 2061.04 0
4893.17 2134.65 0
4889.49 2208.26 0
p
21
30
5200 0 0
5201.32 85.9715 0
5202.63 171.943 0
5203.46 257.917 0
5203.61 343.896 0
5202.71 429.871 0
5200.36 515.825 0
5196.02 601.713 0
5189.02 687.448 0
5178.39 772.852 0
5162.85 857.583 0
5141.36 941.143 0
5113.28 1022.92 0
5085.71 1104.96 0
5060.94 1187.9 0
5042.75 1272.43 0
5034.6 1358.37 0
5037.44 1444.54 0
5052.63 1529.41 0
5080.11 1611.28 0
5118.79 1688.79 0
5166.84 1761.31 0
5221.9 1829.17 0
5281.35 1893.65 0
5342.44 1956.84 0
5402.25 2021.24 0
5457.61 2089.33 0
5506.19 2162.07 13.2429
5551.12 2237.29 13.2429
5595.84 2312.64 0
5640.68 2387.93 0
p
22
30
5400 0 0
5390.32 72.7097 0
5380.63 145.419 0
5371.41 218.194 0
5362.74 291.039 0
5354.77 363.972 0
5347.65 436.999 0
5341.45 510.117 0
5336.17 583.316 0
5331.72 656.577 0
5328.05 729.89 0
5325.51 803.268 0
5325.37 876.755 0
5327.17 950.242 0
5331.11 1023.69 0
5337.26 1097.05 0
5345.74 1170.24 0
5355.11 1243.39 0
5365.41 1316.49 0
5376.36 1389.59 0
5387.78 1462.71 0
5399.59 1535.87 0
5411.82 1609.06 0
5424.56 1682.25 0
5437.97 1755.41 0
5452.29 1828.47 0
5467.79 1901.36 0
5484.84 1973.96 0
5503.85 2046.12 -13.2429
5525.83 2117.52 -13.2429
5552.32 2187.54 -13.2429
p
23
30
5600 0 0
5598.79 71.7668 0
5597.58 143.534 0
5596.31 215.31 0
5594.97 287.094 0
5593.53 358.885 0
5591.96 430.687 0
5590.21 502.504 0
5588.23 574.346 0
5585.93 646.229 0
5583.19 718.178 0
5580.48 790.224 0
5576.8 862.39 0
5573.35 934.457 0
5569.93 1006.53 0
5566.78 1078.61 0
5563.86 1150.71 0
5561.14 1222.8 0
5558.59 1294.91 0
5556.2 1367.02 0
5553.94 1439.14 0
5551.8 1511.26 0
5549.8 1583.41 0
5547.99 1655.56 0
5546.44 1727.72 0
5545.25 1799.9 0
5544.6 1872.08 0
5544.7 1944.26 0
5545.88 2016.43 0
5548.01 2088.55 13.2429
5549.45 2160.55 13.2429
p
24
30
5800 0 0
5789.15 74.5011 0
5778.3 149.002 0
5767.62 223.518 0
5757.3 298.079 0
5747.65 372.725 0
5739.11 447.5 0
5732.23 522.443 0
5727.66 597.561 0
5726.09 672.803 0
5728.07 748.031 0
5734.04 823.047 0
5744.06 897.595 0
5756.06 972.005 0
5769.16 1046.26 0
5781.66 1120.6 0
5791.96 1195.22 0
5798.55 1270.15 0
5800.17 1345.26 0
5795.94 1420.19 0
5785.48 1494.48 0
5768.97 1567.68 0
5747.12 1639.54 0
5721.14 1710.08 0
5692.65 1779.72 0
5663.55 1849.11 0
5635.94 1919.06 0
5612.03 1990.28 0
5594.01 2063.15 0
5582.8 2137.31 13.2429
5575 2212.13 13.2429
p
25
30
6000 0 0
6012.59 70.9893 0
6025.19 141.979 0
6037.16 213.079 0
6048.39 284.305 0
6058.6 355.691 0
6067.55 427.257 0
6074.99 499.01 0
6080.69 570.941 0
6084.42 643.024 0
6086.81 715.182 0
6087.9 787.388 0
6087.92 859.615 0
6087.11 931.841 0
6085.71 1004.06 0
6083.97 1076.25 0
6082.15 1148.44 0
6080.48 1220.62 0
6079.22 1292.8 0
6078.05 1365 0
6074.94 1437.15 0
6069.47 1509.2 0
6061.49 1581.05 0
6050.7 1652.59 0
6039.46 1724.08 0
6028.28 1795.58 0
6018.22 1867.24 0
6010.37 1939.14 0
6005.81 2011.25 0
6005.66 2083.43 0
6009.91 2155.46 0
p
26
30
6200 0 0
6192.8 72.2103 0
6185.61 144.421 0
6178.55 216.644 0
6171.68 288.886 0
6165.11 361.156 0
6158.95 433.462 0
6153.31 505.813 0
6148.33 578.214 0
6144.16 650.67 0
6140.37 723.149 0
6136.95 795.649 0
6133.75 868.16 0
6130.63 940.674 0
6127.42 1013.18 0
6124 1085.68 0
6120.19 1158.15 0
6115.86 1230.6 0
6110.83 1303 0
6105.26 1375.36 0
6100.23 1447.77 0
6095.9 1520.22 0
6092.18 1592.72 0
6088.95 1665.24 0
6085.34 1737.74 0
6080.98 1810.19 0
6075.36 1882.55 0
6067.96 1954.75 0
6058.26 2026.67 0
6045.79 2098.16 0
6030.68 2169.16 0
p
27
30
6400 0 0
6402.95 60.5866 0
6405.9 121.173 0
6408.76 181.764 0
6411.51 242.361 0
6414.09 302.965 0
6416.45 363.579 0
6418.53 424.203 0
6420.24 484.84 0
6421.5 545.489 0
6422.19 606.149 0
6422.19 666.814 0
6421.64 727.48 0
6420.48 788.143 0
6418.74 848.795 0
6416.4 909.433 0
6413.49 970.052 0
6410 1030.65 0
6405.95 1091.22 0
6401.35 1151.75 0
6396.19 1212.25 0
6390.49 1272.71 0
6384.26 1333.12 0
6377.5 1393.49 0
6370.22 1453.8 0
6362.42 1514.07 0
6354.12 1574.27 0
6345.31 1634.41 0
6336 1694.5 0
6326.21 1754.51 0
6316.01 1814.45 0
p
28
30
6600 0 0
6614.66 66.0001 0
6629.33 132 0
6643.56 198.098 0
6657.24 264.315 0
6670.13 330.695 0
6682.02 397.273 0
6692.65 464.074 0
6701.78 531.113 0
6709.15 598.391 0
6714.54 665.885 0
6717.63 733.56 0
6718.32 801.338 0
6716.43 869.137 0
6711.8 936.855 0
6704.32 1004.38 0
6693.87 1071.57 0
6680.37 1138.28 0
6663.69 1204.37 0
6643.65 1269.61 0
6620.02 1333.75 0
6594.09 1397.11 0
6565.81 1459.59 0
6535.43 1521.19 0
6503.09 1581.93 0
6468.88 1641.76 0
6432.83 1700.61 0
6394.9 1758.4 0
6355.02 1814.99 0
6312.97 1870.14 -3.57624
6268.75 1923.67 -3.57624
p
29
30
6800 0 0
6800.24 75.6757 0
6800.48 151.351 0
6801.03 227.023 0
6801.97 302.691 0
6803.41 378.35 0
6805.48 453.994 0
6808.26 529.616 0
6811.82 605.205 0
6816.19 680.752 0
6821.45 756.242 0
6827.51 831.67 0
6833.26 907.119 0
6838.02 982.628 0
6840.77 1058.23 0
6840.36 1133.86 0
6835.58 1209.36 0
6825.27 1284.32 0
6808.42 1358.16 0
6784.28 1430.07 0
6752.49 1499.13 0
6713.44 1564.63 0
6667.65 1625.94 0
6616.01 1682.81 0
6559.68 1735.44 0
6499.91 1784.52 0
6438.02 1831.21 0
6375.38 1877.07 0
6313.12 1923.44 3.57624
6250.97 1970.16 3.57624
6188.84 2016.9 0
p
30
30
7000 0 0
7004.12 65.9655 0
7008.23 131.931 0
7011.09 197.983 0
7012.58 264.097 0
7013.3 330.241 0
7013 396.417 0
7011.74 462.617 0
7009.58 528.834 0
7006.55 595.06 0
7002.7 661.291 0
6998.08 727.521 0
6992.72 793.745 0
6986.68 859.962 0
6979.97 926.167 0
6972.64 992.358 0
6964.72 1058.53 0
6956.25 1124.69 0
6947.25 1190.83 0
6937.76 1256.96 0
6927.8 1323.06 0
6917.4 1389.14 0
6906.58 1455.2 0
6895.38 1521.25 0
6883.81 1587.27 0
6871.89 1653.27 0
6859.65 1719.26 0
6847.11 1785.22 0
6834.29 1851.17 0
6821.21 1917.1 0
6807.93 1983.01 0
p
31
30
7200 0 0
7197.57 84.3329 0
7195.15 168.666 0
7191.53 252.952 0
7185.95 337.146 0
7179.34 421.295 0
7171.32 505.362 0
7161.91 589.336 0
7151.14 673.21 0
7139.04 756.974 0
7125.64 840.621 0
7111 924.147 0
7095.17 1007.55 0
7078.2 1090.82 0
7060.15 1173.97 0
7041.08 1256.98 0
7021.07 1339.88 0
7000.19 1422.66 0
6978.52 1505.32 0
6956.13 1587.88 0
6933.11 1670.35 0
6909.55 1752.73 0
6885.54 1835.04 0
6861.16 1917.3 0
6836.53 1999.51 0
6811.78 2081.71 0
6787.01 2163.92 0
6762.23 2246.12 0
6737.46 2328.32 0
6712.68 2410.53 0
6687.91 2492.73 0
p
32
30
7400 0 0
7400.12 75.231 0
7400.25 150.462 0
7400.71 225.648 0
7401.5 300.811 0
7402.46 375.959 0
7403.82 451.122 0
7405.58 526.281 0
7407.81 601.434 0
7410.56 676.578 0
7413.87 751.71 0
7417.77 826.824 0
7422.29 901.918 0
7427.44 976.985 0
7433.23 1052.02 0
7439.63 1127.03 0
7446.64 1201.99 0
7454.21 1276.92 0
7462.27 1351.81 0
7470.76 1426.66 0
7479.53 1501.5 0
7488.27 1576.38 0
7496.99 1651.27 0
7505.72 1726.17 0
7514.44 1801.06 0
7523.16 1875.95 0
7531.88 1950.85 0
7540.6 2025.74 0
7549.32 2100.63 0
7558.04 2175.53 0
7566.76 2250.42 0
p
33
30
7600 0 0
7606.79 64.714 0
7613.58 129.428 0
7617.26 194.63 0
7617.05 260.151 0
7612.54 325.746 0
7607.83 391.252 0
7602.65 456.748 0
7597.62 522.236 0
7592.88 587.738 0
7587.96 653.285 0
7584.51 719.006 0
7581.88 784.935 0
7579.89 851.082 0
7578.15 917.419 0
7576.09 983.879 0
7572.89 1050.34 0
7567.41 1116.61 0
7558.08 1182.32 0
7544.8 1247.31 -12.2669
7533.77 1312.58 -12.2669
7527.75 1378.07 -12.2669
7526.74 1443.52 -12.2669
7529.22 1508.8 -12.2669
7533.98 1573.86 -12.2669
7540.32 1638.72 -12.2669
7547.69 1703.45 -12.2669
7555.29 1768.14 0
7562.91 1832.82 0
7570.52 1897.5 0
7578.14 1962.19 0
p
34
30
7800 0 0
7803.42 80.2939 0
7806.84 160.588 0
7814.47 240.672 0
7826.4 320.33 0
7842.26 399.408 0
7859.41 478.276 0
7876.24 557.191 0
7889.83 636.614 -8.16321
7896.69 716.771 -8.16321
7893.06 797.108 -8.16321
7875.34 875.784 -8.16321
7841.9 949.74 0
7793.92 1016.12 0
7735.86 1074.85 0
7673.73 1129.74 0
7616.45 1189.44 0
7570.18 1257.43 12.2669
7535.13 1331.41 12.2669
7516.4 1410.77 12.2669
7515.5 1492.08 12.2669
7529.67 1571.9 12.2669
7556.76 1648.24 12.2669
7594.4 1720.19 12.2669
7639.43 1788.12 0
7687.5 1854.29 0
7733.63 1922.03 0
7772.19 1994.45 0
7800.2 2071.7 13.5303
7826.31 2149.85 13.5303
7852.52 2228.02 13.5303
p
35
30
8000 0 0
7988.35 67.0765 0
7976.7 134.153 0
7966.27 201.461 0
7957.13 269.002 0
7949.97 336.852 0
7943.36 404.759 0
7937.34 472.76 0
7931.51 540.819 0
7925.67 608.924 0
7919.99 677.099 8.16321
7914.78 745.391 8.16321
7910.33 813.857 8.16321
7907.29 882.612 8.16321
7905.8 951.676 0
7905.87 1021.04 0
7904.34 1090.4 0
7901.83 1159.82 0
7898.22 1229.21 0
7893.73 1298.56 0
7889.06 1367.97 0
7882.79 1437.35 0
7875.51 1506.82 0
7867.18 1576.39 0
7857.86 1646.04 0
7847.71 1715.77 0
7837.21 1785.55 0
7827.35 1855.43 0
7820.02 1925.54 0
7818.6 1995.83 13.5303
7825.36 2065.49 13.5303
p
36
30
8200 0 0
8196.97 75.7364 0
8193.94 151.473 0
8193.52 227.298 0
8196.46 303.126 0
8203.68 378.763 0
8211.87 454.413 0
8220.69 530.099 0
8228.87 605.93 0
8235.28 681.963 0
8238.92 758.169 0
8238.94 834.422 0
8234.5 910.496 0
8225.25 986.09 0
8211.44 1060.96 0
8193.59 1134.95 0
8171.93 1207.96 0
8147.06 1279.96 0
8119.63 1351.05 0
8090.29 1421.4 0
8059.75 1491.25 0
8028.72 1560.89 0
7997.87 1630.57 0
7967.87 1700.58 0
7939.3 1771.12 0
7912.69 1842.35 0
7888.46 1914.36 0
7866.93 1987.14 -13.5303
7847.91 2060.56 -13.5303
7829.88 2134.31 -13.5303
7812.07 2208.15 -13.5303
p
37
30
8400 0 0
8404.95 89.6602 0
8409.9 179.32 0
8414.3 269.007 0
8417.97 358.727 0
8420.6 448.487 0
8421.88 538.282 0
8421.48 628.095 0
8419.09 717.892 0
8414.41 807.618 0
8407.19 897.2 0
8397.25 986.548 0
8384.52 1075.57 0
8369.15 1164.21 0
8351.63 1252.47 0
8332.98 1340.51 0
8317.94 1429.18 0
8309.71 1518.66 0
8312.44 1608.42 0
8330.04 1696.54 0
8365.16 1779.5 0
8418.27 1852.88 0
8485.39 1914.79 0
8563.24 1964.16 0
8647.91 2002.78 0
8736.06 2034.78 0
8824.97 2065.95 0
8911.74 2103.01 0
8994.32 2148.63 6.58539
9077.52 2193.55 6.58539
9161.23 2237.83 0
p
38
30
8600 0 0
8588.92 72.0081 0
8577.85 144.016 0
8567.49 216.14 0
8558 288.391 0
8549.67 360.796 0
8542.76 433.366 0
8537.49 506.096 0
8534.06 578.96 0
8532.63 651.921 0
8533.34 724.928 0
8536.31 797.919 0
8541.67 870.823 0
8549.55 943.561 0
8560.15 1016.04 0
8573.75 1088.13 0
8589.05 1159.94 0
8606.07 1231.45 0
8624.56 1302.67 0
8644.46 1373.64 0
8665.94 1444.31 0
8689.65 1514.51 0
8713.38 1584.94 0
8737.92 1655.42 0
8763.56 1725.84 0
8790.97 1795.93 0
8821.12 1865.2 0
8855.32 1932.86 0
8895.08 1997.69 0
8942.09 2057.82 6.58539
8995.97 2111.99 6.58539
p
39
30
8800 0 0
8807.86 71.3693 0
8815.72 142.739 0
8823.39 214.126 0
8830.85 285.536 0
8838 356.976 0
8844.77 428.453 0
8851.07 499.972 0
8856.85 571.535 0
8862.04 643.142 0
8866.62 714.791 0
8870.56 786.477 0
8873.92 858.191 0
8876.77 929.923 0
8879.3 1001.66 0
8881.78 1073.4 0
8884.37 1145.14 0
8887.27 1216.86 0
8890.69 1288.56 0
8894.83 1360.21 0
8899.87 1431.81 0
8905.98 1503.32 0
8913.34 1574.71 0
8922.08 1645.95 0
8932.34 1716.98 0
8944.22 1787.77 0
8957.82 1858.25 0
8973.19 1928.39 0
8990.37 1998.12 0
9009.38 2067.4 -6.58539
9029.93 2136.33 -6.58539
p
40
30
9000 0 0
9006.16 77.6964 0
9012.33 155.393 0
9017.94 233.129 0
9022.78 310.917 0
9026.4 388.776 0
9028.12 466.712 0
9026.54 544.687 0
9020.04 622.496 0
9011.99 700.233 0
9002.6 777.897 0
8993.14 855.597 0
8984.99 933.445 0
8979.51 1011.49 0
8978.01 1089.65 0
8981.65 1167.67 0
8991.38 1245.11 0
9007.23 1321.53 0
9029.46 1396.39 0
9057.88 1469.21 0
9092.01 1539.69 0
9131.14 1607.69 0
9174.36 1673.36 0
9220.63 1737.1 0
9268.78 1799.56 0
9317.55 1861.61 0
9365.59 1924.26 0
9411.42 1988.55 14.4454
9454.31 2054.87 14.4454
9496.41 2121.82 14.4454
9538.46 2188.83 14.4454
p
41
30
9200 0 0
9194.3 70.3086 0
9188.6 140.617 0
9183.4 210.971 0
9178.8 281.37 0
9174.93 351.819 0
9171.76 422.309 0
9168.89 492.813 0
9166.21 563.329 0
9164.71 633.895 0
9164.44 704.491 0
9165.68 775.099 0
9168.66 845.685 0
9173.58 916.2 0
9180.59 986.586 0
9189.82 1056.77 0
9201.44 1126.66 0
9215.37 1196.19 0
9230.88 1265.45 0
9247.92 1334.42 0
9266.29 1403.12 0
9285.8 1471.57 0
9306.36 1539.78 0
9327.85 1607.76 0
9350.25 1675.5 0
9373.51 1743 0
9397.62 1810.24 0
9422.6 1877.21 14.4454
9448.37 1943.92 14.4454
9474.55 2010.52 14.4454
9500.79 2077.15 14.4454
p
42
30
9400 0 0
9405.86 70.8662 0
9411.72 141.732 0
9417.49 212.61 0
9423.11 283.501 0
9428.53 354.415 0
9433.57 425.371 0
9437.89 496.414 0
9441.16 567.574 0
9443.67 638.733 0
9445.71 709.912 0
9447.3 781.108 0
9448.57 852.316 0
9449.61 923.532 0
9450.51 994.754 0
9451.32 1065.98 0
9452.09 1137.21 0
9452.86 1208.44 0
9453.64 1279.67 0
9454.47 1350.9 0
9455.35 1422.13 0
9456.29 1493.37 0
9457.28 1564.6 0
9458.33 1635.84 0
9459.42 1707.08 0
9460.54 1778.32 0
9461.68 1849.57 -14.4454
9462.81 1920.81 -14.4454
9463.97 1992.04 -14.4454
9465.34 2063.26 -14.4454
9466.4 2134.45 -14.4454
p
43
30
9600 0 0
9598.39 76.8702 0
9596.79 153.74 0
9595.99 230.617 0
9596.45 307.497 0
9599.02 384.343 0
9604.83 461.029 0
9614.76 537.281 0
9628.06 612.95 0
9642.58 688.558 0
9657.67 764.085 0
9671.98 839.743 0
9684.29 915.686 0
9693.53 991.976 0
9698.82 1068.55 0
9699.54 1145.25 0
9695.38 1221.83 0
9686.33 1298.02 0
9672.69 1373.61 0
9655.08 1448.5 0
9634.38 1522.71 0
9611.66 1596.42 0
9588.17 1669.92 0
9565.27 1743.59 0
9544.35 1817.75 0
9526.8 1892.66 0
9513.88 1968.39 -14.4454
9505.7 2044.66 -14.4454
9498.82 2121.21 -14.4454
9491.66 2197.83 -14.4454
9484.4 2274.46 0
p
44
30
9800 0 0
9801.71 79.9887 0
9803.43 159.977 0
9805.14 239.966 0
9806.85 319.955 0
9808.57 399.944 0
9810.28 479.932 0
9811.99 559.921 0
9813.71 639.91 0
9815.42 719.899 0
9817.14 799.887 0
9818.85 879.876 0
9820.56 959.865 0
9822.28 1039.85 0
9823.99 1119.84 0
9825.7 1199.83 0
9827.42 1279.82 0
9829.13 1359.81 0
9830.84 1439.8 0
9832.56 1519.79 0
9834.27 1599.77 0
9835.98 1679.76 0
9837.7 1759.75 0
9839.41 1839.74 0
9841.12 1919.73 0
9842.84 1999.72 0
9844.55 2079.71 0
9846.26 2159.7 0
9847.98 2239.68 0
9849.69 2319.67 0
9851.41 2399.66 0
p
45
30
10000 0 0
9999.67 79.6393 0
9999.34 159.279 0
9999.01 238.918 0
9998.68 318.557 0
9998.35 398.196 0
9998.01 477.836 0
9997.68 557.475 0
9997.35 637.114 0
9997.02 716.753 0
9996.69 796.393 0
9996.36 876.032 0
9996.03 955.671 0
9995.7 1035.31 0
9995.37 1114.95 0
9995.04 1194.59 0
9994.7 1274.23 0
9994.37 1353.87 0
9994.04 1433.51 0
9993.71 1513.15 0
9993.38 1592.79 0
9993.05 1672.42 0
9992.72 1752.06 0
9992.39 1831.7 0
9992.06 1911.34 0
9991.73 1990.98 0
9991.4 2070.62 0
9991.06 2150.26 0
9990.73 2229.9 0
9990.4 2309.54 0
9990.07 2389.18 0
p
46
30
10200 0 0
10200.5 90.6436 0
10200.9 181.287 0
10201.4 271.931 0
10201.9 362.574 0
10202.3 453.218 0
10202.8 543.862 0
10203.3 634.505 0
10203.8 725.149 0
10204.2 815.793 0
10204.7 906.436 0
10205.2 997.08 0
10205.6 1087.72 0
10206.1 1178.37 0
10206.6 1269.01 0
10207 1359.65 0
10207.5 1450.3 0
10208 1540.94 0
10208.4 1631.59 0
10208.9 1722.23 0
10209.4 1812.87 0
10209.8 1903.52 0
10210.3 1994.16 0
10210.8 2084.8 0
10211.3 2175.45 0
10211.7 2266.09 0
10212.2 2356.73 0
10212.7 2447.38 0
10213.1 2538.02 0
10213.6 2628.67 0
10214.1 2719.31 0
p
47
30
10400 0 0
10398.2 66.3192 0
10396.5 132.638 0
10394.7 198.958 0
10393 265.277 0
10391.2 331.596 0
10389.5 397.915 0
10387.7 464.234 0
10386 530.554 0
10384.2 596.873 0
10382.5 663.192 0
10380.7 729.511 0
10379 795.83 0
10377.2 862.15 0
10375.5 928.469 0
10373.7 994.788 0
10372 1061.11 0
10370.2 1127.43 0
10368.5 1193.75 0
10366.7 1260.06 0
10365 1326.38 0
10363.2 1392.7 0
10361.5 1459.02 0
10359.7 1525.34 0
10358 1591.66 0
10356.2 1657.98 0
10354.5 1724.3 0
10352.7 1790.62 0
10351 1856.94 0
10349.2 1923.26 0
10347.5 1989.58 0
p
48
30
10600 0 0
10594 81.0296 0
10588 162.059 0
10582 243.089 0
10575.9 324.118 0
10569.9 405.148 0
10563.9 486.178 0
10557.9 567.207 0
10551.9 648.237 0
10545.9 729.266 0
10539.9 810.296 0
10533.8 891.325 0
10527.8 972.355 0
10521.8 1053.38 0
10515.8 1134.41 0
10509.8 1215.44 0
10503.8 1296.47 0
10497.8 1377.5 0
10491.7 1458.53 0
10485.7 1539.56 0
10479.7 1620.59 0
10473.7 1701.62 0
10467.7 1782.65 0
10461.7 1863.68 0
10455.7 1944.71 0
10449.6 2025.74 0
10443.6 2106.77 0
10437.6 2187.8 0
10431.6 2268.83 0
10425.6 2349.86 0
10419.6 2430.89 0
p
49
30
10800 0 0
10798 75.6531 0
10796.1 151.306 0
10794.1 226.959 0
10792.1 302.612 0
10790.1 378.266 0
10788.2 453.919 0
10786.2 529.572 0
10784.2 605.225 0
10782.2 680.878 0
10780.3 756.531 0
10778.3 832.184 0
10776.3 907.837 0
10774.4 983.49 0
10772.4 1059.14 0
10770.4 1134.8 0
10768.4 1210.45 0
10766.5 1286.1 0
10764.5 1361.76 0
10762.5 1437.41 0
10760.5 1513.06 0
10758.6 1588.72 0
10756.6 1664.37 0
10754.6 1740.02 0
10752.7 1815.67 0
10750.7 1891.33 0
10748.7 1966.98 0
10746.7 2042.63 0
10744.8 2118.29 0
10742.8 2193.94 0
10740.8 2269.59 0
p
50
30
11000 0 0
11004.7 79.3131 0
11009.5 158.626 0
11013.6 237.969 0
11016.6 317.366 0
11017.5 396.828 0
11015.2 476.298 0
11007.8 555.539 0
10992.7 633.886 0
10971 710.847 0
10946.2 787.124 0
10919.4 862.935 0
10892.9 938.894 0
10868.2 1015.39 0
10847.1 1092.77 0
10830.9 1171.12 0
10820.9 1250.24 0
10817.6 1329.75 0
10821.4 1409.12 0
10832.1 1487.83 0
10849 1565.48 0
10871.3 1641.87 0
10897.7 1717.09 0
10926.5 1791.48 0
10956.2 1865.58 0
10984.9 1940.04 0
11010.7 2015.47 0
11031.8 2092.27 0
11047.6 2170.28 0
11061.5 2248.82 23.9884
11075.8 2327.3 23.9884
p
51
30
11200 0 0
11195.9 72.6062 0
11191.7 145.212 0
11187.5 217.843 0
11183.1 290.492 0
11178.5 363.162 0
11173.7 435.855 0
11168.6 508.55 0
11163.5 581.362 0
11160.5 654.454 0
11157 727.473 0
11153.4 800.545 0
11149.8 873.653 0
11145.8 946.75 0
11141.4 1019.83 0
11136.8 1092.89 0
11131.9 1165.92 0
11126.9 1238.95 0
11121.7 1311.96 0
11116.5 1384.99 0
11111.2 1458.04 0
11105.9 1531.13 0
11100.6 1604.25 0
11095.3 1677.41 0
11090.2 1750.61 0
11085.4 1823.84 0
11081.1 1897.1 0
11078 1970.39 0
11076.6 2043.7 0
11077.8 2116.98 0
11081.8 2190.09 0
p
52
30
11400 0 0
11394.7 77.4787 0
11389.4 154.957 0
11385.6 232.495 0
11383.1 310.063 0
11381.5 387.635 0
11380.4 465.192 0
11378.8 542.745 0
11376.1 620.221 0
11372.5 697.629 0
11367.5 774.974 0
11360.8 852.191 0
11352.3 929.237 0
11342 1006.08 0
11330 1082.68 0
11316.3 1159.03 0
11301.2 1235.13 0
11284.8 1311 0
11267.4 1386.69 0
11249.3 1462.24 0
11231 1537.72 0
11212.7 1613.21 0
11194.7 1688.78 0
11177.5 1764.49 0
11161.3 1840.39 0
11146.3 1916.52 0
11132.9 1992.89 0
11121 2069.5 0
11110.9 2146.33 -26.5989
11102.5 2223.43 -26.5989
11095.1 2300.71 -26.5989
p
53
30
11600 0 0
11608.1 73.2636 0
11616.1 146.527 0
11621.8 220.066 0
11624.5 293.854 0
11623.5 367.783 0
11618.3 441.659 0
11610.5 515.386 0
11600.1 588.871 0
11587.3 662.052 0
11572.6 734.888 0
11556.1 807.36 0
11538 879.454 0
11518.7 951.219 0
11499 1022.86 0
11479 1094.43 0
11459 1166 0
11439.1 1237.64 0
11419.4 1309.39 0
11399.9 1381.25 0
11380.6 1453.25 0
11361.5 1525.36 0
11342.4 1597.55 0
11323.1 1669.78 0
11303.4 1742 0
11283.2 1814.12 0
11261.9 1886.04 0
11239.4 1957.63 0
11215.2 2028.72 0
11188.8 2099.09 -26.5989
11160.3 2168.66 -26.5989
p
54
30
11800 0 0
11799.1 85.1499 0
11798.2 170.3 0
11798.1 255.452 0
11798.4 340.603 0
11798.9 425.752 0
11799.3 510.901 0
11799.5 596.047 0
11799 681.187 0
11797.2 766.305 0
11793.2 851.349 0
11786.1 936.198 0
11774.8 1020.63 0
11759.5 1104.48 0
11739.8 1187.51 0
11715.6 1269.46 0
11687 1350.1 0
11654 1429.26 0
11617 1506.81 0
11576.4 1582.72 0
11532.6 1657.08 0
11486.3 1730.07 0
11438 1801.98 0
11388.5 1873.22 0
11338.6 1944.27 0
11289.1 2015.66 0
11240.8 2087.98 0
11194.2 2161.36 0
11147.4 2234.78 0
11099.8 2307.79 0
11052.3 2380.76 0
p
55
30
12000 0 0
12004.1 81.8757 0
12008.1 163.751 0
12012.2 245.627 0
12016.2 327.503 0
12020.3 409.378 0
12024.3 491.254 0
12028.4 573.13 0
12032.4 655.005 0
12036.5 736.881 0
12040.5 818.757 0
12044.6 900.632 0
12048.6 982.508 0
12052.7 1064.38 0
12056.7 1146.26 0
12060.8 1228.13 0
12064.8 1310.01 0
12068.9 1391.89 0
12073 1473.76 0
12077 1555.64 0
12081.1 1637.51 0
12085.1 1719.39 0
12089.2 1801.26 0
12093.2 1883.14 0
12097.3 1965.02 0
12101.3 2046.89 0
12105.4 2128.77 0
12109.4 2210.64 0
12113.5 2292.52 0
12117.5 2374.39 0
12121.6 2456.27 0
p
56
30
12200 0 0
12202.5 80.1204 0
12205.1 160.241 0
12207.6 240.361 0
12210.1 320.482 0
12212.6 400.602 0
12215.2 480.722 0
12217.7 560.843 0
12220.2 640.963 0
12222.7 721.084 0
12225.3 801.204 0
12227.8 881.324 0
12230.3 961.445 0
12232.8 1041.57 0
12235.4 1121.69 0
12237.9 1201.81 0
12240.4 1281.93 0
12242.9 1362.05 0
12245.5 1442.17 0
12248 1522.29 0
12250.5 1602.41 0
12253 1682.53 0
12255.6 1762.65 0
12258.1 1842.77 0
12260.6 1922.89 0
12263.1 2003.01 0
12265.7 2083.13 0
12268.2 2163.25 0
12270.7 2243.37 0
12273.2 2323.49 0
12275.8 2403.61 0
p
57
30
12400 0 0
12397 65.2099 0
12394 130.42 0
12391.1 195.63 0
12388.1 260.839 0
12385.1 326.049 0
12382.1 391.259 0
12379.2 456.469 0
12376.2 521.679 0
12373.2 586.889 0
12370.2 652.099 0
12367.3 717.308 0
12364.3 782.518 0
12361.3 847.728 0
12358.3 912.938 0
12355.4 978.148 0
12352.4 1043.36 0
12349.4 1108.57 0
12346.4 1173.78 0
12343.4 1238.99 0
12340.5 1304.2 0
12337.5 1369.41 0
12334.5 1434.62 0
12331.5 1499.83 0
12328.6 1565.04 0
12325.6 1630.25 0
12322.6 1695.46 0
12319.6 1760.67 0
12316.7 1825.88 0
12313.7 1891.09 0
12310.7 1956.3 0
p
58
30
12600 0 0
12591.5 81.9202 0
12582.9 163.84 0
12574.4 245.761 0
12565.9 327.681 0
12557.3 409.601 0
12548.8 491.521 0
12540.3 573.442 0
12531.7 655.362 0
12523.2 737.282 0
12514.7 819.202 0
12506.1 901.123 0
12497.6 983.043 0
12489.1 1064.96 0
12480.5 1146.88 0
12472 1228.8 0
12463.5 1310.72 0
12454.9 1392.64 0
12446.4 1474.56 0
12437.8 1556.48 0
12429.3 1638.4 0
12420.8 1720.32 0
12412.2 1802.25 0
12403.7 1884.17 0
12395.2 1966.09 0
12386.6 2048.01 0
12378.1 2129.93 0
12369.6 2211.85 0
12361 2293.77 0
12352.5 2375.69 0
12344 2457.61 0
p
59
30
12800 0 0
12790.8 81.3035 0
12781.7 162.607 0
12772.5 243.911 0
12763.4 325.214 0
12754.2 406.518 0
12745.1 487.821 0
12735.9 569.125 0
12726.8 650.428 0
12717.6 731.732 0
12708.5 813.035 0
12699.3 894.339 0
12690.2 975.642 0
12681 1056.95 0
12671.9 1138.25 0
12662.7 1219.55 0
12653.6 1300.86 0
12644.4 1382.16 0
12635.3 1463.46 0
12626.1 1544.77 0
12617 1626.07 0
12607.8 1707.37 0
12598.7 1788.68 0
12589.5 1869.98 0
12580.4 1951.28 0
12571.2 2032.59 0
12562.1 2113.89 0
12552.9 2195.19 0
12543.8 2276.5 0
12534.6 2357.8 0
12525.5 2439.11 0
p
60
30
13000 0 0
13000.3 71.3925 0
13000.5 142.785 0
13000.8 214.177 0
13001.1 285.57 0
13001.4 356.962 0
13001.6 428.355 0
13001.9 499.747 0
13002.2 571.14 0
13002.4 642.532 0
13002.7 713.925 0
13003 785.317 0
13003.2 856.71 0
13003.5 928.102 0
13003.8 999.495 0
13004.1 1070.89 0
13004.3 1142.28 0
13004.6 1213.67 0
13004.9 1285.06 0
13005.1 1356.46 0
13005.4 1427.85 0
13005.7 1499.24 0
13006 1570.63 0
13006.2 1642.03 0
13006.5 1713.42 0
13006.8 1784.81 0
13007 1856.2 0
13007.3 1927.6 0
13007.6 1998.99 0
13007.8 2070.38 0
13008.1 2141.77 0
p
61
30
13200 0 0
13199.5 78.0645 0
13199 156.129 0
13198.5 234.194 0
13198 312.258 0
13197.5 390.323 0
13197 468.387 0
13196.5 546.452 0
13196 624.516 0
13195.5 702.581 0
13195 780.645 0
13194.5 858.71 0
13194 936.775 0
13193.5 1014.84 0
13193 1092.9 0
13192.5 1170.97 0
13192 1249.03 0
13191.5 1327.1 0
13191.1 1405.16 0
13190.6 1483.23 0
13190.1 1561.29 0
13189.6 1639.36 0
13189.1 1717.42 0
13188.6 1795.48 0
13188.1 1873.55 0
13187.6 1951.61 0
13187.1 2029.68 0
13186.6 2107.74 0
13186.1 2185.81 0
13185.6 2263.87 0
13185.1 2341.94 0
p
62
30
13400 0 0
13406.9 80.3072 0
13413.9 160.614 0
13420.8 240.922 0
13427.8 321.229 0
13434.7 401.536 0
13441.6 481.843 0
13448.6 562.151 0
13455.5 642.458 0
13462.4 722.765 0
13469.4 803.072 0
13476.3 883.379 0
13483.3 963.687 0
13490.2 1043.99 0
13497.1 1124.3 0
13504.1 1204.61 0
13511 1284.92 0
13517.9 1365.22 0
13524.9 1445.53 0
13531.8 1525.84 0
13538.8 1606.14 0
13545.7 1686.45 0
13552.6 1766.76 0
13559.6 1847.07 0
13566.5 1927.37 0
13573.5 2007.68 0
13580.4 2087.99 0
13587.3 2168.29 0
13594.3 2248.6 0
13601.2 2328.91 0
13608.1 2409.22 0
p
63
30
13600 0 0
13611.9 68.6296 0
13623.7 137.259 0
13635.5 205.901 0
13647.2 274.562 0
13658.5 343.289 0
13669.3 412.1 0
13679.4 481.019 0
13688.6 550.061 0
13696.8 619.237 0
13703.9 688.549 0
13709.6 757.99 0
13714.4 827.52 0
13718.1 897.127 0
13720.8 966.792 0
13722.6 1036.5 0
13723.7 1106.24 0
13723.9 1176 0
13723.6 1245.77 0
13722.7 1315.55 0
13721.3 1385.33 0
13719.5 1455.11 0
13717.4 1524.9 0
13715.1 1594.68 0
13712.7 1664.46 0
13710.3 1734.24 0
13707.9 1804.03 0
13705.7 1873.82 0
13703.8 1943.61 0
13702.1 2013.41 8.98504
13700.7 2083.2 8.98504
p
64
30
13800 0 0
13815.3 67.743 0
13830.6 135.486 0
13845.1 203.415 0
13858.6 271.552 0
13871.1 339.908 0
13882.2 408.505 0
13891.9 477.341 0
13900 546.398 0
13906.5 615.649 0
13911.4 685.058 0
13914.5 754.588 0
13916.1 824.19 0
13916.1 893.832 0
13914.7 963.477 0
13911.8 1033.1 0
13907.5 1102.66 0
13901.8 1172.15 0
13894.6 1241.52 0
13886 1310.73 0
13875.6 1379.75 0
13863.4 1448.49 0
13849 1516.84 0
13833.7 1585.02 0
13817.6 1653.05 0
13801.1 1720.98 0
13784.5 1788.9 0
13768.4 1856.89 0
13753 1925.04 0
13738.9 1993.43 -8.98504
13726.3 2062.03 -8.98504
p
65
30
14000 0 0
13997 70.9773 0
13994 141.955 0
13991.2 212.937 0
13988.7 283.926 0
13986.3 354.922 0
13984.2 425.922 0
13982.2 496.924 0
13980.2 567.926 0
13978.2 638.925 0
13976.1 709.917 0
13973.7 780.897 0
13970.8 851.86 0
13967.5 922.799 0
13963.4 993.704 0
13958.7 1064.57 0
13953.2 1135.37 0
13946.9 1206.12 0
13939.8 1276.79 0
13931.8 1347.38 0
13923 1417.88 0
13913.5 1488.3 0
13903.1 1558.63 0
13890.9 1628.68 0
13876.6 1698.36 0
13859.6 1767.48 0
13839.7 1835.83 0
13816.6 1903.19 0
13790 1969.32 0
13760.4 2034.25 8.98504
13729.9 2098.73 8.98504
p
66
30
14200 0 0
14208.9 73.8832 0
14217.9 147.766 0
14226.5 221.687 0
14234.7 295.651 0
14242.5 369.671 0
14249.6 443.756 0
14256.1 517.912 0
14261.7 592.14 0
14266.3 666.438 0
14270 740.801 0
14272.5 815.219 0
14274.2 889.669 0
14275 964.143 0
14274.9 1038.63 0
14274.2 1113.13 0
14272.7 1187.62 0
14270.6 1262.11 0
14267.8 1336.59 0
14264.6 1411.05 0
14260.9 1485.51 0
14256.8 1559.95 0
14252.2 1634.37 0
14247.4 1708.78 0
14242.2 1783.18 0
14236.8 1857.56 0
14231.2 1931.94 0
14225.4 2006.3 0
14219.5 2080.66 0
14213.5 2155.01 0
14207.4 2229.35 0
p
67
30
14400 0 0
14400.8 77.0498 0
14401.5 154.1 0
14402.2 231.148 0
14402.9 308.197 0
14403.4 385.246 0
14403.6 462.295 0
14403.6 539.344 0
14403.2 616.392 0
14402.4 693.437 0
14400.9 770.474 0
14398.9 847.498 0
14396.1 924.506 0
14392.7 1001.49 0
14388.6 1078.44 0
14383.7 1155.36 0
14378.1 1232.23 0
14371.6 1309.05 0
14364.4 1385.8 0
14356.4 1462.49 0
14347.6 1539.1 0
14338.1 1615.64 0
14327.8 1692.08 0
14316.7 1768.44 0
14305 1844.69 0
14292.5 1920.86 0
14279.4 1996.93 0
14265.7 2072.9 0
14251.5 2148.78 0
14236.8 2224.59 0
14221.9 2300.39 0
p
68
30
14600 0 0
14599 64.9518 0
14598 129.904 0
14597 194.855 0
14596.1 259.807 0
14595.1 324.759 0
14594.1 389.711 0
14593.1 454.663 0
14592.1 519.614 0
14591.1 584.566 0
14590.2 649.518 0
14589.2 714.47 0
14588.2 779.422 0
14587.2 844.373 0
14586.2 909.325 0
14585.2 974.277 0
14584.3 1039.23 0
14583.3 1104.18 0
14582.3 1169.13 0
14581.3 1234.08 0
14580.3 1299.04 0
14579.3 1363.99 0
14578.4 1428.94 0
14577.4 1493.89 0
14576.4 1558.84 0
14575.4 1623.79 0
14574.4 1688.75 0
14573.4 1753.7 0
14572.4 1818.65 0
14571.5 1883.6 0
14570.5 1948.55 0
p
69
30
14800 0 0
14815.1 78.184 0
14830.2 156.368 0
14844.7 234.664 0
14858.5 313.093 0
14871.4 391.698 0
14882.9 470.509 0
14893 549.541 0
14901.3 628.795 0
14907.6 708.255 0
14911.8 787.886 0
14913.6 867.637 0
14913 947.442 0
14909.8 1027.23 0
14903.9 1106.9 0
14895.4 1186.38 0
14884.1 1265.57 0
14870 1344.35 0
14853 1422.61 0
14832.9 1500.2 0
14810.7 1577.28 0
14786.4 1653.78 0
14760.3 1729.74 0
14732.5 1805.17 0
14703.1 1880.07 0
14672.3 1954.44 0
14640.1 2028.28 0
14606.6 2101.55 0
14571.6 2174.24 0
14535.3 2246.31 0
14497.8 2317.81 0
p
70
30
15000 0 0
15002.5 84.642 0
15005 169.284 0
15007.7 253.919 0
15010.5 338.548 0
15013.4 423.171 0
15016.5 507.787 0
15019.6 592.401 0
15022.6 677.017 0
15025.2 761.643 0
15027.1 846.284 0
15028.1 930.94 0
15027.6 1015.6 0
15025.3 1100.24 0
15020.6 1184.78 0
15013 1269.14 0
15002.2 1353.17 0
14987.6 1436.67 0
14968.9 1519.41 0
14945.9 1601.14 0
14918.7 1681.66 0
14887.3 1760.75 0
14851.9 1838.25 0
14812.8 1914.06 0
14770.3 1988.17 0
14724.9 2060.65 0
14677 2131.66 0
14627.3 2201.45 0
14576.2 2270.39 0
14524.5 2338.84 0
14472.4 2407.06 0
p
71
30
15200 0 0
15193 75.455 0
15185.9 150.91 0
15178.9 226.365 0
15171.8 301.82 0
15164.8 377.275 0
15157.7 452.73 0
15150.7 528.185 0
15143.6 603.64 0
15136.6 679.095 0
15129.5 754.55 0
15122.5 830.005 0
15115.4 905.46 0
15108.4 980.915 0
15101.3 1056.37 0
15094.3 1131.82 0
15087.3 1207.28 0
15080.2 1282.73 0
15073.2 1358.19 0
15066.1 1433.64 0
15059.1 1509.1 0
15052 1584.55 0
15045 1660.01 0
15037.9 1735.46 0
15030.9 1810.92 0
15023.8 1886.37 0
15016.8 1961.83 0
15009.7 2037.28 0
15002.7 2112.74 0
14995.6 2188.19 0
14988.6 2263.65 0
p
72
30
15400 0 0
15391.7 77.1215 0
15383.4 154.243 0
15375 231.365 0
15366.7 308.486 0
15358.4 385.608 0
15350.1 462.729 0
15341.7 539.851 0
15333.4 616.972 0
15325.1 694.094 0
15316.8 771.215 0
15308.4 848.337 0
15300.1 925.458 0
15291.8 1002.58 0
15283.5 1079.7 0
15275.2 1156.82 0
15266.8 1233.94 0
15258.5 1311.07 0
15250.2 1388.19 0
15241.9 1465.31 0
15233.5 1542.43 0
15225.2 1619.55 0
15216.9 1696.67 0
15208.6 1773.79 0
15200.2 1850.92 0
15191.9 1928.04 0
15183.6 2005.16 0
15175.3 2082.28 0
15166.9 2159.4 0
15158.6 2236.52 0
15150.3 2313.65 0
p
73
30
15600 0 0
15598.9 69.1332 0
15597.8 138.266 0
15596.7 207.4 0
15595.6 276.533 0
15594.5 345.666 0
15593.4 414.799 0
15592.2 483.933 0
15591.1 553.066 0
15590 622.199 0
15588.9 691.332 0
15587.8 760.465 0
15586.7 829.599 0
15585.6 898.732 0
15584.5 967.865 0
15583.4 1037 0
15582.3 1106.13 0
15581.2 1175.26 0
15580.1 1244.4 0
15579 1313.53 0
15577.9 1382.66 0
15576.7 1451.8 0
15575.6 1520.93 0
15574.5 1590.06 0
15573.4 1659.2 0
15572.3 1728.33 0
15571.2 1797.46 0
15570.1 1866.6 0
15569 1935.73 0
15567.9 2004.86 0
15566.8 2074 0
p
74
30
15800 0 0
15802.8 77.7959 0
15805.7 155.592 0
15808.5 233.388 0
15811.4 311.184 0
15814.2 388.98 0
15817.1 466.776 0
15819.9 544.572 0
15822.8 622.368 0
15825.6 700.163 0
15828.5 777.959 0
15831.3 855.755 0
15834.2 933.551 0
15837 1011.35 0
15839.9 1089.14 0
15842.7 1166.94 0
15845.6 1244.74 0
15848.4 1322.53 0
15851.3 1400.33 0
15854.1 1478.12 0
15857 1555.92 0
15859.8 1633.71 0
15862.6 1711.51 0
15865.5 1789.31 0
15868.3 1867.1 0
15871.2 1944.9 0
15874 2022.69 0
15876.9 2100.49 0
15879.7 2178.29 0
15882.6 2256.08 0
15885.4 2333.88 0
p
75
30
16000 0 0
16000.4 67.6214 0
16000.9 135.243 0
16001.3 202.864 0
16001.8 270.486 0
16002.2 338.107 0
16002.7 405.729 0
16003.1 473.35 0
16003.6 540.971 0
16004 608.593 0
16004.5 676.214 0
16004.9 743.836 0
16005.4 811.457 0
16005.8 879.079 0
16006.2 946.7 0
16006.7 1014.32 0
16007.1 1081.94 0
16007.6 1149.56 0
16008 1217.19 0
16008.5 1284.81 0
16008.9 1352.43 0
16009.4 1420.05 0
16009.8 1487.67 0
16010.3 1555.29 0
16010.7 1622.91 0
16011.1 1690.54 0
16011.6 1758.16 0
16012 1825.78 0
16012.5 1893.4 0
16012.9 1961.02 0
16013.4 2028.64 0
p
76
30
16200 0 0
16199.7 83.5055 0
16199.4 167.011 0
16199.1 250.517 0
16198.7 334.022 0
16198.4 417.528 0
16198.1 501.033 0
16197.8 584.539 0
16197.5 668.044 0
16197.2 751.55 0
16196.8 835.055 0
16196.5 918.561 0
16196.2 1002.07 0
16195.9 1085.57 0
16195.6 1169.08 0
16195.3 1252.58 0
16194.9 1336.09 0
16194.6 1419.59 0
16194.3 1503.1 0
16194 1586.61 0
16193.7 1670.11 0
16193.4 1753.62 0
16193 1837.12 0
16192.7 1920.63 0
16192.4 2004.13 0
16192.1 2087.64 0
16191.8 2171.14 0
16191.5 2254.65 0
16191.2 2338.16 0
16190.8 2421.66 0
16190.5 2505.17 0
p
77
30
16400 0 0
16397 70.0865 0
16393.9 140.173 0
16390.9 210.26 0
16387.8 280.346 0
16384.8 350.433 0
16381.8 420.519 0
16378.7 490.606 0
16375.7 560.692 0
16372.6 630.779 0
16369.6 700.865 0
16366.5 770.952 0
16363.5 841.038 0
16360.5 911.125 0
16357.4 981.211 0
16354.4 1051.3 0
16351.3 1121.38 0
16348.3 1191.47 0
16345.3 1261.56 0
16342.2 1331.64 0
16339.2 1401.73 0
16336.1 1471.82 0
16333.1 1541.9 0
16330.1 1611.99 0
16327 1682.08 0
16324 1752.16 0
16320.9 1822.25 0
16317.9 1892.34 0
16314.9 1962.42 0
16311.8 2032.51 0
16308.8 2102.6 0
p
78
30
16600 0 0
16596.1 82.5196 0
16592.2 165.039 0
16588.3 247.559 0
16584.4 330.078 0
16580.6 412.598 0
16576.7 495.117 0
16572.8 577.637 0
16568.9 660.157 0
16565 742.676 0
16561.1 825.196 0
16557.2 907.715 0
16553.3 990.235 0
16549.5 1072.75 0
16545.6 1155.27 0
16541.7 1237.79 0
16537.8 1320.31 0
16533.9 1402.83 0
16530 1485.35 0
16526.1 1567.87 0
16522.2 1650.39 0
16518.4 1732.91 0
16514.5 1815.43 0
16510.6 1897.95 0
16506.7 1980.47 0
16502.8 2062.99 0
16498.9 2145.51 0
16495 2228.03 0
16491.1 2310.55 0
16487.3 2393.07 0
16483.4 2475.59 0
p
79
30
16800 0 0
16798.6 70.1005 0
16797.2 140.201 0
16795.8 210.302 0
16794.3 280.401 0
16792.9 350.5 0
16791.4 420.598 0
16789.8 490.697 0
16788.3 560.794 0
16786.7 630.892 0
16785.2 700.989 0
16783.6 771.085 0
16782 841.182 0
16780.4 911.278 0
16778.8 981.375 0
16777.2 1051.47 0
16775.5 1121.57 0
16773.9 1191.66 0
16772.3 1261.76 0
16770.7 1331.86 0
16769.2 1401.95 0
16767.6 1472.05 0
16766 1542.15 0
16764.5 1612.25 0
16763 1682.34 0
16761.5 1752.44 0
16760 1822.54 0
16758.6 1892.64 0
16757.2 1962.74 0
16755.8 2032.84 0
16754.5 2102.95 0
s	0
62 64 94 97 125 130 
62 63 64 94 95 96 97 125 126 127 128 129 130 
b
3 0
0.783099 0.394383 0.840188
63 0 0 2
95 0 0 2
96 0 0 3
126 0 0 2
127 0 0 2
128 0 0 2
129 0 0 1
g
0
1 2 0 0 1 2 0 2 4
t
2
0
1570.67 2064.28 100
1570.67 2064.28 -100
a
6
0
64 61 97 93 130 124 
1 127 1 63 0 95 0 96 0 62 0 2640 0.5 2641 0.5 
1 126 1 95 0 96 0 94 0 2640 0.5 2641 0.5 
1 128 1 63 0 96 0 62 0 2640 0.5 2641 0.5 
1 125 1 95 0 94 0 2640 0.5 2641 0.5 
1 129 1 63 0 2640 0.5 2641 0.5 
2 95 1 127 0 126 0 125 0 2640 0.5 2641 0.5 
2 96 1 127 0 126 0 128 0 2640 0.5 2641 0.5 
2 94 1 126 0 125 0 2640 0.5 2641 0.5 
2 63 1 127 0 128 0 129 0 2640 0.5 2641 0.5 
2 62 1 127 0 128 0 2640 0.5 2641 0.5 
0 2640 5 127 0.5 126 0.5 128 0.5 125 0.5 129 0.5 95 0.5 96 0.5 94 0.5 63 0.5 62 0.5 
0 2641 5 127 0.5 126 0.5 128 0.5 125 0.5 129 0.5 95 0.5 96 0.5 94 0.5 63 0.5 62 0.5 
NanList DIR 0
d
36
0 0 -11.384 0 0 -11.384 0 0 -11.384 0 0 -11.384 0 0 -11.384 0 0 11.384 0 0 11.384 0 0 11.384 0 0 11.384 0 0 11.384 0 0 0 0 0 0 
s	1
113 117 146 150 
113 114 115 116 117 146 147 148 149 150 
b
2 0
0.197551 0.911647 0.79844
114 0 0 2
115 0 0 3
116 0 0 2
147 0 0 2
148 0 0 3
149 0 0 2
g
0
1 2 0 0 1 2 0 2 4
t
2
2
1684.31 1152.97 100
1684.31 1152.97 -100
a
4
6
117 112 150 145 
1 114 1 147 0 148 0 146 0 2640 0.5 2641 0.5 
1 115 1 147 0 148 0 149 0 2640 0.5 2641 0.5 
1 113 1 147 0 146 0 2640 0.5 2641 0.5 
1 116 1 148 0 149 0 2640 0.5 2641 0.5 
2 147 1 114 0 115 0 113 0 2640 0.5 2641 0.5 
2 148 1 114 0 115 0 116 0 2640 0.5 2641 0.5 
2 146 1 114 0 113 0 2640 0.5 2641 0.5 
2 149 1 115 0 116 0 2640 0.5 2641 0.5 
0 2640 4 114 0.5 115 0.5 113 0.5 116 0.5 147 0.5 148 0.5 146 0.5 149 0.5 
0 2641 4 114 0.5 115 0.5 113 0.5 116 0.5 147 0.5 148 0.5 146 0.5 149 0.5 
NanList DIR 0
d
30
0 0 -4.4227 0 0 -4.4227 0 0 -4.4227 0 0 -4.4227 0 0 4.4227 0 0 4.4227 0 0 4.4227 0 0 4.4227 0 0 0 0 0 0 
s	2
191 193 227 229 
191 192 193 227 228 229 
b
2 0
0.277775 0.76823 0.335223
192 0 0 1
228 0 0 1
g
0
1 2 0 0 1 2 0 2 4
t
2
4
2264.81 1855.86 100
2264.81 1855.86 -100
a
4
10
193 190 229 226 
1 191 1 228 0 227 0 2640 0.5 2641 0.5 
1 192 1 228 0 2640 0.5 2641 0.5 
2 228 1 191 0 192 0 2640 0.5 2641 0.5 
2 227 1 191 0 2640 0.5 2641 0.5 
0 2640 2 191 0.5 192 0.5 228 0.5 227 0.5 
0 2641 2 191 0.5 192 0.5 228 0.5 227 0.5 
NanList DIR 0
d
18
0 0 -3.35208 0 0 -3.35208 0 0 3.35208 0 0 3.35208 0 0 0 0 0 0 
s	3
194 196 257 262 286 291 
194 195 196 257 258 259 260 261 262 286 287 288 289 290 291 
b
3 0
0.628871 0.477397 0.55397
195 0 0 4
258 0 0 2
259 0 0 3
260 0 0 3
261 0 0 3
287 0 0 2
288 0 0 3
289 0 0 4
290 0 0 2
g
0
1 2 0 0 1 2 0 2 4
t
2
6
2345.34 2045.35 100
2345.34 2045.35 -100
a
6
14
196 193 262 256 291 285 
1 288 1 195 0 194 0 259 0 260 0 258 0 2640 0.5 2641 0.5 
1 289 1 195 0 194 0 259 0 260 0 261 0 2640 0.5 2641 0.5 
1 287 1 259 0 258 0 257 0 2640 0.5 2641 0.5 
1 286 1 258 0 257 0 2640 0.5 2641 0.5 
1 290 1 195 0 261 0 2640 0.5 2641 0.5 
2 259 1 288 0 289 0 194 0 287 0 2640 0.5 2641 0.5 
2 260 1 195 0 288 0 289 0 194 0 2640 0.5 2641 0.5 
2 258 1 288 0 287 0 286 0 2640 0.5 2641 0.5 
2 261 1 195 0 289 0 290 0 2640 0.5 2641 0.5 
2 257 1 287 0 286 0 2640 0.5 2641 0.5 
3 195 1 288 0 289 0 260 0 261 0 290 0 2640 0.5 2641 0.5 
3 194 1 288 0 289 0 259 0 260 0 2640 0.5 2641 0.5 
0 2640 6 288 0.5 289 0.5 287 0.5 286 0.5 290 0.5 259 0.5 260 0.5 258 0.5 261 0.5 257 0.5 195 0.5 194 0.5 
0 2641 6 288 0.5 289 0.5 287 0.5 286 0.5 290 0.5 259 0.5 260 0.5 258 0.5 261 0.5 257 0.5 195 0.5 194 0.5 
NanList DIR 0
d
42
0 0 -28.8943 0 0 -28.8943 0 0 -28.8943 0 0 -28.8943 0 0 -28.8943 0 0 0 0 0 0 0 0 0 0 0 0 0 0 0 0 0 20.3963 0 0 20.3963 0 0 0 0 0 0 
s	4
211 224 242 253 
211 212 213 214 215 216 217 218 219 220 221 222 223 224 242 243 244 245 246 247 248 249 250 251 252 253 
b
2 0
0.95223 0.513401 0.364784
212 0 0 2
213 0 0 3
214 0 0 3
215 0 0 3
216 0 0 2
217 0 0 2
218 0 0 2
219 0 0 3
220 0 0 3
221 0 0 3
222 0 0 2
223 0 0 1
243 0 0 2
244 0 0 3
245 0 0 3
246 0 0 3
247 0 0 3
248 0 0 3
249 0 0 3
250 0 0 3
251 0 0 3
252 0 0 3
g
0
1 2 0 0 1 2 0 2 4
t
2
8
2231.45 1165.97 100
2231.45 1165.97 -100
a
4
20
224 210 253 241 
1 212 1 243 0 244 0 242 0 2640 0.5 2641 0.5 
1 213 1 245 0 243 0 244 0 2640 0.5 2641 0.5 
1 214 1 245 0 244 0 246 0 2640 0.5 2641 0.5 
1 215 1 245 0 247 0 246 0 2640 0.5 2641 0.5 
1 216 1 245 0 247 0 246 0 2640 0.5 2641 0.5 
1 217 1 247 0 249 0 248 0 2640 0.5 2641 0.5 
1 218 1 247 0 249 0 248 0 2640 0.5 2641 0.5 
1 219 1 249 0 248 0 250 0 2640 0.5 2641 0.5 
1 220 1 249 0 250 0 251 0 2640 0.5 2641 0.5 
1 221 1 250 0 251 0 252 0 2640 0.5 2641 0.5 
1 211 1 243 0 242 0 2640 0.5 2641 0.5 
1 222 1 251 0 252 0 2640 0.5 2641 0.5 
1 223 1 252 0 2640 0.5 2641 0.5 
2 245 1 213 0 214 0 215 0 216 0 2640 0.5 2641 0.5 
2 247 1 215 0 216 0 217 0 218 0 2640 0.5 2641 0.5 
2 249 1 217 0 218 0 219 0 220 0 2640 0.5 2641 0.5 
2 243 1 212 0 213 0 211 0 2640 0.5 2641 0.5 
2 244 1 212 0 213 0 214 0 2640 0.5 2641 0.5 
2 246 1 214 0 215 0 216 0 2640 0.5 2641 0.5 
2 248 1 217 0 218 0 219 0 2640 0.5 2641 0.5 
2 250 1 219 0 220 0 221 0 2640 0.5 2641 0.5 
2 251 1 220 0 221 0 222 0 2640 0.5 2641 0.5 
2 252 1 221 0 222 0 223 0 2640 0.5 2641 0.5 
2 242 1 212 0 211 0 2640 0.5 2641 0.5 
0 2640 12 212 0.5 213 0.5 214 0.5 215 0.5 216 0.5 217 0.5 218 0.5 219 0.5 220 0.5 221 0.5 211 0.5 222 0.5 223 0.5 245 0.5 247 0.5 249 0.5 243 0.5 244 0.5 246 0.5 248 0.5 250 0.5 251 0.5 252 0.5 242 0.5 
0 2641 12 212 0.5 213 0.5 214 0.5 215 0.5 216 0.5 217 0.5 218 0.5 219 0.5 220 0.5 221 0.5 211 0.5 222 0.5 223 0.5 245 0.5 247 0.5 249 0.5 243 0.5 244 0.5 246 0.5 248 0.5 250 0.5 251 0.5 252 0.5 242 0.5 
NanList DIR 0
d
78
0 0 -13.7492 0 0 -13.7492 0 0 -13.7492 0 0 -13.7492 0 0 -13.7492 0 0 -13.7492 0 0 -13.7492 0 0 -13.7492 0 0 -13.7492 0 0 -13.7492 0 0 -13.7492 0 0 -13.7492 0 0 -13.7492 0 0 13.7492 0 0 13.7492 0 0 13.7492 0 0 13.7492 0 0 13.7492 0 0 13.7492 0 0 13.7492 0 0 13.7492 0 0 13.7492 0 0 13.7492 0 0 13.7492 0 0 0 0 0 0 
s	5
623 625 654 656 
623 624 625 654 655 656 
b
2 0
0.717297 0.635712 0.916195
624 0 0 1
655 0 0 1
g
0
1 2 0 0 1 2 0 2 4
t
2
10
4620.31 2117.96 100
4620.31 2117.96 -100
a
4
24
625 622 656 653 
1 624 1 654 0 655 0 2640 0.5 2641 0.5 
1 623 1 654 0 2640 0.5 2641 0.5 
2 654 1 624 0 623 0 2640 0.5 2641 0.5 
2 655 1 624 0 2640 0.5 2641 0.5 
0 2640 2 624 0.5 623 0.5 654 0.5 655 0.5 
0 2641 2 624 0.5 623 0.5 654 0.5 655 0.5 
NanList DIR 0
d
18
0 0 -5.47325 0 0 -5.47325 0 0 5.47325 0 0 5.47325 0 0 0 0 0 0 
s	6
720 722 754 757 788 790 821 823 
720 721 722 754 755 756 757 788 789 790 821 822 823 
b
4 0
0.0163006 0.606969 0.141603
721 0 0 1
755 0 0 1
756 0 0 3
789 0 0 2
822 0 0 1
g
0
1 2 0 0 1 2 0 2 4
t
2
12
5543.84 2149.9 100
5543.84 2149.9 -100
a
8
28
722 719 757 753 790 787 823 820 
1 756 1 720 0 789 0 821 0 721 0 822 0 2640 0.5 2641 0.5 
1 755 1 720 0 788 0 789 0 821 0 2640 0.5 2641 0.5 
1 754 1 788 0 2640 0.5 2641 0.5 
2 788 1 755 0 754 0 2640 0.5 2641 0.5 
2 789 1 756 0 755 0 2640 0.5 2641 0.5 
2 720 1 756 0 755 0 2640 0.5 2641 0.5 
2 721 1 756 0 2640 0.5 2641 0.5 
2 821 1 756 0 755 0 2640 0.5 2641 0.5 
2 822 1 756 0 2640 0.5 2641 0.5 
0 2640 4.5 756 0.5 755 0.5 754 0.5 788 0.5 789 0.5 720 0.5 721 0.5 821 0.5 822 0.5 
0 2641 4.5 756 0.5 755 0.5 754 0.5 788 0.5 789 0.5 720 0.5 721 0.5 821 0.5 822 0.5 
NanList DIR 0
d
33
0 0 -13.2429 0 0 -13.2429 0 0 -13.2429 0 0 13.2429 0 0 13.2429 0 0 13.2429 0 0 13.2429 0 0 13.2429 0 0 13.2429 0 0 0 0 0 0 
s	7
953 955 985 987 
953 954 955 985 986 987 
b
2 0
0.804177 0.137232 0.242887
954 0 0 1
986 0 0 1
g
0
1 2 0 0 1 2 0 2 4
t
2
14
6286.45 1921.85 100
6286.45 1921.85 -100
a
4
36
955 952 987 984 
1 954 1 985 0 986 0 2640 0.5 2641 0.5 
1 953 1 985 0 2640 0.5 2641 0.5 
2 985 1 954 0 953 0 2640 0.5 2641 0.5 
2 986 1 954 0 2640 0.5 2641 0.5 
0 2640 2 954 0.5 953 0.5 985 0.5 986 0.5 
0 2641 2 954 0.5 953 0.5 985 0.5 986 0.5 
NanList DIR 0
d
18
0 0 -3.57624 0 0 -3.57624 0 0 3.57624 0 0 3.57624 0 0 0 0 0 0 
s	8
1108 1116 1139 1146 
1108 1109 1110 1111 1112 1113 1114 1115 1116 1139 1140 1141 1142 1143 1144 1145 1146 
b
2 0
0.12979 0.400944 0.156679
1109 0 0 2
1110 0 0 2
1111 0 0 2
1112 0 0 2
1113 0 0 3
1114 0 0 3
1115 0 0 2
1140 0 0 2
1141 0 0 3
1142 0 0 3
1143 0 0 3
1144 0 0 3
1145 0 0 2
g
0
1 2 0 0 1 2 0 2 4
t
2
16
7540.15 1482.56 100
7540.15 1482.56 -100
a
4
40
1116 1107 1146 1138 
1 1109 1 1141 0 1140 0 1139 0 2640 0.5 2641 0.5 
1 1112 1 1141 0 1142 0 1143 0 2640 0.5 2641 0.5 
1 1113 1 1142 0 1143 0 1144 0 2640 0.5 2641 0.5 
1 1114 1 1143 0 1144 0 1145 0 2640 0.5 2641 0.5 
1 1108 1 1140 0 1139 0 2640 0.5 2641 0.5 
1 1110 1 1141 0 1140 0 2640 0.5 2641 0.5 
1 1111 1 1141 0 1142 0 2640 0.5 2641 0.5 
1 1115 1 1144 0 1145 0 2640 0.5 2641 0.5 
2 1141 1 1109 0 1112 0 1110 0 1111 0 2640 0.5 2641 0.5 
2 1140 1 1109 0 1108 0 1110 0 2640 0.5 2641 0.5 
2 1142 1 1112 0 1113 0 1111 0 2640 0.5 2641 0.5 
2 1143 1 1112 0 1113 0 1114 0 2640 0.5 2641 0.5 
2 1144 1 1113 0 1114 0 1115 0 2640 0.5 2641 0.5 
2 1139 1 1109 0 1108 0 2640 0.5 2641 0.5 
2 1145 1 1114 0 1115 0 2640 0.5 2641 0.5 
0 2640 7.5 1109 0.5 1112 0.5 1113 0.5 1114 0.5 1108 0.5 1110 0.5 1111 0.5 1115 0.5 1141 0.5 1140 0.5 1142 0.5 1143 0.5 1144 0.5 1139 0.5 1145 0.5 
0 2641 7.5 1109 0.5 1112 0.5 1113 0.5 1114 0.5 1108 0.5 1110 0.5 1111 0.5 1115 0.5 1141 0.5 1140 0.5 1142 0.5 1143 0.5 1144 0.5 1139 0.5 1145 0.5 
NanList DIR 0
d
51
0 0 -12.2669 0 0 -12.2669 0 0 -12.2669 0 0 -12.2669 0 0 -12.2669 0 0 -12.2669 0 0 -12.2669 0 0 -12.2669 0 0 12.2669 0 0 12.2669 0 0 12.2669 0 0 12.2669 0 0 12.2669 0 0 12.2669 0 0 12.2669 0 0 0 0 0 0 
s	9
1130 1134 1165 1169 
1130 1131 1132 1133 1134 1165 1166 1167 1168 1169 
b
2 0
0.218257 0.998924 0.108809
1131 0 0 1
1132 0 0 3
1133 0 0 2
1166 0 0 2
1167 0 0 2
1168 0 0 2
g
0
1 2 0 0 1 2 0 2 4
t
2
18
7900.91 768.154 100
7900.91 768.154 -100
a
4
44
1134 1129 1169 1164 
1 1131 1 1167 0 1165 0 1166 0 2640 0.5 2641 0.5 
1 1132 1 1167 0 1166 0 1168 0 2640 0.5 2641 0.5 
1 1133 1 1167 0 1168 0 2640 0.5 2641 0.5 
1 1130 1 1165 0 2640 0.5 2641 0.5 
2 1167 1 1131 0 1132 0 1133 0 2640 0.5 2641 0.5 
2 1165 1 1131 0 1130 0 2640 0.5 2641 0.5 
2 1166 1 1131 0 1132 0 2640 0.5 2641 0.5 
2 1168 1 1132 0 1133 0 2640 0.5 2641 0.5 
0 2640 4 1131 0.5 1132 0.5 1133 0.5 1130 0.5 1167 0.5 1165 0.5 1166 0.5 1168 0.5 
0 2641 4 1131 0.5 1132 0.5 1133 0.5 1130 0.5 1167 0.5 1165 0.5 1166 0.5 1168 0.5 
NanList DIR 0
d
30
0 0 -8.16321 0 0 -8.16321 0 0 -8.16321 0 0 -8.16321 0 0 8.16321 0 0 8.16321 0 0 8.16321 0 0 8.16321 0 0 0 0 0 0 
s	10
1150 1153 1184 1186 1215 1219 
1150 1151 1152 1153 1184 1185 1186 1215 1216 1217 1218 1219 
b
3 0
0.61264 0.839112 0.512932
1151 0 0 2
1152 0 0 2
1185 0 0 2
1216 0 0 1
1217 0 0 3
1218 0 0 2
g
0
1 2 0 0 1 2 0 2 4
t
2
20
7831.09 2100.12 100
7831.09 2100.12 -100
a
6
48
1153 1149 1186 1183 1219 1214 
1 1216 1 1150 0 1151 0 1184 0 1185 0 2640 0.5 2641 0.5 
1 1217 1 1150 0 1151 0 1152 0 1185 0 2640 0.5 2641 0.5 
1 1218 1 1150 0 1151 0 1152 0 2640 0.5 2641 0.5 
1 1215 1 1184 0 2640 0.5 2641 0.5 
2 1150 1 1216 0 1217 0 1218 0 2640 0.5 2641 0.5 
2 1151 1 1216 0 1217 0 1218 0 2640 0.5 2641 0.5 
2 1152 1 1217 0 1218 0 2640 0.5 2641 0.5 
2 1184 1 1216 0 1215 0 2640 0.5 2641 0.5 
2 1185 1 1216 0 1217 0 2640 0.5 2641 0.5 
0 2640 4.5 1216 0.5 1217 0.5 1218 0.5 1215 0.5 1150 0.5 1151 0.5 1152 0.5 1184 0.5 1185 0.5 
0 2641 4.5 1216 0.5 1217 0.5 1218 0.5 1215 0.5 1150 0.5 1151 0.5 1152 0.5 1184 0.5 1185 0.5 
NanList DIR 0
d
33
0 0 -13.5303 0 0 -13.5303 0 0 -13.5303 0 0 -13.5303 0 0 13.5303 0 0 13.5303 0 0 13.5303 0 0 13.5303 0 0 13.5303 0 0 0 0 0 0 
s	11
1249 1251 1283 1285 1316 1318 
1249 1250 1251 1283 1284 1285 1316 1317 1318 
b
3 0
0.524287 0.637552 0.296032
1250 0 0 1
1284 0 0 1
1317 0 0 2
g
0
1 2 0 0 1 2 0 2 4
t
2
22
9008.2 2119.29 100
9008.2 2119.29 -100
a
6
54
1251 1248 1285 1282 1318 1315 
1 1316 1 1249 0 1284 0 1283 0 2640 0.5 2641 0.5 
1 1317 1 1249 0 1284 0 1250 0 2640 0.5 2641 0.5 
2 1249 1 1316 0 1317 0 2640 0.5 2641 0.5 
2 1250 1 1317 0 2640 0.5 2641 0.5 
2 1284 1 1316 0 1317 0 2640 0.5 2641 0.5 
2 1283 1 1316 0 2640 0.5 2641 0.5 
0 2640 3 1316 0.5 1317 0.5 1249 0.5 1250 0.5 1284 0.5 1283 0.5 
0 2641 3 1316 0.5 1317 0.5 1249 0.5 1250 0.5 1284 0.5 1283 0.5 
NanList DIR 0
d
24
0 0 -6.58539 0 0 -6.58539 0 0 6.58539 0 0 6.58539 0 0 6.58539 0 0 6.58539 0 0 0 0 0 0 
s	12
1347 1351 1380 1384 1412 1417 1445 1449 
1347 1348 1349 1350 1351 1380 1381 1382 1383 1384 1412 1413 1414 1415 1416 1417 1445 1446 1447 1448 1449 
b
4 0
0.292517 0.972775 0.493583
1348 0 0 2
1349 0 0 4
1350 0 0 2
1381 0 0 2
1382 0 0 3
1383 0 0 5
1413 0 0 2
1414 0 0 3
1415 0 0 4
1416 0 0 3
1446 0 0 1
1447 0 0 3
1448 0 0 2
g
0
1 2 0 0 1 2 0 2 4
t
2
24
9475.13 2032.65 100
9475.13 2032.65 -100
a
8
60
1351 1346 1384 1379 1417 1411 1449 1444 
1 1414 1 1382 0 1383 0 1348 0 1381 0 1347 0 2640 0.5 2641 0.5 
1 1415 1 1349 0 1382 0 1383 0 1348 0 1347 0 2640 0.5 2641 0.5 
1 1413 1 1382 0 1381 0 1380 0 2640 0.5 2641 0.5 
1 1416 1 1349 0 1383 0 1348 0 2640 0.5 2641 0.5 
1 1412 1 1381 0 1380 0 2640 0.5 2641 0.5 
2 1382 1 1414 0 1415 0 1413 0 1446 0 1445 0 2640 0.5 2641 0.5 
2 1383 1 1414 0 1415 0 1447 0 1416 0 1446 0 2640 0.5 2641 0.5 
2 1381 1 1414 0 1413 0 1412 0 2640 0.5 2641 0.5 
2 1380 1 1413 0 1412 0 2640 0.5 2641 0.5 
2 1349 1 1415 0 1447 0 1416 0 1446 0 1448 0 2640 0.5 2641 0.5 
2 1348 1 1414 0 1415 0 1447 0 1416 0 2640 0.5 2641 0.5 
2 1347 1 1414 0 1415 0 2640 0.5 2641 0.5 
2 1350 1 1447 0 1448 0 2640 0.5 2641 0.5 
1 1447 1 1349 0 1383 0 1348 0 1350 0 2640 0.5 2641 0.5 
1 1446 1 1349 0 1382 0 1383 0 2640 0.5 2641 0.5 
1 1448 1 1349 0 1350 0 2640 0.5 2641 0.5 
1 1445 1 1382 0 2640 0.5 2641 0.5 
0 2640 8.5 1414 0.5 1415 0.5 1413 0.5 1416 0.5 1412 0.5 1382 0.5 1383 0.5 1381 0.5 1380 0.5 1349 0.5 1348 0.5 1347 0.5 1350 0.5 1447 0.5 1446 0.5 1448 0.5 1445 0.5 
0 2641 8.5 1414 0.5 1415 0.5 1413 0.5 1416 0.5 1412 0.5 1382 0.5 1383 0.5 1381 0.5 1380 0.5 1349 0.5 1348 0.5 1347 0.5 1350 0.5 1447 0.5 1446 0.5 1448 0.5 1445 0.5 
NanList DIR 0
d
57
0 0 -14.4454 0 0 -14.4454 0 0 -14.4454 0 0 -14.4454 0 0 -14.4454 0 0 14.4454 0 0 14.4454 0 0 14.4454 0 0 14.4454 0 0 14.4454 0 0 14.4454 0 0 14.4454 0 0 14.4454 0 0 -14.4454 0 0 -14.4454 0 0 -14.4454 0 0 -14.4454 0 0 0 0 0 0 
s	13
1679 1680 1681 1712 1713 1714 1744 1745 1746 1747 1778 1779 1780 1809 1810 1811 1812 1813 
1679 1680 1681 1712 1713 1714 1744 1745 1746 1747 1778 1779 1780 1809 1810 1811 1812 1813 
b
3 0
0.769914 0.526745 0.771358
1680 0 0 2
1746 0 0 3
1811 0 0 1
1812 0 0 2
b
2 0
0.283315 0.891529 0.400229
1713 0 0 1
1745 0 0 1
b
2 0
0.919026 0.807725 0.352458
1779 0 0 1
1810 0 0 1
g
0
1 2 0 0 1 2 0 2 4
t
2
26
11111.4 2223.55 100
11111.4 2223.55 -100
a
10
68
1681 1678 1714 1711 1747 1743 1780 1777 1813 1808 
1 1746 1 1811 0 1679 0 1680 0 1810 0 1812 0 2640 0.5 2641 0.5 
1 1745 1 1811 0 1679 0 1810 0 1713 0 2640 0.5 2641 0.5 
1 1744 1 1713 0 1712 0 2640 0.5 2641 0.5 
2 1811 1 1746 0 1745 0 1679 0 1680 0 2640 0.5 2641 0.5 
2 1810 1 1746 0 1745 0 1779 0 2640 0.5 2641 0.5 
2 1809 1 1779 0 1778 0 2640 0.5 2641 0.5 
2 1812 1 1746 0 1680 0 2640 0.5 2641 0.5 
3 1679 1 1746 0 1745 0 1811 0 2640 0.5 2641 0.5 
3 1680 1 1746 0 1811 0 1812 0 2640 0.5 2641 0.5 
2 1713 1 1745 0 1744 0 2640 0.5 2641 0.5 
2 1712 1 1744 0 2640 0.5 2641 0.5 
1 1779 1 1810 0 1809 0 2640 0.5 2641 0.5 
1 1778 1 1809 0 2640 0.5 2641 0.5 
0 2640 6.5 1746 0.5 1745 0.5 1744 0.5 1811 0.5 1810 0.5 1809 0.5 1812 0.5 1679 0.5 1680 0.5 1713 0.5 1712 0.5 1779 0.5 1778 0.5 
0 2641 6.5 1746 0.5 1745 0.5 1744 0.5 1811 0.5 1810 0.5 1809 0.5 1812 0.5 1679 0.5 1680 0.5 1713 0.5 1712 0.5 1779 0.5 1778 0.5 
NanList DIR 0
d
45
0 0 -26.5989 0 0 -26.5989 0 0 -26.5989 0 0 0 0 0 0 0 0 0 0 0 0 0 0 23.9884 0 0 23.9884 0 0 0 0 0 0 0 0 -26.5989 0 0 -26.5989 0 0 0 0 0 0 
s	14
2108 2110 2141 2143 2174 2176 
2108 2109 2110 2141 2142 2143 2174 2175 2176 
b
3 0
0.525995 0.949327 0.0697553
2109 0 0 1
2142 0 0 2
2175 0 0 1
g
0
1 2 0 0 1 2 0 2 4
t
2
28
13726.4 2047.51 100
13726.4 2047.51 -100
a
6
78
2110 2107 2143 2140 2176 2173 
1 2142 1 2108 0 2174 0 2109 0 2175 0 2640 0.5 2641 0.5 
1 2141 1 2108 0 2174 0 2640 0.5 2641 0.5 
2 2108 1 2142 0 2141 0 2640 0.5 2641 0.5 
2 2109 1 2142 0 2640 0.5 2641 0.5 
2 2174 1 2142 0 2141 0 2640 0.5 2641 0.5 
2 2175 1 2142 0 2640 0.5 2641 0.5 
0 2640 3 2142 0.5 2141 0.5 2108 0.5 2109 0.5 2174 0.5 2175 0.5 
0 2641 3 2142 0.5 2141 0.5 2108 0.5 2109 0.5 2174 0.5 2175 0.5 
NanList DIR 0
d
24
0 0 -8.98504 0 0 -8.98504 0 0 8.98504 0 0 8.98504 0 0 8.98504 0 0 8.98504 0 0 0 0 0 0 
