33 0.3 0.1 0.3 1 0 15 1
p
0
30
1000 0 0
1000.54 73.9963 0
1001.08 147.993 0
1001.62 221.989 0
1002.16 295.985 0
1002.69 369.981 0
1003.23 443.978 0
1003.77 517.974 0
1004.31 591.97 0
1004.85 665.966 0
1005.39 739.963 0
1005.93 813.959 0
1006.47 887.955 0
1007.01 961.952 0
1007.55 1035.95 0
1008.08 1109.94 0
1008.62 1183.94 0
1009.16 1257.94 0
1009.7 1331.93 0
1010.24 1405.93 0
1010.78 1479.93 0
1011.32 1553.92 0
1011.86 1627.92 0
1012.4 1701.91 0
1012.93 1775.91 0
1013.47 1849.91 0
1014.01 1923.9 0
1014.55 1997.9 0
1015.09 2071.9 0
1015.63 2145.89 0
1016.17 2219.89 0
p
1
30
1200 0 0
1196.61 55.3348 0
1193.23 110.67 0
1189.84 166.004 0
1186.46 221.339 0
1183.07 276.674 0
1179.68 332.009 0
1176.3 387.344 0
1172.91 442.678 0
1169.52 498.013 0
1166.14 553.348 0
1162.75 608.683 0
1159.37 664.018 0
1155.98 719.352 0
1152.59 774.687 0
1149.21 830.022 0
1145.82 885.357 0
1142.44 940.691 0
1139.05 996.026 0
1135.66 1051.36 0
1132.28 1106.7 0
1128.89 1162.03 0
1125.51 1217.37 0
1122.12 1272.7 0
1118.73 1328.04 0
1115.35 1383.37 0
1111.96 1438.7 0
1108.57 1494.04 0
1105.19 1549.37 0
1101.8 1604.71 0
1098.42 1660.04 0
p
2
30
1400 0 0
1399.31 72.9165 0
1398.63 145.833 0
1397.86 218.752 0
1396.9 291.672 0
1395.56 364.594 0
1393.47 437.516 0
1390.27 510.422 0
1386.28 583.284 0
1381.37 656.098 0
1375.49 728.85 0
1369.02 801.558 0
1361.98 874.221 0
1354.48 946.844 0
1346.62 1019.44 0
1338.47 1092 0
1330.08 1164.54 0
1321.51 1237.07 0
1312.78 1309.58 0
1303.92 1382.08 0
1294.95 1454.57 0
1285.86 1527.05 0
1276.66 1599.53 0
1267.33 1671.99 0
1257.87 1744.44 0
1248.26 1816.87 0
1238.47 1889.28 0
1228.47 1961.67 0
1218.24 2034.02 0
1207.74 2106.35 0
1197 2178.62 0
p
3
30
1600 0 0
1591.25 76.6752 0
1582.51 153.35 0
1574.66 230.118 0
1568.09 307.006 0
1563.41 384.036 0
1561 461.173 0
1560.62 538.341 0
1560.99 615.559 0
1561.63 692.787 0
1561.76 770.016 0
1560.91 847.225 0
1558.47 924.377 0
1553.99 1001.41 0
1547.11 1078.24 0
1537.55 1154.76 0
1525.19 1230.88 0
1509.98 1306.51 0
1492.03 1381.56 0
1471.52 1456 0
1448.77 1529.85 0
1424.16 1603.15 0
1398.18 1676.01 0
1371.37 1748.61 0
1344.32 1821.12 0
1317.66 1893.76 0
1292.04 1966.73 0
1268.11 2040.23 0
1246.51 2114.41 0
1227.16 2189.18 0
1207.96 2264.03 0
p
4
30
1800 0 0
1807.83 72.2415 0
1815.65 144.483 0
1822.55 216.831 0
1828.2 289.301 0
1832.02 361.917 0
1833.3 434.666 0
1831.38 507.466 0
1827.39 580.222 0
1821.13 652.873 0
1812.76 725.359 0
1802.41 797.626 0
1790.22 869.631 0
1776.28 941.34 0
1760.68 1012.72 0
1743.45 1083.76 0
1724.61 1154.41 0
1704.24 1224.68 0
1682.33 1294.54 0
1658.85 1363.96 0
1634.49 1433.16 0
1609.21 1502.12 0
1583.05 1570.84 0
1556.02 1639.32 0
1528.01 1707.5 0
1498.88 1775.28 0
1468.42 1842.56 0
1436.39 1909.18 0
1402.5 1974.93 0
1366.46 2039.6 -5.92681
1328.41 2103.18 -5.92681
p
5
30
2000 0 0
1994.38 80.5277 0
1988.77 161.055 0
1983.85 241.628 0
1979.7 322.244 0
1976.35 402.902 0
1973.55 483.583 0
1970.81 564.273 0
1968.51 644.975 0
1966.28 725.679 0
1963.82 806.371 0
1960.66 887.031 0
1956.19 967.622 0
1949.71 1048.07 0
1940.42 1128.24 0
1927.54 1207.93 0
1910.32 1286.82 0
1888.69 1364.68 0
1862.45 1441.19 0
1831.62 1516.1 0
1795.8 1588.91 0
1755.16 1659.34 0
1709.97 1727.15 0
1660.64 1792.27 0
1607.79 1854.79 0
1552.13 1915.08 0
1494.5 1973.7 0
1435.88 2031.48 0
1376.9 2088.99 5.92681
1316.74 2145.54 5.92681
1255.48 2200.94 0
p
6
30
2200 0 0
2197.03 76.5168 0
2194.05 153.034 0
2191.08 229.55 0
2188.1 306.067 0
2185.13 382.584 0
2182.15 459.101 0
2179.18 535.617 0
2176.2 612.134 0
2173.23 688.651 0
2170.25 765.168 0
2167.28 841.685 0
2164.31 918.201 0
2161.33 994.718 0
2158.36 1071.23 0
2155.38 1147.75 0
2152.41 1224.27 0
2149.43 1300.79 0
2146.46 1377.3 0
2143.48 1453.82 0
2140.51 1530.34 0
2137.54 1606.85 0
2134.56 1683.37 0
2131.59 1759.89 0
2128.61 1836.4 0
2125.64 1912.92 0
2122.66 1989.44 0
2119.69 2065.95 0
2116.71 2142.47 0
2113.74 2218.99 0
2110.76 2295.5 0
p
7
30
2400 0 0
2400.29 53.5727 0
2400.59 107.145 0
2400.74 160.72 0
2400.72 214.295 0
2400.51 267.87 0
2400.06 321.445 0
2399.42 375.018 0
2398.61 428.59 0
2397.62 482.16 0
2396.47 535.728 0
2395.18 589.293 0
2393.76 642.857 0
2392.23 696.418 0
2390.6 749.977 0
2388.88 803.534 0
2387.09 857.09 0
2385.25 910.645 0
2383.36 964.199 0
2381.44 1017.75 0
2379.51 1071.3 0
2377.58 1124.86 0
2375.66 1178.41 0
2373.77 1231.97 0
2371.92 1285.52 0
2370.12 1339.08 0
2368.4 1392.64 0
2366.77 1446.2 0
2365.23 1499.76 0
2363.81 1553.33 0
2362.49 1606.9 0
p
8
30
2600 0 0
2593.71 55.0088 0
2587.41 110.018 0
2581.08 165.021 0
2574.69 220.017 0
2568.29 275.013 0
2561.87 330.006 0
2555.42 384.996 0
2548.93 439.982 0
2542.41 494.963 0
2535.84 549.939 0
2529.22 604.909 0
2522.54 659.873 0
2515.81 714.829 0
2509 769.778 0
2502.13 824.718 0
2495.18 879.649 0
2488.14 934.569 0
2481.02 989.479 0
2473.81 1044.38 0
2466.5 1099.26 0
2459.09 1154.13 0
2451.56 1208.99 0
2443.93 1263.84 0
2436.18 1318.66 0
2428.31 1373.48 0
2420.31 1428.27 0
2412.17 1483.04 0
2403.9 1537.8 0
2395.5 1592.54 0
2387.01 1647.26 0
p
9
30
2800 0 0
2797.65 71.5275 0
2795.3 143.055 0
2793.02 214.522 0
2790.98 285.964 0
2789.27 357.388 0
2787.83 428.849 0
2786.69 500.317 0
2785.86 571.791 0
2785.32 643.27 0
2785.04 714.754 0
2785 786.241 0
2785.14 857.731 0
2785.44 929.222 0
2785.82 1000.71 0
2786.25 1072.21 0
2786.66 1143.7 0
2787.01 1215.19 0
2787.24 1286.68 0
2787.3 1358.17 0
2787.15 1429.66 0
2786.75 1501.14 0
2786.07 1572.61 0
2785.09 1644.09 0
2783.8 1715.55 0
2782.2 1787.01 0
2780.3 1858.46 0
2778.05 1929.9 -10.7258
2774.97 2001.25 -10.7258
2770.6 2072.57 -10.7258
2766.17 2143.99 -10.7258
p
10
30
3000 0 0
2998.13 67.8312 0
2996.27 135.662 0
2993.91 203.51 0
2990.78 271.346 0
2986.54 339.145 0
2981.92 406.907 0
2976.84 474.64 0
2971.41 542.348 0
2965.72 610.034 0
2959.8 677.698 0
2953.64 745.337 0
2947.14 812.946 0
2940.64 880.56 0
2934.1 948.18 0
2927.57 1015.82 0
2921.07 1083.47 0
2914.59 1151.15 0
2908.1 1218.86 0
2901.56 1286.59 0
2894.88 1354.33 0
2887.98 1422.06 0
2880.72 1489.79 0
2872.98 1557.46 0
2864.57 1625.07 0
2855.29 1692.56 0
2844.91 1759.88 0
2833.17 1826.97 0
2819.75 1893.73 0
2804.46 1960.1 10.7258
2787.82 2026.09 10.7258
p
11
30
3200 0 0
3206.38 72.3991 0
3212.75 144.798 0
3219.76 217.139 0
3227.25 289.433 0
3235 361.703 0
3241.88 434.079 0
3247.57 506.578 0
3251.5 579.221 0
3253.19 651.991 0
3252.2 724.824 0
3248.19 797.614 0
3240.87 870.217 0
3230.88 942.547 0
3218.29 1014.52 0
3203.35 1086.08 0
3186.28 1157.19 0
3167.25 1227.83 0
3146.36 1297.97 0
3123.55 1367.54 0
3098.58 1436.42 0
3072.69 1504.99 0
3045.67 1573.2 0
3017.63 1641.04 0
2988.53 1708.5 0
2958.25 1775.48 0
2926.59 1841.87 0
2893.33 1907.52 0
2858.19 1972.23 0
2820.92 2035.8 10.7258
2781.77 2098.3 10.7258
p
12
30
3400 0 0
3391.86 78.2942 0
3383.73 156.588 0
3376.89 235.009 0
3371.6 313.561 0
3368.32 392.241 0
3366.26 470.991 0
3365.49 549.792 0
3365.77 628.621 0
3366.79 707.46 0
3368.21 786.299 0
3369.6 865.133 0
3370.48 943.957 0
3369.75 1022.76 0
3366.68 1101.48 0
3360.43 1179.99 0
3350.2 1258.06 0
3335.31 1335.38 0
3315.21 1411.53 0
3289.56 1486.05 0
3258.22 1558.45 0
3221.68 1628.5 0
3180.28 1695.92 0
3134.58 1760.69 0
3085.3 1822.92 0
3033.18 1882.97 0
2979.05 1941.35 0
2923.78 1998.74 0
2868.26 2055.94 0
2813.1 2113.51 10.7258
2757.74 2170.99 10.7258
p
13
30
3600 0 0
3607.6 87.4267 0
3615.19 174.853 0
3621.45 262.387 0
3624.78 350.113 0
3625.27 437.933 0
3626.47 525.771 0
3629.96 613.581 0
3636.8 701.214 0
3647.46 788.511 0
3662.97 875.153 0
3683.85 960.782 0
3710.44 1045.01 0
3742.83 1127.45 0
3780.92 1207.77 0
3824.4 1285.73 0
3872.79 1361.25 0
3925.44 1434.4 0
3981.56 1505.43 0
4040.25 1574.81 0
4100.54 1643.17 0
4161.36 1711.29 0
4221.56 1780.08 0
4280.52 1849.96 0
4339.63 1919.97 0
4398.84 1989.93 0
4458.05 2059.89 0
4517.26 2129.85 0
4576.47 2199.8 0
4635.68 2269.76 0
4694.9 2339.72 0
p
14
30
3800 0 0
3798.58 63.5149 0
3797.16 127.03 0
3802.73 190.823 0
3812.09 254.266 0
3827.34 316.89 0
3844.82 378.954 0
3864.59 440.406 0
3886.05 501.299 0
3907.61 562.124 0
3929.06 622.947 0
3950.08 683.888 0
3970.48 745.013 0
3990.22 806.352 0
4009.3 867.916 0
4027.79 929.706 0
4045.76 991.72 0
4063.31 1053.95 0
4080.5 1116.4 0
4097.43 1179.05 0
4114.18 1241.88 0
4130.84 1304.85 0
4147.53 1367.92 0
4164.44 1431.01 0
4181.82 1494.03 0
4200.04 1556.86 0
4219.38 1619.37 0
4240.32 1681.32 0
4264.42 1742.11 0
4292.06 1801.47 0
4322.63 1859.53 0
p
15
30
4000 0 0
4018.56 80.0897 0
4037.12 160.179 0
4056.12 239.986 0
4081.86 318.125 0
4115.27 393.591 0
4152.28 467.656 0
4192.45 540.329 0
4233.61 612.509 0
4272.03 686.01 0
4304.97 761.753 -8.72842
4329.54 840.316 -8.72842
4342.72 921.464 -8.72842
4343.25 1003.81 -8.72842
4329.93 1085.5 0
4305.37 1165.01 0
4275.02 1242.79 0
4247.27 1321.53 0
4228.43 1402.52 0
4224.09 1485.12 0
4237.05 1566.5 0
4266.24 1643.51 0
4310.04 1713.53 0
4364.81 1775.81 0
4426.94 1831.4 0
4493.19 1882.58 0
4560.5 1932.56 0
4625.62 1985.17 0
4684.51 2044.36 13.7891
4732.71 2112.51 13.7891
4771.2 2186.86 13.7891
p
16
30
4200 0 0
4202.44 71.566 0
4204.88 143.132 0
4210.31 214.4 0
4217.57 285.66 0
4227.79 356.684 0
4241.82 427.229 0
4259.37 497.128 0
4279.74 566.321 0
4299.67 635.56 0
4318.01 705.171 8.72842
4334.89 775.221 8.72842
4349.43 845.833 8.72842
4363.02 916.619 8.72842
4376.27 987.432 8.72842
4391.96 1057.8 0
4411.14 1127.48 0
4430.99 1196.89 0
4452.43 1265.83 0
4475.32 1334.26 0
4499.62 1402.18 0
4523.3 1470.33 0
4546.45 1538.73 0
4568.94 1607.46 0
4591.04 1676.43 0
4613.28 1745.44 0
4636.41 1814.19 0
4661.28 1882.36 0
4688.68 1949.6 13.7891
4718.58 2015.94 13.7891
4748.84 2082.38 13.7891
p
17
30
4400 0 0
4404.63 70.2739 0
4409.26 140.548 0
4417.21 210.701 0
4425.58 280.758 0
4435.1 350.707 0
4446.02 420.489 0
4458.18 490.084 0
4471.57 559.476 0
4485.23 628.831 0
4499.14 698.167 0
4513.07 767.545 0
4526.91 837.01 0
4541.18 906.459 0
4555.35 975.994 0
4569.03 1045.62 0
4583 1115.18 0
4596.65 1184.83 0
4610.18 1254.5 0
4623.59 1324.2 0
4636.89 1393.9 0
4650.05 1463.61 0
4663.03 1533.35 0
4675.71 1603.12 0
4687.98 1672.96 0
4699.69 1742.89 0
4710.68 1812.92 0
4720.89 1883.07 0
4730.36 1953.32 -13.7891
4739.48 2023.58 -13.7891
4748.9 2093.79 -13.7891
p
18
30
4600 0 0
4597.77 76.5217 0
4595.54 153.043 0
4592.01 229.51 0
4586.76 305.873 0
4580.3 382.128 0
4575.46 458.527 0
4574.38 535.148 0
4579.38 611.764 0
4587.54 688.115 0
4599.59 764.053 0
4615.15 839.443 0
4633.93 914.174 0
4656.46 987.888 0
4683.35 1060.16 0
4714.23 1130.9 0
4746.9 1200.87 0
4780.28 1270.49 0
4812.75 1340.48 0
4842.66 1411.49 0
4868.34 1483.98 0
4888.24 1558.1 0
4901.04 1633.64 0
4905.84 1710.01 0
4902.26 1786.44 0
4890.84 1862.08 0
4873.44 1936.56 0
4850.75 2009.73 0
4823.73 2081.63 0
4793.56 2152.45 -13.7891
4760.19 2222.24 -13.7891
p
19
30
4800 0 0
4791.66 75.9164 0
4783.31 151.833 0
4773.47 227.569 0
4761.83 303.05 0
4748.15 378.188 0
4733.51 453.101 0
4719.21 527.955 0
4708.83 603.277 0
4704.1 679.287 0
4706.94 755.499 0
4718.35 831.147 0
4738.34 905.362 0
4765.05 977.869 0
4796.68 1048.75 0
4830.82 1118.67 0
4864.92 1188.59 0
4896.45 1259.45 0
4923.21 1331.87 0
4943.44 1405.97 0
4956.18 1481.39 0
4961.39 1557.49 0
4960.08 1633.68 0
4953.68 1709.6 0
4942.03 1784.94 0
4925.27 1859.52 0
4905.49 1933.57 0
4883.3 2007.07 0
4859.93 2080.17 0
4836.25 2153.12 0
4812.53 2226.03 0
p
20
30
5000 0 0
4987.37 61.2169 0
4974.75 122.434 0
4964.6 184.222 0
4957.51 246.571 0
4954.19 309.424 0
4953.59 372.458 0
4955.84 435.65 0
4959.54 498.954 0
4963.11 562.15 0
4966.55 625.367 0
4969.6 688.611 0
4972.19 751.88 0
4974.37 815.169 0
4976.23 878.471 0
4977.91 941.781 0
4979.54 1005.09 0
4981.24 1068.4 0
4983.15 1131.69 0
4985.35 1194.97 0
4987.89 1258.23 0
4990.77 1321.45 0
4993.83 1384.66 0
4996.76 1447.83 0
4998.92 1511 0
4999.23 1574.13 0
4995.93 1637.08 0
4987.61 1699.5 0
4976.28 1761.46 0
4963.08 1822.99 0
4948.67 1884.1 0
p
21
30
5200 0 0
5190.84 95.3287 0
5181.68 190.657 0
5172.51 285.986 0
5163.35 381.315 0
5154.19 476.644 0
5145.03 571.972 0
5135.86 667.301 0
5126.7 762.63 0
5117.54 857.958 0
5108.38 953.287 0
5099.21 1048.62 0
5090.05 1143.94 0
5080.89 1239.27 0
5071.73 1334.6 0
5062.56 1429.93 0
5053.4 1525.26 0
5044.24 1620.59 0
5035.08 1715.92 0
5025.91 1811.25 0
5016.75 1906.57 0
5007.59 2001.9 0
4998.43 2097.23 0
4989.26 2192.56 0
4980.1 2287.89 0
4970.94 2383.22 0
4961.78 2478.55 0
4952.61 2573.88 0
4943.45 2669.2 0
4934.29 2764.53 0
4925.13 2859.86 0
p
22
30
5400 0 0
5408.41 63.2264 0
5416.83 126.453 0
5425.02 189.71 0
5432.95 253.004 0
5440.49 316.348 0
5447.56 379.75 0
5454.04 443.22 0
5460.1 506.732 0
5465.7 570.29 0
5470.88 633.888 0
5475.66 697.521 0
5480.06 761.186 0
5484.12 824.878 0
5487.85 888.595 0
5491.28 952.334 0
5494.43 1016.09 0
5497.32 1079.86 0
5499.98 1143.65 0
5502.42 1207.45 0
5504.66 1271.27 0
5506.72 1335.09 0
5508.62 1398.92 0
5510.38 1462.76 0
5512.01 1526.6 0
5513.53 1590.45 0
5514.96 1654.3 0
5516.31 1718.16 0
5517.62 1782.01 14.1442
5518.95 1845.87 14.1442
5520.34 1909.72 14.1442
p
23
30
5600 0 0
5604.54 67.1159 0
5609.08 134.232 0
5613.65 201.341 0
5618.22 268.446 0
5622.75 335.549 0
5627.16 402.655 0
5631.32 469.772 0
5635 536.92 0
5638.02 604.1 0
5640.16 671.315 0
5641.17 738.559 0
5641.24 805.819 0
5640.28 873.08 0
5638.32 940.33 0
5635.37 1007.55 0
5631.49 1074.74 0
5626.73 1141.89 0
5621.17 1208.99 0
5614.88 1276.04 0
5607.97 1343.03 0
5600.52 1409.98 0
5592.65 1476.89 0
5584.47 1543.77 0
5576.09 1610.63 0
5567.65 1677.49 0
5559.25 1744.34 0
5551 1811.22 -14.1442
5542.95 1878.11 -14.1442
5535.2 1945.02 -14.1442
5527.47 2011.96 -14.1442
p
24
30
5800 0 0
5809.23 69.088 0
5818.46 138.176 0
5826.83 207.385 0
5834.14 276.727 0
5840.01 346.223 0
5844.15 415.871 0
5846.29 485.642 0
5846.44 555.479 0
5844.41 625.327 0
5840.08 695.117 0
5833.3 764.766 0
5825.03 834.268 0
5815.36 903.613 0
5804.58 972.807 0
5792.88 1041.86 0
5780.37 1110.78 0
5767.01 1179.55 0
5752.62 1248.13 0
5738.03 1316.7 0
5723.05 1385.22 0
5707.65 1453.7 0
5691.72 1522.1 0
5675.04 1590.36 0
5657.29 1658.4 0
5638.08 1726.08 0
5616.95 1793.23 0
5593.35 1859.59 0
5567.07 1925.03 14.1442
5538.96 1989.73 14.1442
5508.62 2053.39 14.1442
p
25
30
6000 0 0
5996.55 75.5865 0
5993.1 151.173 0
5989.85 226.766 0
5986.83 302.367 0
5984.11 377.978 0
5981.78 453.601 0
5979.91 529.235 0
5978.74 604.881 0
5978.31 680.532 0
5978.65 756.181 0
5979.63 831.821 0
5980 907.469 0
5979.24 983.112 0
5976.57 1058.71 0
5971.22 1134.16 0
5962.49 1209.31 0
5949.79 1283.92 0
5932.67 1357.67 0
5911.25 1430.35 0
5885.45 1501.67 0
5855.47 1571.45 0
5821.62 1639.54 0
5784.31 1705.92 0
5744.05 1770.68 0
5701.45 1834.04 0
5657.14 1896.31 0
5611.83 1957.92 0
5566.26 2019.37 0
5520.88 2080.99 0
5475.18 2142.41 0
p
26
30
6200 0 0
6195.65 68.044 0
6191.29 136.088 0
6186.94 204.132 0
6182.58 272.176 0
6178.23 340.22 0
6173.87 408.264 0
6169.52 476.308 0
6165.16 544.352 0
6160.81 612.396 0
6156.45 680.44 0
6152.1 748.484 0
6147.74 816.529 0
6143.39 884.573 0
6139.03 952.617 0
6134.68 1020.66 0
6130.32 1088.7 0
6125.97 1156.75 0
6121.61 1224.79 0
6117.26 1292.84 0
6112.9 1360.88 0
6108.55 1428.92 0
6104.19 1496.97 0
6099.84 1565.01 0
6095.48 1633.06 0
6091.13 1701.1 0
6086.78 1769.15 0
6082.42 1837.19 0
6078.07 1905.23 0
6073.71 1973.28 0
6069.36 2041.32 0
p
27
30
6400 0 0
6403.82 87.3199 0
6407.64 174.64 0
6403.7 262.229 0
6397.03 349.702 0
6388.52 437.204 0
6379.1 524.638 0
6371.84 612.265 0
6367.87 699.946 0
6368.32 787.622 0
6374.22 874.981 0
6386.06 961.687 0
6403.96 1047.4 0
6427.65 1131.88 0
6456.5 1214.98 0
6489.62 1296.77 0
6525.86 1377.48 0
6563.92 1457.53 0
6602.43 1537.4 0
6639.95 1617.63 0
6675.14 1698.68 0
6706.75 1780.9 0
6733.73 1864.44 0
6755.34 1949.28 0
6771.75 2035.09 0
6785.8 2121.43 13.774
6799.67 2207.87 13.774
6813.75 2294.29 13.774
6827.89 2380.7 13.774
6842.03 2467.11 0
6856.17 2553.51 0
p
28
30
6600 0 0
6605.6 66.1279 0
6611.21 132.256 0
6618.69 198.361 0
6626.27 264.548 0
6637.98 330.232 0
6644.66 397.312 0
6657.58 463.727 0
6663.79 532.592 0
6672.77 601.523 0
6681.88 671.112 0
6690.68 741.032 0
6699.46 810.827 0
6707.72 880.225 0
6715.32 949.033 0
6722.26 1017.22 0
6728.61 1084.91 0
6734.46 1152.36 0
6739.97 1219.9 0
6745.27 1287.87 0
6750.53 1356.53 0
6755.9 1426.02 0
6761.51 1496.28 0
6767.49 1567.1 0
6773.93 1638.09 0
6780.81 1708.86 0
6788 1779.02 0
6795.09 1848.36 0
6801.27 1916.89 0
6805.08 1984.8 13.774
6805.46 2052.27 13.774
p
29
30
6800 0 0
6797.19 79.8366 0
6794.38 159.673 0
6792.14 239.529 0
6793.87 319.451 0
6798.9 399.325 0
6811.43 478.622 0
6830.12 557.028 0
6856.55 633.592 0
6885.58 709.612 0
6915.78 785.449 0
6945.39 861.606 0
6972.72 938.523 -13.7105
6996.06 1016.51 -13.7105
7014.16 1095.57 -13.7105
7025.95 1175.51 -13.7105
7030.78 1255.91 -13.7105
7028.46 1336.24 -13.7105
7019.12 1415.98 -13.7105
7003.31 1494.71 -13.7105
6982.03 1572.21 -13.7105
6956.71 1648.61 0
6928.98 1724.25 0
6900.82 1799.78 0
6874.41 1875.93 0
6851.99 1953.37 0
6834.84 2032.18 -13.774
6820.27 2111.75 -13.774
6806.08 2191.47 -13.774
6791.77 2271.16 -13.774
6777.4 2350.84 -13.774
p
30
30
7000 0 0
7000.98 78.8965 0
7001.96 157.793 0
7003.22 236.651 0
7004.49 315.526 0
7005.83 394.4 0
7007.21 473.274 0
7008.58 552.148 0
7009.93 631.022 0
7011.22 709.897 0
7012.42 788.773 0
7013.49 867.651 0
7014.41 946.53 13.7105
7015.14 1025.42 13.7105
7015.61 1104.31 13.7105
7015.72 1183.2 13.7105
7015.46 1262.08 13.7105
7014.84 1340.97 13.7105
7013.77 1419.87 13.7105
7012.13 1498.79 13.7105
7010.05 1577.73 13.7105
7007.75 1656.67 0
7005.41 1735.61 0
7003.07 1814.55 0
7000.72 1893.48 0
6998.38 1972.42 0
6996.04 2051.36 0
6993.7 2130.3 0
6991.36 2209.23 0
6989.02 2288.17 0
6986.67 2367.11 0
p
31
30
7200 0 0
7196.95 87.4944 0
7193.9 174.989 0
7190.85 262.483 0
7187.8 349.978 0
7184.75 437.472 0
7181.7 524.967 0
7178.65 612.461 0
7175.6 699.956 0
7172.55 787.45 0
7169.5 874.944 0
7166.45 962.439 0
7163.4 1049.93 0
7160.35 1137.43 0
7157.3 1224.92 0
7154.25 1312.42 0
7151.19 1399.91 0
7148.14 1487.41 0
7145.09 1574.9 0
7142.04 1662.39 0
7138.99 1749.89 0
7135.94 1837.38 0
7132.89 1924.88 0
7129.84 2012.37 0
7126.79 2099.87 0
7123.74 2187.36 0
7120.69 2274.86 0
7117.64 2362.35 0
7114.59 2449.84 0
7111.54 2537.34 0
7108.49 2624.83 0
p
32
30
7400 0 0
7397.06 80.9409 0
7394.12 161.882 0
7391.18 242.823 0
7388.24 323.763 0
7385.3 404.704 0
7382.36 485.645 0
7379.42 566.586 0
7376.48 647.527 0
7373.54 728.468 0
7370.6 809.409 0
7367.66 890.35 0
7364.72 971.29 0
7361.78 1052.23 0
7358.85 1133.17 0
7355.91 1214.11 0
7352.97 1295.05 0
7350.03 1375.99 0
7347.09 1456.94 0
7344.15 1537.88 0
7341.21 1618.82 0
7338.27 1699.76 0
7335.33 1780.7 0
7332.39 1861.64 0
7329.45 1942.58 0
7326.51 2023.52 0
7323.57 2104.46 0
7320.63 2185.4 0
7317.69 2266.34 0
7314.75 2347.29 0
7311.81 2428.23 0
p
33
30
7600 0 0
7603.08 67.1563 0
7606.15 134.313 0
7609.23 201.469 0
7612.3 268.625 0
7615.38 335.781 0
7618.45 402.938 0
7621.53 470.094 0
7624.61 537.25 0
7627.68 604.407 0
7630.76 671.563 0
7633.83 738.719 0
7636.91 805.875 0
7639.99 873.032 0
7643.06 940.188 0
7646.14 1007.34 0
7649.21 1074.5 0
7652.29 1141.66 0
7655.36 1208.81 0
7658.44 1275.97 0
7661.52 1343.13 0
7664.59 1410.28 0
7667.67 1477.44 0
7670.74 1544.59 0
7673.82 1611.75 0
7676.89 1678.91 0
7679.97 1746.06 0
7683.05 1813.22 0
7686.12 1880.38 0
7689.2 1947.53 0
7692.27 2014.69 0
p
34
30
7800 0 0
7804.26 79.8589 0
7808.51 159.718 0
7812.77 239.577 0
7817.03 319.436 0
7821.29 399.295 0
7825.54 479.154 0
7829.8 559.013 0
7834.06 638.872 0
7838.32 718.73 0
7842.57 798.589 0
7846.83 878.448 0
7851.09 958.307 0
7855.35 1038.17 0
7859.6 1118.03 0
7863.86 1197.88 0
7868.12 1277.74 0
7872.38 1357.6 0
7876.63 1437.46 0
7880.89 1517.32 0
7885.15 1597.18 0
7889.41 1677.04 0
7893.66 1756.9 0
7897.92 1836.76 0
7902.18 1916.61 0
7906.43 1996.47 0
7910.69 2076.33 0
7914.95 2156.19 0
7919.21 2236.05 0
7923.46 2315.91 0
7927.72 2395.77 0
p
35
30
8000 0 0
8004.89 84.3084 0
8009.77 168.617 0
8014.67 252.914 0
8020.14 337.178 0
8026.44 421.385 0
8033.93 505.499 0
8042.33 589.535 0
8051.81 673.471 0
8062.39 757.292 0
8074.08 840.986 0
8086.87 924.54 0
8100.76 1007.95 0
8115.75 1091.19 0
8131.8 1174.27 0
8148.9 1257.17 0
8167.02 1339.89 0
8186.11 1422.43 0
8206.12 1504.79 0
8227.02 1586.96 0
8248.75 1668.96 0
8271.24 1750.78 0
8294.43 1832.45 0
8318.24 1913.96 0
8342.61 1995.34 0
8367.45 2076.59 0
8392.67 2157.75 0
8418.21 2238.83 -1.77771
8443.96 2319.86 -1.77771
8469.75 2400.87 0
8495.54 2481.89 0
p
36
30
8200 0 0
8197.79 76.1005 0
8195.58 152.201 0
8194.99 228.371 0
8195.39 304.546 0
8197.15 380.722 0
8200.37 456.874 0
8204.96 532.973 0
8210.57 609.022 0
8217.15 685.012 0
8224.56 760.943 0
8232.67 836.819 0
8241.39 912.643 0
8250.63 988.422 0
8260.31 1064.16 0
8270.39 1139.86 0
8280.82 1215.53 0
8291.56 1291.17 0
8302.61 1366.79 0
8313.94 1442.37 0
8325.55 1517.93 0
8337.44 1593.47 0
8349.63 1668.97 0
8362.12 1744.45 0
8374.93 1819.89 0
8388.08 1895.29 0
8401.58 1970.65 0
8415.44 2045.97 0
8429.69 2121.25 0
8444.2 2196.5 1.77771
8458.66 2271.76 1.77771
p
37
30
8400 0 0
8400.04 70.1128 0
8400.07 140.226 0
8400.49 210.331 0
8400.99 280.44 0
8401.66 350.549 0
8402.5 420.658 0
8403.51 490.767 0
8404.67 560.876 0
8405.98 630.985 0
8407.43 701.093 0
8409.02 771.202 0
8410.74 841.31 0
8412.59 911.419 0
8414.55 981.527 0
8416.63 1051.64 0
8418.82 1121.74 0
8421.11 1191.85 0
8423.49 1261.96 0
8425.96 1332.07 0
8428.52 1402.18 0
8431.15 1472.28 0
8433.85 1542.39 0
8436.61 1612.5 0
8439.43 1682.61 0
8442.31 1752.72 0
8445.23 1822.82 0
8448.19 1892.93 0
8451.18 1963.04 0
8454.2 2033.15 0
8457.24 2103.25 0
p
38
30
8600 0 0
8606.19 69.7133 0
8612.37 139.427 0
8618.56 209.14 0
8624.74 278.853 0
8630.93 348.566 0
8637.11 418.28 0
8643.3 487.993 0
8649.49 557.706 0
8655.67 627.42 0
8661.86 697.133 0
8668.04 766.846 0
8674.23 836.56 0
8680.41 906.273 0
8686.6 975.986 0
8692.79 1045.7 0
8698.97 1115.41 0
8705.16 1185.13 0
8711.34 1254.84 0
8717.53 1324.55 0
8723.72 1394.27 0
8729.9 1463.98 0
8736.09 1533.69 0
8742.27 1603.41 0
8748.46 1673.12 0
8754.64 1742.83 0
8760.83 1812.55 0
8767.02 1882.26 0
8773.2 1951.97 0
8779.39 2021.69 0
8785.57 2091.4 0
p
39
30
8800 0 0
8804.97 90.2735 0
8809.95 180.547 0
8814.92 270.821 0
8819.9 361.094 0
8824.87 451.368 0
8829.84 541.641 0
8834.82 631.915 0
8839.79 722.188 0
8844.77 812.462 0
8849.74 902.735 0
8854.72 993.009 0
8859.69 1083.28 0
8864.66 1173.56 0
8869.64 1263.83 0
8874.61 1354.1 0
8879.59 1444.38 0
8884.56 1534.65 0
8889.53 1624.92 0
8894.51 1715.2 0
8899.48 1805.47 0
8904.46 1895.74 0
8909.43 1986.02 0
8914.41 2076.29 0
8919.38 2166.56 0
8924.35 2256.84 0
8929.33 2347.11 0
8934.3 2437.39 0
8939.28 2527.66 0
8944.25 2617.93 0
8949.22 2708.21 0
p
40
30
9000 0 0
9002.84 58.3981 0
9005.69 116.796 0
9008.53 175.194 0
9011.37 233.592 0
9014.22 291.99 0
9017.06 350.389 0
9019.9 408.787 0
9022.75 467.185 0
9025.59 525.583 0
9028.43 583.981 0
9031.28 642.379 0
9034.12 700.777 0
9036.96 759.175 0
9039.81 817.573 0
9042.65 875.971 0
9045.49 934.369 0
9048.34 992.768 0
9051.18 1051.17 0
9054.02 1109.56 0
9056.87 1167.96 0
9059.71 1226.36 0
9062.55 1284.76 0
9065.4 1343.16 0
9068.24 1401.55 0
9071.08 1459.95 0
9073.93 1518.35 0
9076.77 1576.75 0
9079.61 1635.15 0
9082.46 1693.54 0
9085.3 1751.94 0
p
41
30
9200 0 0
9202.75 74.2309 0
9205.51 148.462 0
9208.26 222.693 0
9211.01 296.924 0
9213.77 371.154 0
9216.52 445.385 0
9219.28 519.616 0
9222.03 593.847 0
9224.78 668.078 0
9227.54 742.309 0
9230.29 816.54 0
9233.04 890.771 0
9235.8 965.002 0
9238.55 1039.23 0
9241.31 1113.46 0
9244.06 1187.69 0
9246.81 1261.93 0
9249.57 1336.16 0
9252.32 1410.39 0
9255.07 1484.62 0
9257.83 1558.85 0
9260.58 1633.08 0
9263.33 1707.31 0
9266.09 1781.54 0
9268.84 1855.77 0
9271.6 1930 0
9274.35 2004.23 0
9277.1 2078.47 0
9279.86 2152.7 0
9282.61 2226.93 0
p
42
30
9400 0 0
9405.5 79.2756 0
9410.99 158.551 0
9416.49 237.827 0
9421.99 317.102 0
9427.49 396.378 0
9432.98 475.654 0
9438.48 554.929 0
9443.98 634.205 0
9449.48 713.48 0
9454.97 792.756 0
9460.47 872.032 0
9465.97 951.307 0
9471.47 1030.58 0
9476.96 1109.86 0
9482.46 1189.13 0
9487.96 1268.41 0
9493.46 1347.69 0
9498.95 1426.96 0
9504.45 1506.24 0
9509.95 1585.51 0
9515.45 1664.79 0
9520.94 1744.06 0
9526.44 1823.34 0
9531.94 1902.61 0
9537.44 1981.89 0
9542.93 2061.17 0
9548.43 2140.44 0
9553.93 2219.72 0
9559.43 2298.99 0
9564.92 2378.27 0
p
43
30
9600 0 0
9602.05 79.1401 0
9604.1 158.28 0
9605.97 237.423 0
9607.65 316.568 0
9609.14 395.717 0
9610.44 474.866 0
9611.65 554.016 0
9612.88 633.163 0
9614.3 712.304 0
9616.14 791.434 0
9618.68 870.542 0
9622.2 949.611 0
9627.03 1028.61 0
9633.5 1107.5 0
9641.94 1186.21 0
9652.64 1264.66 0
9665.88 1342.74 0
9681.88 1420.34 0
9700.82 1497.32 0
9722.8 1573.53 0
9747.91 1648.84 0
9776.55 1722.95 0
9808.76 1795.67 0
9844.55 1866.8 0
9883.82 1936.17 0
9926.34 2003.7 0
9971.79 2069.39 0
10019.7 2133.38 0
10069.5 2196.03 0
10120.1 2258.15 0
p
44
30
9800 0 0
9786.48 74.4822 0
9772.97 148.964 0
9760.01 223.55 0
9747.76 298.26 0
9736.48 373.129 0
9726.43 448.184 0
9717.84 523.434 0
9710.92 598.876 0
9705.89 674.489 0
9702.89 750.237 0
9702.07 826.07 0
9703.51 901.926 0
9707.3 977.738 0
9713.49 1053.43 0
9722.1 1128.92 0
9733.18 1204.14 0
9746.75 1278.98 0
9762.87 1353.37 0
9781.65 1427.17 0
9803.22 1500.27 0
9827.64 1572.52 0
9853.93 1644.17 0
9882.05 1715.17 0
9911.7 1785.6 0
9942.67 1855.51 0
9974.75 1924.96 0
10007.8 1994 0
10041.6 2062.7 0
10076 2131.11 0
10110.8 2199.32 0
p
45
30
10000 0 0
10015.5 81.6078 0
10031 163.216 0
10046.5 244.823 0
10062 326.431 0
10077.6 408.039 0
10093.1 489.647 0
10108.6 571.254 0
10124.1 652.862 0
10139.6 734.47 0
10155.1 816.078 0
10170.6 897.686 0
10186.1 979.293 0
10201.7 1060.9 0
10217.2 1142.51 0
10232.7 1224.12 0
10248.2 1305.72 0
10263.7 1387.33 0
10279.2 1468.94 0
10294.7 1550.55 0
10310.2 1632.16 0
10325.7 1713.76 0
10341.3 1795.37 0
10356.8 1876.98 0
10372.3 1958.59 0
10387.8 2040.19 0
10403.3 2121.8 0
10418.8 2203.41 0
10434.3 2285.02 0
10449.8 2366.63 0
10465.4 2448.23 0
p
46
30
10200 0 0
10212.5 75.6325 0
10225 151.265 0
10237.4 226.92 0
10249.6 302.603 0
10261.5 378.321 0
10273.2 454.076 0
10284.6 529.868 0
10296 605.662 0
10307.5 681.439 0
10319.3 757.169 0
10331.5 832.817 0
10344.6 908.333 0
10358.4 983.701 0
10373.3 1058.88 0
10389.3 1133.83 0
10406.6 1208.51 0
10425.1 1282.88 0
10445.1 1356.91 0
10466.5 1430.55 0
10489.3 1503.77 0
10513.7 1576.53 0
10539.7 1648.77 0
10567.2 1720.46 0
10597.4 1791.13 0
10630.4 1860.58 0
10666.6 1928.49 0
10706.1 1994.57 0
10748.9 2058.58 0
10795.1 2120.33 -8.3161
10844 2179.99 -8.3161
p
47
30
10400 0 0
10393.1 73.6129 0
10386.2 147.226 0
10380.2 220.929 0
10375.4 294.725 0
10372 368.622 0
10370.5 442.604 0
10371 516.632 0
10373.8 590.645 0
10378.9 664.572 0
10386.4 738.335 0
10396.4 811.848 0
10408.5 885.077 0
10422.5 958.002 0
10438.2 1030.61 0
10455.4 1102.91 0
10473.8 1174.89 0
10493.5 1246.57 0
10514.4 1317.92 0
10536.4 1388.94 0
10559.6 1459.57 0
10584.4 1529.72 0
10610.9 1599.24 0
10639.7 1667.89 0
10669.1 1736.3 0
10699.2 1804.44 0
10729.5 1872.48 0
10759.6 1940.59 0
10789 2008.98 0
10817.1 2077.89 8.3161
10843.6 2147.42 8.3161
p
48
30
10600 0 0
10598.9 70.7511 0
10597.9 141.502 0
10597 212.256 0
10596.4 283.013 0
10596.2 353.774 0
10596.5 424.536 0
10597.4 495.296 0
10599.2 566.044 0
10601.9 636.765 0
10605.7 707.442 0
10610.8 778.047 0
10617 848.582 0
10624.2 919.026 0
10632.5 989.369 0
10641.7 1059.6 0
10652 1129.72 0
10663.1 1199.71 0
10675.2 1269.58 0
10688.1 1339.31 0
10701.8 1408.9 0
10716.3 1478.36 0
10731.6 1547.68 0
10747.5 1616.86 0
10764.1 1685.91 0
10781.4 1754.82 0
10799.2 1823.6 -11.523
10817.5 1892.28 -11.523
10836.2 1960.87 -11.523
10855.3 2029.34 -11.523
10874.8 2097.73 -11.523
p
49
30
10800 0 0
10796.3 66.9231 0
10792.7 133.846 0
10789.3 200.782 0
10786.1 267.731 0
10783.4 334.699 0
10781.2 401.686 0
10779.6 468.694 0
10778.6 535.715 0
10778.1 602.748 0
10778 669.787 0
10778.5 736.831 0
10779.5 803.876 0
10780.8 870.919 0
10782.6 937.959 0
10784.8 1004.99 0
10787.3 1072.02 0
10790.2 1139.05 0
10793.3 1206.06 0
10796.7 1273.07 0
10800.4 1340.07 0
10804.3 1407.06 0
10808.3 1474.04 0
10812.5 1541.02 0
10816.9 1608 0
10821.3 1674.97 0
10825.9 1741.93 0
10830.4 1808.9 11.523
10835 1875.86 11.523
10839.6 1942.82 11.523
10844.3 2009.78 11.523
p
50
30
11000 0 0
10999.9 82.5838 0
10999.8 165.168 0
10999.7 247.752 0
10999.7 330.335 0
10999.6 412.919 0
10999.5 495.503 0
10999.4 578.087 0
10999.3 660.671 0
10999.2 743.255 0
10999.2 825.838 0
10999.1 908.422 0
10999 991.006 0
10998.9 1073.59 0
10998.8 1156.17 0
10998.7 1238.76 0
10998.7 1321.34 0
10998.6 1403.93 0
10998.5 1486.51 0
10998.4 1569.09 0
10998.3 1651.68 0
10998.2 1734.26 0
10998.1 1816.84 0
10998.1 1899.43 0
10998 1982.01 0
10997.9 2064.6 0
10997.8 2147.18 0
10997.7 2229.76 0
10997.6 2312.35 0
10997.6 2394.93 0
10997.5 2477.52 0
p
51
30
11200 0 0
11210.7 82.799 0
11221.3 165.598 0
11231.2 248.494 0
11239.9 331.527 0
11246.7 414.746 0
11251.1 498.157 0
11252.4 581.715 0
11250.3 665.317 0
11244.7 748.83 0
11235.6 832.114 0
11223.2 915.056 0
11207.9 997.592 0
11190.5 1079.73 0
11172.5 1161.79 0
11155.3 1243.98 0
11140.3 1326.55 0
11128.7 1409.6 0
11122 1493.09 0
11121.1 1576.78 0
11126.9 1660.21 0
11140 1742.79 0
11160.5 1823.88 0
11188.2 1902.88 0
11222.5 1979.34 0
11262.4 2053.2 0
11306.6 2124.7 0
11353.6 2194.56 0
11401.7 2263.86 0
11449.9 2333.23 22.6193
11500 2401.54 22.6193
p
52
30
11400 0 0
11389.1 76.8046 0
11378.2 153.609 0
11368.8 230.659 0
11361.3 307.957 0
11356.3 385.512 0
11354 463.283 0
11354.7 541.185 0
11358 619.123 0
11363.3 697.05 0
11369.8 774.976 0
11377 852.937 0
11384.5 930.97 0
11392.1 1009.09 0
11398.6 1087.35 0
11404.2 1165.71 0
11408.8 1244.14 0
11412.6 1322.63 0
11415.6 1401.18 0
11417.8 1479.79 0
11419.3 1558.51 0
11420.3 1637.38 0
11421 1716.44 0
11422.2 1795.72 0
11425.3 1875.19 0
11428.3 1954.78 0
11432.6 2034.33 0
11439.4 2113.6 0
11450.1 2192.2 0
11466.3 2269.5 -2.76948
11488.5 2345.05 -2.76948
p
53
30
11600 0 0
11606.9 83.719 0
11613.8 167.438 0
11620.5 251.17 0
11626.7 334.932 0
11632.2 418.743 0
11636.7 502.618 0
11639.7 586.558 0
11641.2 670.551 0
11641 754.572 0
11639 838.592 0
11635.3 922.576 0
11629.9 1006.5 0
11622.9 1090.33 0
11614.7 1174.08 0
11605.4 1257.73 0
11595.2 1341.31 0
11584.5 1424.83 0
11573.5 1508.33 0
11562.6 1591.82 0
11552 1675.35 0
11542.1 1758.94 0
11533.1 1842.6 0
11525.3 1926.36 0
11519 2010.22 0
11514.4 2094.15 0
11511.8 2178.14 0
11511.2 2262.13 0
11512.5 2346.11 0
11514.2 2430.09 0
11515.6 2514.09 0
p
54
30
11800 0 0
11799.3 74.3194 0
11798.5 148.639 0
11797.8 222.958 0
11797.1 297.278 0
11796.3 371.597 0
11795.6 445.916 0
11794.9 520.236 0
11794.1 594.555 0
11793.4 668.875 0
11792.6 743.194 0
11791.9 817.513 0
11791.2 891.833 0
11790.4 966.152 0
11789.7 1040.47 0
11789 1114.79 0
11788.2 1189.11 0
11787.5 1263.43 0
11786.8 1337.75 0
11786 1412.07 0
11785.3 1486.39 0
11784.6 1560.71 0
11783.8 1635.03 0
11783.1 1709.35 0
11782.3 1783.67 0
11781.6 1857.99 0
11780.9 1932.3 0
11780.1 2006.62 0
11779.4 2080.94 0
11778.7 2155.26 0
11777.9 2229.58 0
p
55
30
12000 0 0
12002.7 73.6872 0
12005.5 147.374 0
12007.4 221.07 0
12008.4 294.768 0
12008.3 368.447 0
12007.2 442.076 0
12005.3 515.634 0
12002.4 589.166 0
11999 662.713 0
11995.4 736.25 0
11992 809.79 0
11989.1 883.341 0
11987.2 956.909 0
11986.6 1030.49 0
11987.6 1104.05 0
11990.7 1177.56 0
11995.9 1250.96 0
12003.4 1324.18 0
12013.3 1397.18 0
12025.5 1469.88 0
12039.7 1542.26 0
12055.9 1614.32 0
12073.4 1686.09 0
12091.9 1757.66 0
12110.8 1829.14 0
12129.3 1900.67 0
12146.9 1972.39 0
12162.7 2044.45 0
12176.8 2116.8 -4.03918
12191.3 2189.22 -4.03918
p
56
30
12200 0 0
12203.8 65.8913 0
12207.5 131.783 0
12211 197.728 0
12214.2 263.732 0
12216.8 329.824 0
12218.5 396.053 0
12218.6 462.482 0
12216.4 529.002 0
12214.8 595.493 0
12213.2 662.04 0
12212 728.626 0
12211 795.23 0
12210.6 861.834 0
12210.5 928.428 0
12210.7 995.007 0
12211.1 1061.57 0
12211.6 1128.13 0
12212.1 1194.7 0
12212.6 1261.29 0
12213.1 1327.91 0
12213.6 1394.58 0
12214 1461.29 0
12214.4 1528.04 0
12214.7 1594.83 0
12214.7 1661.62 0
12214.3 1728.42 0
12213.1 1795.18 0
12210.5 1861.86 0
12205.5 1928.36 0
12197.7 1994.49 0
p
57
30
12400 0 0
12394.8 72.4187 0
12389.7 144.837 0
12385.4 217.312 0
12382.8 289.869 0
12383 362.496 0
12387.1 435.063 0
12396.1 507.279 0
12408.8 579.042 0
12423.5 650.578 0
12439 722.001 0
12454 793.557 0
12467.2 865.444 0
12477.7 937.678 0
12484.7 1010.24 0
12487.5 1082.97 0
12485.6 1155.64 0
12479 1227.96 0
12467.6 1299.68 0
12451.7 1370.55 0
12431.7 1440.46 0
12408.4 1509.39 0
12382.6 1577.48 0
12355.1 1645 0
12327.1 1712.3 0
12299.5 1779.79 0
12273.4 1847.88 0
12250.1 1916.92 0
12230.5 1987.06 0
12215.2 2058.4 4.03918
12205.3 2130.82 4.03918
p
58
30
12600 0 0
12608.9 81.8534 0
12617.9 163.707 0
12626.3 245.618 0
12634.1 327.598 0
12641 409.663 0
12646.7 491.823 0
12651.2 574.077 0
12654.1 656.414 0
12655.3 738.812 0
12655.3 821.236 0
12653.8 903.67 0
12651.2 986.095 0
12647.3 1068.5 0
12642.3 1150.87 0
12636.3 1233.19 0
12629.4 1315.47 0
12621.5 1397.69 0
12612.8 1479.85 0
12603.3 1561.95 0
12593.1 1643.98 0
12582.1 1725.95 0
12570.5 1807.85 0
12558.3 1889.68 0
12545.5 1971.44 0
12532.1 2053.14 0
12518.2 2134.77 0
12503.8 2216.33 0
12488.9 2297.82 0
12473.5 2379.25 0
12457.8 2460.62 0
p
59
30
12800 0 0
12801.7 88.1209 0
12803.4 176.242 0
12805.2 264.357 0
12807 352.471 0
12808.6 440.586 0
12809.7 528.706 0
12810.1 616.831 0
12809.3 704.955 0
12807.1 793.059 0
12803.6 881.132 0
12798.6 969.146 0
12792 1057.07 0
12783.7 1144.89 0
12773.8 1232.56 0
12762.2 1320.07 0
12749.1 1407.38 0
12734.3 1494.48 0
12718 1581.35 0
12700.2 1667.98 0
12681.1 1754.37 0
12660.8 1840.53 0
12639.3 1926.45 0
12616.9 2012.17 0
12593.7 2097.71 0
12569.8 2183.1 0
12545.5 2268.38 0
12521 2353.61 0
12496.3 2438.8 0
12471.6 2524.02 0
12447 2609.22 0
p
60
30
13000 0 0
13006.2 76.9655 0
13012.3 153.931 0
13018.5 230.896 0
13024.7 307.862 0
13030.8 384.827 0
13037 461.793 0
13043.2 538.758 0
13049.4 615.724 0
13055.5 692.689 0
13061.7 769.655 0
13067.9 846.62 0
13074 923.585 0
13080.2 1000.55 0
13086.4 1077.52 0
13092.5 1154.48 0
13098.7 1231.45 0
13104.9 1308.41 0
13111 1385.38 0
13117.2 1462.34 0
13123.4 1539.31 0
13129.5 1616.27 0
13135.7 1693.24 0
13141.9 1770.21 0
13148.1 1847.17 0
13154.2 1924.14 0
13160.4 2001.1 0
13166.6 2078.07 0
13172.7 2155.03 0
13178.9 2232 0
13185.1 2308.96 0
p
61
30
13200 0 0
13202.9 84.1054 0
13205.9 168.211 0
13208.8 252.316 0
13211.8 336.422 0
13214.7 420.527 0
13217.6 504.632 0
13220.6 588.738 0
13223.5 672.843 0
13226.5 756.948 0
13229.4 841.054 0
13232.4 925.159 0
13235.3 1009.26 0
13238.2 1093.37 0
13241.2 1177.48 0
13244.1 1261.58 0
13247.1 1345.69 0
13250 1429.79 0
13252.9 1513.9 0
13255.9 1598 0
13258.8 1682.11 0
13261.8 1766.21 0
13264.7 1850.32 0
13267.6 1934.42 0
13270.6 2018.53 0
13273.5 2102.63 0
13276.5 2186.74 0
13279.4 2270.85 0
13282.3 2354.95 0
13285.3 2439.06 0
13288.2 2523.16 0
p
62
30
13400 0 0
13400.4 67.2566 0
13400.8 134.513 0
13401.2 201.77 0
13401.6 269.026 0
13402 336.283 0
13402.4 403.539 0
13402.8 470.796 0
13403.2 538.052 0
13403.6 605.309 0
13404 672.566 0
13404.4 739.822 0
13404.8 807.079 0
13405.2 874.335 0
13405.6 941.592 0
13406 1008.85 0
13406.4 1076.1 0
13406.8 1143.36 0
13407.2 1210.62 0
13407.6 1277.87 0
13408 1345.13 0
13408.4 1412.39 0
13408.8 1479.64 0
13409.2 1546.9 0
13409.6 1614.16 0
13410 1681.41 0
13410.4 1748.67 0
13410.8 1815.93 0
13411.2 1883.18 0
13411.6 1950.44 0
13412 2017.7 0
p
63
30
13600 0 0
13605.5 81.5771 0
13611 163.154 0
13616.5 244.731 0
13622 326.309 0
13627.5 407.886 0
13633 489.463 0
13638.5 571.04 0
13644.1 652.617 0
13649.6 734.194 0
13655.1 815.771 0
13660.6 897.349 0
13666.1 978.926 0
13671.6 1060.5 0
13677.1 1142.08 0
13682.6 1223.66 0
13688.1 1305.23 0
13693.6 1386.81 0
13699.1 1468.39 0
13704.6 1549.97 0
13710.1 1631.54 0
13715.6 1713.12 0
13721.1 1794.7 0
13726.7 1876.27 0
13732.2 1957.85 0
13737.7 2039.43 0
13743.2 2121.01 0
13748.7 2202.58 0
13754.2 2284.16 0
13759.7 2365.74 0
13765.2 2447.31 0
p
64
30
13800 0 0
13802 71.4919 0
13804 142.984 0
13806.1 214.476 0
13808.1 285.968 0
13810.1 357.46 0
13812.1 428.952 0
13814.2 500.443 0
13816.2 571.935 0
13818.2 643.427 0
13820.2 714.919 0
13822.2 786.411 0
13824.3 857.903 0
13826.3 929.395 0
13828.3 1000.89 0
13830.3 1072.38 0
13832.4 1143.87 0
13834.4 1215.36 0
13836.4 1286.85 0
13838.4 1358.35 0
13840.4 1429.84 0
13842.5 1501.33 0
13844.5 1572.82 0
13846.5 1644.31 0
13848.5 1715.81 0
13850.6 1787.3 0
13852.6 1858.79 0
13854.6 1930.28 0
13856.6 2001.77 0
13858.6 2073.27 0
13860.7 2144.76 0
p
65
30
14000 0 0
14001 72.0271 0
14001.9 144.054 0
14002.9 216.081 0
14003.9 288.108 0
14004.8 360.136 0
14005.8 432.163 0
14006.8 504.19 0
14007.7 576.217 0
14008.7 648.244 0
14009.7 720.271 0
14010.6 792.298 0
14011.6 864.325 0
14012.6 936.353 0
14013.5 1008.38 0
14014.5 1080.41 0
14015.5 1152.43 0
14016.4 1224.46 0
14017.4 1296.49 0
14018.4 1368.52 0
14019.3 1440.54 0
14020.3 1512.57 0
14021.3 1584.6 0
14022.2 1656.62 0
14023.2 1728.65 0
14024.2 1800.68 0
14025.1 1872.71 0
14026.1 1944.73 0
14027.1 2016.76 0
14028 2088.79 0
14029 2160.81 0
p
66
30
14200 0 0
14198.4 87.0552 0
14196.9 174.11 0
14195.3 261.166 0
14193.8 348.221 0
14192.2 435.276 0
14190.6 522.331 0
14189.1 609.386 0
14187.5 696.441 0
14186 783.497 0
14184.4 870.552 0
14182.8 957.607 0
14181.3 1044.66 0
14179.7 1131.72 0
14178.2 1218.77 0
14176.6 1305.83 0
14175 1392.88 0
14173.5 1479.94 0
14171.9 1566.99 0
14170.4 1654.05 0
14168.8 1741.1 0
14167.2 1828.16 0
14165.7 1915.21 0
14164.1 2002.27 0
14162.6 2089.32 0
14161 2176.38 0
14159.4 2263.43 0
14157.9 2350.49 0
14156.3 2437.54 0
14154.8 2524.6 0
14153.2 2611.66 0
p
67
30
14400 0 0
14394.7 71.4725 0
14389.4 142.945 0
14384.1 214.418 0
14378.9 285.89 0
14373.6 357.363 0
14368.3 428.835 0
14363 500.308 0
14357.7 571.78 0
14352.4 643.253 0
14347.1 714.725 0
14341.9 786.198 0
14336.6 857.671 0
14331.3 929.143 0
14326 1000.62 0
14320.7 1072.09 0
14315.4 1143.56 0
14310.2 1215.03 0
14304.9 1286.51 0
14299.6 1357.98 0
14294.3 1429.45 0
14289 1500.92 0
14283.7 1572.4 0
14278.4 1643.87 0
14273.2 1715.34 0
14267.9 1786.81 0
14262.6 1858.29 0
14257.3 1929.76 0
14252 2001.23 0
14246.7 2072.7 0
14241.4 2144.18 0
p
68
30
14600 0 0
14607.6 80.4194 0
14615.1 160.839 0
14624.9 240.994 0
14638.4 320.69 0
14656.7 399.525 0
14678.3 477.609 0
14701.2 555.488 0
14724.7 633.258 0
14748.8 710.883 0
14771.7 788.782 0
14792.5 867.209 0
14810.1 946.243 -11.237
14824.2 1025.89 -11.237
14833.6 1106.12 -11.237
14837.8 1186.79 -11.237
14836.6 1267.63 -11.237
14830.2 1348.32 -11.237
14818.9 1428.63 -11.237
14803.3 1508.38 -11.237
14784.2 1587.56 -11.237
14762.6 1666.24 0
14739.5 1744.57 0
14716 1822.76 0
14693.2 1901.1 0
14672.4 1979.87 0
14655 2059.33 0
14642.2 2139.66 0
14635.2 2220.88 0
14634.5 2302.9 -10.6375
14637.1 2385.44 -10.6375
p
69
30
14800 0 0
14798.9 66.9832 0
14797.8 133.966 0
14799.3 201.063 0
14801.2 268.18 0
14803.7 335.403 0
14806.9 402.698 0
14810.5 469.969 0
14814.5 537.259 0
14818.5 604.561 0
14822.5 671.869 0
14826.2 739.174 0
14829.5 806.468 0
14832.1 873.743 0
14833.9 941.007 11.237
14835.1 1008.26 11.237
14835.6 1075.48 11.237
14835.1 1142.64 11.237
14833.6 1209.74 11.237
14831.3 1276.8 11.237
14828 1343.83 11.237
14824.1 1410.85 11.237
14819.5 1477.86 11.237
14814.4 1544.86 11.237
14808.9 1611.84 11.237
14803.2 1678.79 0
14797.1 1745.73 0
14790.6 1812.64 0
14783.9 1879.53 0
14777.1 1946.42 8.58895
14770.3 2013.25 8.58895
p
70
30
15000 0 0
15007 72.557 0
15013.9 145.114 0
15022.8 217.485 0
15031.9 289.828 0
15042 362.058 0
15052.8 434.191 0
15063.3 506.411 0
15073 578.769 0
15079.8 651.52 0
15082 724.704 0
15081.6 797.923 0
15078 871.106 0
15071.5 944.111 0
15062.3 1016.83 0
15050.6 1089.19 0
15036.6 1161.15 0
15021.1 1232.84 0
15004.4 1304.28 0
14986.7 1375.53 0
14968 1446.62 0
14948.5 1517.57 0
14928.3 1588.38 0
14907.3 1659.02 0
14885.6 1729.48 0
14863 1799.7 0
14839.7 1869.68 0
14815.5 1939.38 -8.58895
14790.7 2008.87 -8.58895
14766 2078.39 -8.58895
14741 2148.02 -8.58895
p
71
30
15200 0 0
15196.1 84.0593 0
15192.1 168.119 0
15190 252.259 0
15189.1 336.43 0
15190.6 420.618 0
15195 504.744 0
15201.7 588.763 0
15210.1 672.687 0
15221.8 756.258 0
15237 839.307 0
15251.8 922.464 0
15265.3 1005.82 0
15275.8 1089.58 0
15281.6 1173.73 0
15281.4 1258.01 0
15274.2 1341.95 0
15258.9 1424.85 0
15235.4 1505.88 0
15203.6 1584.23 0
15164.1 1659.27 0
15117.8 1730.68 0
15066.2 1798.6 0
15010.7 1863.64 0
14953 1926.92 0
14894.9 1989.93 0
14838.5 2054.41 0
14785.2 2121.44 8.58895
14734.7 2190.77 8.58895
14689.3 2263.81 10.6375
14646.1 2338.31 10.6375
p
72
30
15400 0 0
15400.4 60.5404 0
15400.7 121.081 0
15401.1 181.621 0
15401.4 242.162 0
15401.8 302.702 0
15402.1 363.242 0
15402.5 423.783 0
15402.8 484.323 0
15403.2 544.863 0
15403.5 605.404 0
15403.9 665.944 0
15404.2 726.485 0
15404.6 787.025 0
15404.9 847.565 0
15405.3 908.106 0
15405.6 968.646 0
15406 1029.19 0
15406.3 1089.73 0
15406.7 1150.27 0
15407 1210.81 0
15407.4 1271.35 0
15407.7 1331.89 0
15408.1 1392.43 0
15408.4 1452.97 0
15408.8 1513.51 0
15409.1 1574.05 0
15409.5 1634.59 0
15409.8 1695.13 0
15410.2 1755.67 0
15410.5 1816.21 0
p
73
30
15600 0 0
15598.8 71.1617 0
15597.7 142.323 0
15596.5 213.485 0
15595.4 284.647 0
15594.2 355.808 0
15593 426.97 0
15591.9 498.132 0
15590.7 569.293 0
15589.6 640.455 0
15588.4 711.617 0
15587.2 782.778 0
15586.1 853.94 0
15584.9 925.102 0
15583.8 996.263 0
15582.6 1067.42 0
15581.5 1138.59 0
15580.3 1209.75 0
15579.1 1280.91 0
15578 1352.07 0
15576.8 1423.23 0
15575.7 1494.39 0
15574.5 1565.56 0
15573.3 1636.72 0
15572.2 1707.88 0
15571 1779.04 0
15569.9 1850.2 0
15568.7 1921.36 0
15567.5 1992.53 0
15566.4 2063.69 0
15565.2 2134.85 0
p
74
30
15800 0 0
15809 79.074 0
15817.9 158.148 0
15826.9 237.222 0
15835.8 316.293 0
15844.9 395.351 0
15854.2 474.384 0
15863.9 553.373 0
15874.1 632.29 0
15885.1 711.096 0
15897.3 789.739 0
15910.9 868.145 0
15926.4 946.218 0
15944.1 1023.83 0
15964.4 1100.84 0
15987.7 1177.04 0
16014.2 1252.23 0
16044.1 1326.17 0
16077.2 1398.84 0
16113.4 1470.06 0
16152.7 1539.76 0
16194.8 1607.91 0
16239.4 1674.5 0
16286.5 1739.58 0
16335.5 1803.22 0
16386.3 1865.58 0
16438.6 1926.81 0
16492 1987.15 0
16546.2 2046.83 0
16600.9 2106.12 0
16655.7 2165.26 0
p
75
30
16000 0 0
15996.9 73.8801 0
15993.7 147.76 0
15991.4 221.677 0
15990.1 295.626 0
15990.1 369.6 0
15991.8 443.574 0
15995.4 517.503 0
16001.2 591.326 0
16009.3 664.966 0
16019.9 738.336 0
16033 811.345 0
16048.5 883.907 0
16066.6 955.942 0
16087 1027.38 0
16109.9 1098.14 0
16135 1168.15 0
16162.6 1237.3 0
16191.6 1305.9 0
16222.1 1373.92 0
16253.8 1441.43 0
16286.5 1508.48 0
16320.2 1575.09 0
16354.8 1641.29 0
16390.3 1707.05 0
16426.7 1772.36 0
16464 1837.17 0
16502.4 1901.44 0
16541.8 1965.11 0
16582.4 2028.1 0
16624 2090.46 0
p
76
30
16200 0 0
16207.9 81.2518 0
16215.7 162.504 0
16223.3 243.78 0
16230.5 325.087 0
16237.3 406.433 0
16243.6 487.822 0
16249.2 569.258 0
16254.1 650.737 0
16258.3 732.254 0
16261.9 813.8 0
16264.9 895.365 0
16268.1 976.918 0
16272.1 1058.43 0
16277.5 1139.85 0
16285.2 1221.09 0
16295.8 1301.99 0
16310.1 1382.33 0
16328.9 1461.78 0
16352.6 1539.95 0
16381.5 1616.4 0
16416 1690.67 0
16456 1762.21 0
16501.5 1830.65 0
16551.9 1895.73 0
16606.5 1957.51 0
16664.6 2016.29 0
16725.1 2072.77 0
16786.8 2127.95 0
16848.9 2182.83 0
16911.2 2237.6 0
p
77
30
16400 0 0
16391.9 75.9777 0
16383.8 151.955 0
16376.2 227.981 0
16369.1 304.064 0
16362.8 380.221 0
16357.5 456.464 0
16353.5 532.794 0
16351 609.202 0
16350.3 685.668 0
16351.5 762.151 0
16355.1 838.593 0
16361 914.924 0
16369.2 991.064 0
16380.1 1066.93 0
16393.4 1142.43 0
16409.4 1217.46 0
16428.1 1291.92 0
16449.5 1365.71 0
16473.7 1438.68 0
16500.9 1510.65 0
16531.4 1581.4 0
16563.9 1651.3 0
16598.6 1720.26 0
16635.1 1788.33 0
16673.4 1855.53 0
16713.3 1921.85 0
16754.8 1987.27 0
16797.9 2051.73 0
16842.6 2115.16 0
16888.7 2177.62 0
p
78
30
16600 0 0
16601.9 70.2439 0
16603.8 140.488 0
16605.8 210.729 0
16608 280.966 0
16610.3 351.198 0
16612.9 421.42 0
16615.9 491.628 0
16619.3 561.818 0
16623.3 631.982 0
16627.9 702.108 0
16633.2 772.181 0
16639.2 842.207 0
16645.9 912.175 0
16653.3 982.079 0
16661.3 1051.91 0
16670.1 1121.67 0
16679.5 1191.35 0
16689.6 1260.94 0
16700.4 1330.44 0
16711.9 1399.84 0
16724 1469.14 0
16736.8 1538.33 0
16750.3 1607.41 0
16764.4 1676.37 0
16779.2 1745.2 0
16794.7 1813.9 0
16810.8 1882.46 0
16827.6 1950.88 0
16845 2019.16 0
16862.9 2087.29 0
p
79
30
16800 0 0
16804.6 75.3394 0
16809.2 150.679 0
16813.7 226.018 0
16818.3 301.357 0
16822.9 376.697 0
16827.5 452.036 0
16832 527.376 0
16836.6 602.715 0
16841.2 678.054 0
16845.8 753.394 0
16850.3 828.733 0
16854.9 904.072 0
16859.5 979.412 0
16864.1 1054.75 0
16868.6 1130.09 0
16873.2 1205.43 0
16877.8 1280.77 0
16882.4 1356.11 0
16887 1431.45 0
16891.5 1506.79 0
16896.1 1582.13 0
16900.7 1657.47 0
16905.3 1732.81 0
16909.8 1808.14 0
16914.4 1883.48 0
16919 1958.82 0
16923.6 2034.16 0
16928.1 2109.5 0
16932.7 2184.84 0
16937.3 2260.18 0
s	0
161 163 193 195 
161 162 163 193 194 195 
b
2 0
0.783099 0.394383 0.840188
162 0 0 1
194 0 0 1
g
0
0.3 2 0 0 1 2 0 2 4
t
2
0
1347.13 2094.33 100
1347.13 2094.33 -100
a
4
0
163 160 195 192 
1 162 1 193 0 194 0 2640 0.5 2641 0.5 
1 161 1 193 0 2640 0.5 2641 0.5 
2 193 1 162 0 161 0 2640 0.5 2641 0.5 
2 194 1 162 0 2640 0.5 2641 0.5 
0 2640 2 162 0.5 161 0.5 193 0.5 194 0.5 
0 2641 2 162 0.5 161 0.5 193 0.5 194 0.5 
NanList DIR 0
d
18
0 0 -5.92681 0 0 -5.92681 0 0 5.92681 0 0 5.92681 0 0 0 0 0 0 
s	1
324 325 326 327 328 359 360 361 392 393 394 425 426 427 
324 325 326 327 328 359 360 361 392 393 394 425 426 427 
b
2 0
0.197551 0.911647 0.79844
325 0 0 1
326 0 0 1
360 0 0 2
b
3 0
0.277775 0.76823 0.335223
327 0 0 2
393 0 0 1
426 0 0 1
g
0
0.3 2 0 0 1 2 0 2 4
t
2
2
2785.56 2055.25 100
2785.56 2055.25 -100
a
8
4
328 323 361 358 394 391 427 424 
1 326 1 360 0 393 0 425 0 392 0 2640 0.5 2641 0.5 
1 327 1 393 0 425 0 426 0 2640 0.5 2641 0.5 
1 325 1 359 0 360 0 2640 0.5 2641 0.5 
1 324 1 359 0 2640 0.5 2641 0.5 
2 359 1 325 0 324 0 2640 0.5 2641 0.5 
2 360 1 326 0 325 0 2640 0.5 2641 0.5 
2 393 1 326 0 327 0 2640 0.5 2641 0.5 
2 392 1 326 0 2640 0.5 2641 0.5 
2 425 1 326 0 327 0 2640 0.5 2641 0.5 
2 426 1 327 0 2640 0.5 2641 0.5 
0 2640 5 326 0.5 327 0.5 325 0.5 324 0.5 359 0.5 360 0.5 393 0.5 392 0.5 425 0.5 426 0.5 
0 2641 5 326 0.5 327 0.5 325 0.5 324 0.5 359 0.5 360 0.5 393 0.5 392 0.5 425 0.5 426 0.5 
NanList DIR 0
d
36
0 0 -10.7258 0 0 -10.7258 0 0 -10.7258 0 0 -10.7258 0 0 10.7258 0 0 10.7258 0 0 10.7258 0 0 10.7258 0 0 10.7258 0 0 10.7258 0 0 0 0 0 0 
s	2
505 509 538 543 
505 506 507 508 509 538 539 540 541 542 543 
b
2 0
0.628871 0.477397 0.55397
506 0 0 3
507 0 0 3
508 0 0 2
539 0 0 1
540 0 0 2
541 0 0 3
542 0 0 2
g
0
0.3 2 0 0 1 2 0 2 4
t
2
4
4340.23 861.958 100
4340.23 861.958 -100
a
4
12
509 504 543 537 
1 505 1 540 0 539 0 538 0 2640 0.5 2641 0.5 
1 506 1 540 0 541 0 539 0 2640 0.5 2641 0.5 
1 507 1 540 0 541 0 542 0 2640 0.5 2641 0.5 
1 508 1 541 0 542 0 2640 0.5 2641 0.5 
2 540 1 505 0 506 0 507 0 2640 0.5 2641 0.5 
2 541 1 506 0 507 0 508 0 2640 0.5 2641 0.5 
2 539 1 505 0 506 0 2640 0.5 2641 0.5 
2 542 1 507 0 508 0 2640 0.5 2641 0.5 
2 538 1 505 0 2640 0.5 2641 0.5 
0 2640 4.5 505 0.5 506 0.5 507 0.5 508 0.5 540 0.5 541 0.5 539 0.5 542 0.5 538 0.5 
0 2641 4.5 505 0.5 506 0.5 507 0.5 508 0.5 540 0.5 541 0.5 539 0.5 542 0.5 538 0.5 
NanList DIR 0
d
33
0 0 -8.72842 0 0 -8.72842 0 0 -8.72842 0 0 -8.72842 0 0 8.72842 0 0 8.72842 0 0 8.72842 0 0 8.72842 0 0 8.72842 0 0 0 0 0 0 
s	3
523 526 556 559 589 592 623 625 
523 524 525 526 556 557 558 559 589 590 591 592 623 624 625 
b
4 0
0.95223 0.513401 0.364784
524 0 0 1
525 0 0 2
557 0 0 2
558 0 0 2
590 0 0 2
591 0 0 4
624 0 0 1
g
0
0.3 2 0 0 1 2 0 2 4
t
2
6
4737.91 2076.09 100
4737.91 2076.09 -100
a
8
16
526 522 559 555 592 588 625 622 
1 590 1 524 0 557 0 523 0 556 0 558 0 2640 0.5 2641 0.5 
1 591 1 524 0 525 0 557 0 523 0 558 0 2640 0.5 2641 0.5 
1 589 1 557 0 556 0 2640 0.5 2641 0.5 
2 524 1 590 0 591 0 623 0 2640 0.5 2641 0.5 
2 525 1 591 0 623 0 624 0 2640 0.5 2641 0.5 
2 523 1 590 0 591 0 2640 0.5 2641 0.5 
2 557 1 590 0 591 0 589 0 2640 0.5 2641 0.5 
2 556 1 590 0 589 0 2640 0.5 2641 0.5 
2 558 1 590 0 591 0 2640 0.5 2641 0.5 
1 623 1 524 0 525 0 2640 0.5 2641 0.5 
1 624 1 525 0 2640 0.5 2641 0.5 
0 2640 5.5 590 0.5 591 0.5 589 0.5 524 0.5 525 0.5 523 0.5 557 0.5 556 0.5 558 0.5 623 0.5 624 0.5 
0 2641 5.5 590 0.5 591 0.5 589 0.5 524 0.5 525 0.5 523 0.5 557 0.5 556 0.5 558 0.5 623 0.5 624 0.5 
NanList DIR 0
d
39
0 0 -13.7891 0 0 -13.7891 0 0 -13.7891 0 0 13.7891 0 0 13.7891 0 0 13.7891 0 0 13.7891 0 0 13.7891 0 0 13.7891 0 0 -13.7891 0 0 -13.7891 0 0 0 0 0 0 
s	4
754 757 786 790 820 823 
754 755 756 757 786 787 788 789 790 820 821 822 823 
b
3 0
0.717297 0.635712 0.916195
755 0 0 1
756 0 0 2
787 0 0 2
788 0 0 2
789 0 0 2
821 0 0 2
822 0 0 1
g
0
0.3 2 0 0 1 2 0 2 4
t
2
8
5532.82 1915.21 100
5532.82 1915.21 -100
a
6
24
757 753 790 785 823 819 
1 787 1 755 0 756 0 820 0 2640 0.5 2641 0.5 
1 788 1 756 0 820 0 821 0 2640 0.5 2641 0.5 
1 786 1 755 0 754 0 2640 0.5 2641 0.5 
1 789 1 821 0 822 0 2640 0.5 2641 0.5 
2 755 1 787 0 786 0 2640 0.5 2641 0.5 
2 756 1 787 0 788 0 2640 0.5 2641 0.5 
2 754 1 786 0 2640 0.5 2641 0.5 
2 820 1 787 0 788 0 2640 0.5 2641 0.5 
2 821 1 788 0 789 0 2640 0.5 2641 0.5 
2 822 1 789 0 2640 0.5 2641 0.5 
0 2640 5 787 0.5 788 0.5 786 0.5 789 0.5 755 0.5 756 0.5 754 0.5 820 0.5 821 0.5 822 0.5 
0 2641 5 787 0.5 788 0.5 786 0.5 789 0.5 755 0.5 756 0.5 754 0.5 820 0.5 821 0.5 822 0.5 
NanList DIR 0
d
36
0 0 -14.1442 0 0 -14.1442 0 0 -14.1442 0 0 -14.1442 0 0 14.1442 0 0 14.1442 0 0 14.1442 0 0 14.1442 0 0 14.1442 0 0 14.1442 0 0 0 0 0 0 
s	5
916 917 918 919 920 953 954 955 983 984 985 986 987 988 
916 917 918 919 920 953 954 955 983 984 985 986 987 988 
b
2 0
0.0163006 0.606969 0.141603
917 0 0 2
918 0 0 3
919 0 0 1
985 0 0 2
986 0 0 2
987 0 0 2
b
2 0
0.804177 0.137232 0.242887
954 0 0 1
984 0 0 1
g
0
0.3 2 0 0 1 2 0 2 4
t
2
10
6806.18 2181.71 100
6806.18 2181.71 -100
a
6
30
920 915 955 952 988 982 
1 984 1 917 0 916 0 954 0 2640 0.5 2641 0.5 
1 985 1 917 0 918 0 916 0 2640 0.5 2641 0.5 
1 983 1 954 0 953 0 2640 0.5 2641 0.5 
1 986 1 917 0 918 0 2640 0.5 2641 0.5 
1 987 1 918 0 919 0 2640 0.5 2641 0.5 
2 917 1 984 0 985 0 986 0 2640 0.5 2641 0.5 
2 918 1 985 0 986 0 987 0 2640 0.5 2641 0.5 
2 916 1 984 0 985 0 2640 0.5 2641 0.5 
2 919 1 987 0 2640 0.5 2641 0.5 
2 954 1 984 0 983 0 2640 0.5 2641 0.5 
2 953 1 983 0 2640 0.5 2641 0.5 
0 2640 5.5 984 0.5 985 0.5 983 0.5 986 0.5 987 0.5 917 0.5 918 0.5 916 0.5 919 0.5 954 0.5 953 0.5 
0 2641 5.5 984 0.5 985 0.5 983 0.5 986 0.5 987 0.5 917 0.5 918 0.5 916 0.5 919 0.5 954 0.5 953 0.5 
NanList DIR 0
d
39
0 0 -13.774 0 0 -13.774 0 0 -13.774 0 0 -13.774 0 0 -13.774 0 0 13.774 0 0 13.774 0 0 13.774 0 0 13.774 0 0 13.774 0 0 13.774 0 0 0 0 0 0 
s	6
969 978 1002 1011 
969 970 971 972 973 974 975 976 977 978 1002 1003 1004 1005 1006 1007 1008 1009 1010 1011 
b
2 0
0.12979 0.400944 0.156679
970 0 0 2
971 0 0 3
972 0 0 3
973 0 0 3
974 0 0 3
975 0 0 3
976 0 0 3
977 0 0 2
1003 0 0 2
1004 0 0 3
1005 0 0 3
1006 0 0 3
1007 0 0 3
1008 0 0 3
1009 0 0 3
1010 0 0 2
g
0
0.3 2 0 0 1 2 0 2 4
t
2
12
7011.1 1258.89 100
7011.1 1258.89 -100
a
4
36
978 968 1011 1001 
1 970 1 1003 0 1004 0 1002 0 2640 0.5 2641 0.5 
1 971 1 1003 0 1004 0 1005 0 2640 0.5 2641 0.5 
1 972 1 1004 0 1005 0 1006 0 2640 0.5 2641 0.5 
1 973 1 1005 0 1006 0 1007 0 2640 0.5 2641 0.5 
1 974 1 1006 0 1007 0 1008 0 2640 0.5 2641 0.5 
1 975 1 1007 0 1008 0 1009 0 2640 0.5 2641 0.5 
1 976 1 1008 0 1009 0 1010 0 2640 0.5 2641 0.5 
1 969 1 1003 0 1002 0 2640 0.5 2641 0.5 
1 977 1 1009 0 1010 0 2640 0.5 2641 0.5 
2 1003 1 970 0 971 0 969 0 2640 0.5 2641 0.5 
2 1004 1 970 0 971 0 972 0 2640 0.5 2641 0.5 
2 1005 1 971 0 972 0 973 0 2640 0.5 2641 0.5 
2 1006 1 972 0 973 0 974 0 2640 0.5 2641 0.5 
2 1007 1 973 0 974 0 975 0 2640 0.5 2641 0.5 
2 1008 1 974 0 975 0 976 0 2640 0.5 2641 0.5 
2 1009 1 975 0 976 0 977 0 2640 0.5 2641 0.5 
2 1002 1 970 0 969 0 2640 0.5 2641 0.5 
2 1010 1 976 0 977 0 2640 0.5 2641 0.5 
0 2640 9 970 0.5 971 0.5 972 0.5 973 0.5 974 0.5 975 0.5 976 0.5 969 0.5 977 0.5 1003 0.5 1004 0.5 1005 0.5 1006 0.5 1007 0.5 1008 0.5 1009 0.5 1002 0.5 1010 0.5 
0 2641 9 970 0.5 971 0.5 972 0.5 973 0.5 974 0.5 975 0.5 976 0.5 969 0.5 977 0.5 1003 0.5 1004 0.5 1005 0.5 1006 0.5 1007 0.5 1008 0.5 1009 0.5 1002 0.5 1010 0.5 
NanList DIR 0
d
60
0 0 -13.7105 0 0 -13.7105 0 0 -13.7105 0 0 -13.7105 0 0 -13.7105 0 0 -13.7105 0 0 -13.7105 0 0 -13.7105 0 0 -13.7105 0 0 13.7105 0 0 13.7105 0 0 13.7105 0 0 13.7105 0 0 13.7105 0 0 13.7105 0 0 13.7105 0 0 13.7105 0 0 13.7105 0 0 0 0 0 0 
s	7
1182 1184 1217 1219 
1182 1183 1184 1217 1218 1219 
b
2 0
0.218257 0.998924 0.108809
1183 0 0 1
1218 0 0 1
g
0
0.3 2 0 0 1 2 0 2 4
t
2
14
8441.26 2256.74 100
8441.26 2256.74 -100
a
4
40
1184 1181 1219 1216 
1 1182 1 1218 0 1217 0 2640 0.5 2641 0.5 
1 1183 1 1218 0 2640 0.5 2641 0.5 
2 1218 1 1182 0 1183 0 2640 0.5 2641 0.5 
2 1217 1 1182 0 2640 0.5 2641 0.5 
0 2640 2 1182 0.5 1183 0.5 1218 0.5 1217 0.5 
0 2641 2 1182 0.5 1183 0.5 1218 0.5 1217 0.5 
NanList DIR 0
d
18
0 0 -1.77771 0 0 -1.77771 0 0 1.77771 0 0 1.77771 0 0 0 0 0 0 
s	8
1547 1549 1580 1582 
1547 1548 1549 1580 1581 1582 
b
2 0
0.61264 0.839112 0.512932
1548 0 0 1
1581 0 0 1
g
0
0.3 2 0 0 1 2 0 2 4
t
2
16
10825 2131.41 100
10825 2131.41 -100
a
4
44
1549 1546 1582 1579 
1 1547 1 1581 0 1580 0 2640 0.5 2641 0.5 
1 1548 1 1581 0 2640 0.5 2641 0.5 
2 1581 1 1547 0 1548 0 2640 0.5 2641 0.5 
2 1580 1 1547 0 2640 0.5 2641 0.5 
0 2640 2 1547 0.5 1548 0.5 1581 0.5 1580 0.5 
0 2641 2 1547 0.5 1548 0.5 1581 0.5 1580 0.5 
NanList DIR 0
d
18
0 0 -8.3161 0 0 -8.3161 0 0 8.3161 0 0 8.3161 0 0 0 0 0 0 
s	9
1610 1615 1644 1648 
1610 1611 1612 1613 1614 1615 1644 1645 1646 1647 1648 
b
2 0
0.524287 0.637552 0.296032
1611 0 0 2
1612 0 0 2
1613 0 0 2
1614 0 0 1
1645 0 0 1
1646 0 0 3
1647 0 0 3
g
0
0.3 2 0 0 1 2 0 2 4
t
2
18
10836.9 1937.91 100
10836.9 1937.91 -100
a
4
48
1615 1609 1648 1643 
1 1612 1 1645 0 1646 0 1647 0 2640 0.5 2641 0.5 
1 1610 1 1645 0 1644 0 2640 0.5 2641 0.5 
1 1611 1 1645 0 1646 0 2640 0.5 2641 0.5 
1 1613 1 1646 0 1647 0 2640 0.5 2641 0.5 
1 1614 1 1647 0 2640 0.5 2641 0.5 
2 1645 1 1612 0 1610 0 1611 0 2640 0.5 2641 0.5 
2 1646 1 1612 0 1611 0 1613 0 2640 0.5 2641 0.5 
2 1647 1 1612 0 1613 0 1614 0 2640 0.5 2641 0.5 
2 1644 1 1610 0 2640 0.5 2641 0.5 
0 2640 4.5 1612 0.5 1610 0.5 1611 0.5 1613 0.5 1614 0.5 1645 0.5 1646 0.5 1647 0.5 1644 0.5 
0 2641 4.5 1612 0.5 1610 0.5 1611 0.5 1613 0.5 1614 0.5 1645 0.5 1646 0.5 1647 0.5 1644 0.5 
NanList DIR 0
d
33
0 0 -11.523 0 0 -11.523 0 0 -11.523 0 0 -11.523 0 0 -11.523 0 0 11.523 0 0 11.523 0 0 11.523 0 0 11.523 0 0 0 0 0 0 
s	10
1712 1714 1745 1747 1776 1779 
1712 1713 1714 1745 1746 1747 1776 1777 1778 1779 
b
3 0
0.292517 0.972775 0.493583
1713 0 0 2
1746 0 0 3
1777 0 0 1
1778 0 0 2
g
0
0.3 2 0 0 1 2 0 2 4
t
2
20
11491.8 2341.09 100
11491.8 2341.09 -100
a
6
52
1714 1711 1747 1744 1779 1775 
1 1746 1 1777 0 1712 0 1713 0 1776 0 1778 0 2640 0.5 2641 0.5 
1 1745 1 1777 0 1712 0 1776 0 2640 0.5 2641 0.5 
2 1777 1 1746 0 1712 0 1713 0 1745 0 2640 0.5 2641 0.5 
2 1776 1 1746 0 1745 0 2640 0.5 2641 0.5 
2 1778 1 1746 0 1713 0 2640 0.5 2641 0.5 
3 1712 1 1746 0 1777 0 1745 0 2640 0.5 2641 0.5 
3 1713 1 1746 0 1777 0 1778 0 2640 0.5 2641 0.5 
0 2640 3.5 1746 0.5 1745 0.5 1777 0.5 1776 0.5 1778 0.5 1712 0.5 1713 0.5 
0 2641 3.5 1746 0.5 1745 0.5 1777 0.5 1776 0.5 1778 0.5 1712 0.5 1713 0.5 
NanList DIR 0
d
27
0 0 -2.76948 0 0 -2.76948 0 0 0 0 0 0 0 0 0 0 0 22.6193 0 0 22.6193 0 0 0 0 0 0 
s	11
1844 1846 1910 1912 
1844 1845 1846 1910 1911 1912 
b
2 0
0.769914 0.526745 0.771358
1845 0 0 1
1911 0 0 1
g
0
0.3 2 0 0 1 2 0 2 4
t
2
22
12197.2 2123.81 100
12197.2 2123.81 -100
a
4
58
1846 1843 1912 1909 
1 1844 1 1911 0 1910 0 2640 0.5 2641 0.5 
1 1845 1 1911 0 2640 0.5 2641 0.5 
2 1911 1 1844 0 1845 0 2640 0.5 2641 0.5 
2 1910 1 1844 0 2640 0.5 2641 0.5 
0 2640 2 1844 0.5 1845 0.5 1911 0.5 1910 0.5 
0 2641 2 1844 0.5 1845 0.5 1911 0.5 1910 0.5 
NanList DIR 0
d
18
0 0 -4.03918 0 0 -4.03918 0 0 4.03918 0 0 4.03918 0 0 0 0 0 0 
s	12
2256 2265 2291 2302 
2256 2257 2258 2259 2260 2261 2262 2263 2264 2265 2291 2292 2293 2294 2295 2296 2297 2298 2299 2300 2301 2302 
b
2 0
0.283315 0.891529 0.400229
2257 0 0 2
2258 0 0 3
2259 0 0 2
2260 0 0 3
2261 0 0 3
2262 0 0 3
2263 0 0 3
2264 0 0 2
2292 0 0 2
2293 0 0 2
2294 0 0 2
2295 0 0 2
2296 0 0 2
2297 0 0 3
2298 0 0 3
2299 0 0 2
2300 0 0 2
2301 0 0 1
g
0
0.3 2 0 0 1 2 0 2 4
t
2
24
14823.9 1272.44 100
14823.9 1272.44 -100
a
4
62
2265 2255 2302 2290 
1 2259 1 2293 0 2296 0 2294 0 2295 0 2640 0.5 2641 0.5 
1 2257 1 2292 0 2293 0 2291 0 2640 0.5 2641 0.5 
1 2258 1 2292 0 2293 0 2294 0 2640 0.5 2641 0.5 
1 2260 1 2296 0 2297 0 2295 0 2640 0.5 2641 0.5 
1 2261 1 2296 0 2297 0 2298 0 2640 0.5 2641 0.5 
1 2262 1 2297 0 2298 0 2299 0 2640 0.5 2641 0.5 
1 2263 1 2298 0 2299 0 2300 0 2640 0.5 2641 0.5 
1 2256 1 2292 0 2291 0 2640 0.5 2641 0.5 
1 2264 1 2300 0 2301 0 2640 0.5 2641 0.5 
2 2292 1 2257 0 2258 0 2256 0 2640 0.5 2641 0.5 
2 2293 1 2259 0 2257 0 2258 0 2640 0.5 2641 0.5 
2 2296 1 2259 0 2260 0 2261 0 2640 0.5 2641 0.5 
2 2297 1 2260 0 2261 0 2262 0 2640 0.5 2641 0.5 
2 2298 1 2261 0 2262 0 2263 0 2640 0.5 2641 0.5 
2 2291 1 2257 0 2256 0 2640 0.5 2641 0.5 
2 2294 1 2259 0 2258 0 2640 0.5 2641 0.5 
2 2295 1 2259 0 2260 0 2640 0.5 2641 0.5 
2 2299 1 2262 0 2263 0 2640 0.5 2641 0.5 
2 2300 1 2263 0 2264 0 2640 0.5 2641 0.5 
2 2301 1 2264 0 2640 0.5 2641 0.5 
0 2640 10 2259 0.5 2257 0.5 2258 0.5 2260 0.5 2261 0.5 2262 0.5 2263 0.5 2256 0.5 2264 0.5 2292 0.5 2293 0.5 2296 0.5 2297 0.5 2298 0.5 2291 0.5 2294 0.5 2295 0.5 2299 0.5 2300 0.5 2301 0.5 
0 2641 10 2259 0.5 2257 0.5 2258 0.5 2260 0.5 2261 0.5 2262 0.5 2263 0.5 2256 0.5 2264 0.5 2292 0.5 2293 0.5 2296 0.5 2297 0.5 2298 0.5 2291 0.5 2294 0.5 2295 0.5 2299 0.5 2300 0.5 2301 0.5 
NanList DIR 0
d
66
0 0 -11.237 0 0 -11.237 0 0 -11.237 0 0 -11.237 0 0 -11.237 0 0 -11.237 0 0 -11.237 0 0 -11.237 0 0 -11.237 0 0 11.237 0 0 11.237 0 0 11.237 0 0 11.237 0 0 11.237 0 0 11.237 0 0 11.237 0 0 11.237 0 0 11.237 0 0 11.237 0 0 11.237 0 0 0 0 0 0 
s	13
2273 2275 2372 2374 
2273 2274 2275 2372 2373 2374 
b
2 0
0.919026 0.807725 0.352458
2274 0 0 1
2373 0 0 1
g
0
0.3 2 0 0 1 2 0 2 4
t
2
26
14651.8 2322.61 100
14651.8 2322.61 -100
a
3
66
2275 2272 2374 
1 2273 1 2373 0 2372 0 2640 0.5 2641 0.5 
1 2274 1 2373 0 2640 0.5 2641 0.5 
2 2373 1 2273 0 2274 0 2640 0.5 2641 0.5 
2 2372 1 2273 0 2640 0.5 2641 0.5 
0 2640 2 2273 0.5 2274 0.5 2373 0.5 2372 0.5 
0 2641 2 2273 0.5 2274 0.5 2373 0.5 2372 0.5 
NanList DIR 0
d
18
0 0 -10.6375 0 0 -10.6375 0 0 10.6375 0 0 10.6375 0 0 0 0 0 0 
s	14
2306 2307 2308 2337 2338 2339 2340 2341 2370 2371 2372 
2306 2307 2308 2337 2338 2339 2340 2341 2370 2371 2372 
b
2 0
0.525995 0.949327 0.0697553
2307 0 0 2
2338 0 0 1
2339 0 0 1
b
2 0
0.663227 0.192214 0.0860558
2340 0 0 1
2371 0 0 1
g
0
0.3 2 0 0 1 2 0 2 4
t
2
28
14772.6 2055.82 100
14772.6 2055.82 -100
a
6
69
2308 2305 2341 2336 2372 2369 
1 2338 1 2306 0 2307 0 2640 0.5 2641 0.5 
1 2339 1 2307 0 2370 0 2640 0.5 2641 0.5 
1 2340 1 2370 0 2371 0 2640 0.5 2641 0.5 
1 2337 1 2306 0 2640 0.5 2641 0.5 
2 2306 1 2338 0 2337 0 2640 0.5 2641 0.5 
2 2307 1 2338 0 2339 0 2640 0.5 2641 0.5 
2 2370 1 2339 0 2340 0 2640 0.5 2641 0.5 
2 2371 1 2340 0 2640 0.5 2641 0.5 
0 2640 4 2338 0.5 2339 0.5 2340 0.5 2337 0.5 2306 0.5 2307 0.5 2370 0.5 2371 0.5 
0 2641 4 2338 0.5 2339 0.5 2340 0.5 2337 0.5 2306 0.5 2307 0.5 2370 0.5 2371 0.5 
NanList DIR 0
d
30
0 0 -8.58895 0 0 -8.58895 0 0 -8.58895 0 0 -8.58895 0 0 8.58895 0 0 8.58895 0 0 8.58895 0 0 8.58895 0 0 0 0 0 0 
