33 2 0.1 0.3 1 0 17 1
p
0
30
1000 0 0
999.782 75.2517 0
999.563 150.503 0
998.178 225.729 0
996.861 300.968 0
995.482 376.213 0
994.269 451.465 0
993.452 526.726 0
993.098 601.996 0
993.38 677.267 0
994.427 752.532 0
996.352 827.781 0
999.261 902.999 0
1003.24 978.168 0
1008.38 1053.27 0
1014.73 1128.29 0
1022.34 1203.19 0
1031.24 1277.96 0
1041.45 1352.58 0
1052.95 1427.02 0
1065.34 1501.33 0
1078.44 1575.53 0
1092.01 1649.65 0
1105.8 1723.74 0
1119.54 1797.85 0
1132.99 1872.01 0
1145.88 1946.27 0
1157.97 2020.66 0
1169.03 2095.21 15.1404
1178.93 2169.93 15.1404
1187.84 2244.78 15.1404
p
1
30
1200 0 0
1195.39 70.9002 0
1190.77 141.8 0
1188.16 212.897 0
1186 283.982 0
1184.66 355.102 0
1184.04 426.243 0
1184.09 497.391 0
1184.45 568.534 0
1185.04 639.67 0
1185.71 710.799 0
1186.37 781.924 0
1186.93 853.049 0
1187.34 924.176 0
1187.57 995.311 0
1187.61 1066.46 0
1187.47 1137.62 0
1187.18 1208.79 0
1186.79 1279.98 0
1186.38 1351.19 0
1186 1422.41 0
1185.77 1493.64 0
1185.78 1564.87 0
1186.16 1636.09 0
1187.02 1707.31 0
1188.51 1778.51 0
1190.77 1849.67 0
1193.79 1920.81 15.1404
1197.12 1991.94 15.1404
1200.69 2063.05 15.1404
1204.58 2134.13 15.1404
p
2
30
1400 0 0
1393.41 73.7475 0
1386.82 147.495 0
1380.25 221.228 0
1373.68 294.969 0
1367.12 368.71 0
1360.56 442.451 0
1354 516.193 0
1347.43 589.935 0
1340.87 663.676 0
1334.3 737.417 0
1327.73 811.158 0
1321.15 884.898 0
1314.56 958.637 0
1307.96 1032.37 0
1301.35 1106.11 0
1294.72 1179.85 0
1288.08 1253.58 0
1281.42 1327.32 0
1274.74 1401.05 0
1268.04 1474.78 0
1261.32 1548.5 0
1254.58 1622.23 0
1247.81 1695.95 0
1241.01 1769.67 0
1234.19 1843.39 0
1227.36 1917.11 -15.1404
1220.67 1990.83 -15.1404
1214.2 2064.58 -15.1404
1207.98 2138.36 -15.1404
1201.84 2212.15 -15.1404
p
3
30
1600 0 0
1595.05 72.3046 0
1590.1 144.609 0
1585.15 216.914 0
1580.2 289.218 0
1575.25 361.523 0
1570.29 433.828 0
1565.34 506.132 0
1560.39 578.437 0
1555.44 650.741 0
1550.49 723.046 0
1545.54 795.351 0
1540.59 867.655 0
1535.64 939.96 0
1530.69 1012.26 0
1525.74 1084.57 0
1520.79 1156.87 0
1515.84 1229.18 0
1510.88 1301.48 0
1505.93 1373.79 0
1500.98 1446.09 0
1496.03 1518.4 0
1491.08 1590.7 0
1486.13 1663.01 0
1481.18 1735.31 0
1476.23 1807.62 0
1471.28 1879.92 0
1466.33 1952.22 0
1461.38 2024.53 0
1456.43 2096.83 0
1451.47 2169.14 0
p
4
30
1800 0 0
1804.04 59.7492 0
1808.07 119.498 0
1812.11 179.248 0
1816.14 238.997 0
1820.18 298.746 0
1824.21 358.495 0
1828.25 418.245 0
1832.28 477.994 0
1836.32 537.743 0
1840.35 597.492 0
1844.39 657.242 0
1848.42 716.991 0
1852.46 776.74 0
1856.49 836.489 0
1860.53 896.238 0
1864.56 955.988 0
1868.6 1015.74 0
1872.63 1075.49 0
1876.67 1135.24 0
1880.71 1194.98 0
1884.74 1254.73 0
1888.78 1314.48 0
1892.81 1374.23 0
1896.85 1433.98 0
1900.88 1493.73 0
1904.92 1553.48 0
1908.95 1613.23 0
1912.99 1672.98 0
1917.02 1732.73 0
1921.06 1792.48 0
p
5
30
2000 0 0
2003.43 75.2997 0
2006.86 150.599 0
2010.29 225.899 0
2013.72 301.199 0
2017.15 376.498 0
2020.58 451.798 0
2024.01 527.098 0
2027.44 602.398 0
2030.87 677.697 0
2034.3 752.997 0
2037.73 828.297 0
2041.16 903.596 0
2044.59 978.896 0
2048.02 1054.2 0
2051.44 1129.5 0
2054.87 1204.8 0
2058.3 1280.09 0
2061.73 1355.39 0
2065.16 1430.69 0
2068.59 1505.99 0
2072.02 1581.29 0
2075.45 1656.59 0
2078.88 1731.89 0
2082.31 1807.19 0
2085.74 1882.49 0
2089.17 1957.79 0
2092.6 2033.09 0
2096.03 2108.39 0
2099.46 2183.69 0
2102.89 2258.99 0
p
6
30
2200 0 0
2200.5 77.8252 0
2201 155.65 0
2201.5 233.476 0
2202 311.301 0
2202.5 389.126 0
2203 466.951 0
2203.51 544.777 0
2204.01 622.602 0
2204.51 700.427 0
2205.01 778.252 0
2205.51 856.078 0
2206.01 933.903 0
2206.51 1011.73 0
2207.01 1089.55 0
2207.51 1167.38 0
2208.01 1245.2 0
2208.51 1323.03 0
2209.01 1400.85 0
2209.52 1478.68 0
2210.02 1556.5 0
2210.52 1634.33 0
2211.02 1712.16 0
2211.52 1789.98 0
2212.02 1867.81 0
2212.52 1945.63 0
2213.02 2023.46 0
2213.52 2101.28 0
2214.02 2179.11 0
2214.52 2256.93 0
2215.02 2334.76 0
p
7
30
2400 0 0
2394.81 69.186 0
2389.62 138.372 0
2384.43 207.558 0
2379.23 276.744 0
2374.04 345.93 0
2368.85 415.116 0
2363.66 484.302 0
2358.47 553.488 0
2353.28 622.674 0
2348.09 691.86 0
2342.89 761.046 0
2337.7 830.231 0
2332.51 899.417 0
2327.32 968.603 0
2322.13 1037.79 0
2316.94 1106.98 0
2311.75 1176.16 0
2306.55 1245.35 0
2301.36 1314.53 0
2296.17 1383.72 0
2290.98 1452.91 0
2285.79 1522.09 0
2280.6 1591.28 0
2275.4 1660.46 0
2270.21 1729.65 0
2265.02 1798.83 0
2259.83 1868.02 0
2254.64 1937.21 0
2249.45 2006.39 0
2244.26 2075.58 0
p
8
30
2600 0 0
2592.31 72.4548 0
2584.62 144.91 0
2576.93 217.364 0
2569.24 289.819 0
2561.56 362.274 0
2553.87 434.729 0
2546.18 507.184 0
2538.49 579.638 0
2530.8 652.093 0
2523.11 724.548 0
2515.42 797.003 0
2507.73 869.458 0
2500.04 941.912 0
2492.35 1014.37 0
2484.67 1086.82 0
2476.98 1159.28 0
2469.29 1231.73 0
2461.6 1304.19 0
2453.91 1376.64 0
2446.22 1449.1 0
2438.53 1521.55 0
2430.84 1594.01 0
2423.15 1666.46 0
2415.46 1738.92 0
2407.78 1811.37 0
2400.09 1883.82 0
2392.4 1956.28 0
2384.71 2028.73 0
2377.02 2101.19 0
2369.33 2173.64 0
p
9
30
2800 0 0
2799.66 83.6308 0
2799.32 167.262 0
2798.38 250.886 0
2796.71 334.5 0
2794.13 418.091 0
2790.66 501.652 0
2786.53 585.183 0
2782.02 668.692 0
2777.52 752.195 0
2773.22 835.699 0
2770.83 919.272 0
2771.38 1002.87 0
2776.17 1086.35 0
2786.48 1169.37 0
2803.4 1251.38 0
2826.31 1332.06 0
2855.43 1410.88 0
2890.43 1487.5 0
2930.79 1561.68 0
2975.83 1633.41 0
3024.72 1702.84 0
3076.58 1770.35 0
3130.43 1836.5 0
3185.26 1902.01 0
3239.99 1967.69 0
3293.5 2034.42 0
3345.02 2102.63 -12.9472
3395.58 2171.64 -12.9472
3446.09 2240.7 0
3496.63 2309.75 0
p
10
30
3000 0 0
2989.53 71.1922 0
2979.06 142.384 0
2970.08 213.806 0
2963.08 285.484 0
2958.93 357.449 0
2958.46 429.631 0
2962.12 501.846 0
2969.97 573.859 0
2981.89 645.453 0
2996.16 716.69 0
3012.32 787.58 0
3029.81 858.175 0
3048.18 928.534 0
3067.19 998.702 0
3086.8 1068.69 0
3105.83 1138.81 0
3124.39 1209.06 0
3142.35 1279.5 0
3159.7 1350.13 0
3176.51 1420.96 0
3192.94 1491.95 0
3209.21 1563.06 0
3225.61 1634.23 0
3242.51 1705.37 0
3260.4 1776.35 0
3279.87 1847 0
3301.67 1917.05 0
3326.76 1986.07 0
3356.3 2053.44 12.9472
3390.4 2118.73 12.9472
p
11
30
3200 0 0
3200.06 72.6355 0
3200.13 145.271 0
3199.48 217.897 0
3197.81 290.503 0
3194.74 363.057 0
3190.18 435.525 0
3184.52 507.902 0
3178.49 580.235 0
3172.99 652.591 0
3169.4 725.077 0
3167.59 797.62 0
3168.18 870.178 0
3171.43 942.67 0
3177.48 1015 0
3186.32 1087.07 0
3197.82 1158.81 0
3211.71 1230.18 0
3227.65 1301.16 0
3245.21 1371.82 0
3263.91 1442.21 0
3283.23 1512.46 0
3302.62 1582.7 0
3321.58 1653.03 0
3339.6 1723.58 0
3356.24 1794.43 0
3371.3 1865.58 -12.9472
3385.18 1936.94 -12.9472
3397.55 2008.55 -12.9472
3408.12 2080.44 -12.9472
3418.07 2152.46 -12.9472
p
12
30
3400 0 0
3393.48 67.3975 0
3386.96 134.795 0
3380.62 202.214 0
3374.57 269.666 0
3369.05 337.176 0
3364.33 404.768 0
3360.61 472.445 0
3357.93 540.193 0
3356.31 607.996 0
3355.28 675.805 0
3354.86 743.629 0
3354.91 811.463 0
3355.35 879.303 0
3356.12 947.148 0
3357.19 1014.99 0
3358.53 1082.84 0
3360.15 1150.69 0
3362.04 1218.53 0
3364.23 1286.37 0
3366.73 1354.2 0
3369.59 1422.03 0
3372.84 1489.84 0
3376.51 1557.64 0
3380.64 1625.42 0
3385.26 1693.17 0
3390.4 1760.9 0
3395.93 1828.6 12.9472
3401.13 1896.33 12.9472
3405.61 1964.09 12.9472
3409.56 2031.84 12.9472
p
13
30
3600 0 0
3610.02 86.1919 0
3620.03 172.384 0
3629.15 258.676 0
3637.04 345.095 0
3643.27 431.663 0
3647.49 518.371 0
3649.5 605.185 0
3649.55 692.048 0
3646.5 778.896 0
3640.45 865.624 0
3630.43 952.042 0
3615.95 1037.9 0
3601.63 1123.83 0
3588.52 1209.95 0
3579.1 1296.51 0
3575.74 1383.43 0
3580.68 1470.19 0
3595.78 1555.71 0
3622.28 1638.46 0
3659.97 1716.92 0
3708.47 1789.51 0
3766.61 1855.13 0
3832.77 1913.32 0
3905.12 1964.38 0
3981.83 2009.39 0
4061.19 2050.17 0
4141.62 2089.08 0
4221.59 2128.79 14.8639
4300.25 2170.79 14.8639
4379.15 2212.5 0
p
14
30
3800 0 0
3796.09 78.7702 0
3792.19 157.54 0
3787.57 236.271 0
3781.95 314.94 0
3774.99 393.511 0
3766.56 471.948 0
3756.69 550.231 0
3745.85 628.396 0
3733.4 706.331 0
3720.08 784.123 0
3705.76 861.738 0
3690.9 939.234 0
3678.52 1017.17 0
3669.83 1095.61 0
3666.36 1174.47 0
3669.43 1253.38 0
3680.07 1331.71 0
3698.96 1408.59 0
3726.45 1483 0
3760.99 1554.62 0
3802.06 1622.97 0
3848.63 1687.97 0
3899.65 1749.83 0
3954.03 1809.03 0
4010.73 1866.22 0
4068.72 1922.26 -14.8639
4126.89 1978.2 -14.8639
4184.54 2034.8 -14.8639
4244.08 2089.72 -14.8639
4306.93 2140.87 -14.8639
p
15
30
4000 0 0
4000.08 66.0184 0
4000.16 132.037 0
3999.08 198.115 0
3996.72 264.217 0
3993.02 330.315 0
3987.98 396.379 0
3981.34 462.357 0
3975.28 528.462 0
3967.4 594.541 0
3962.12 661.152 0
3953.61 727.725 0
3947.96 795.263 0
3941.42 862.711 0
3935.15 930.324 0
3929.9 997.994 0
3926.56 1065.58 0
3926.36 1132.93 0
3930.22 1199.98 -8.71409
3936.8 1266.64 -8.71409
3945.76 1333 -8.71409
3957.42 1399.08 -8.71409
3971.7 1464.91 -8.71409
3988.17 1530.56 -8.71409
4006.29 1596.03 -8.71409
4025.8 1661.2 0
4047.12 1725.78 0
4070.01 1789.66 0
4094.6 1852.65 0
4122.12 1914.23 14.8639
4153.48 1973.62 14.8639
p
16
30
4200 0 0
4194.11 71.6235 0
4188.21 143.247 0
4184.49 215.005 0
4182.46 286.816 0
4181.24 358.616 0
4179.05 430.346 0
4173.68 501.86 0
4162.2 572.673 0
4142.83 641.795 0
4117.3 709.017 0
4087.09 774.33 0
4055.66 838.949 0
4025.14 904.114 0
3998.29 970.708 0
3977.23 1039.15 0
3963.23 1109.21 0
3956.28 1180.24 8.71409
3955.12 1251.48 8.71409
3960.03 1322.63 8.71409
3971.18 1393.24 8.71409
3988.09 1462.92 8.71409
4009.73 1531.55 8.71409
4034.82 1599.23 8.71409
4062.22 1666.22 0
4091.39 1732.6 0
4121.17 1798.73 0
4150.24 1865.1 0
4177.44 1932.11 0
4201.94 1999.99 14.8639
4223.93 2069 14.8639
p
17
30
4400 0 0
4401.28 67.1253 0
4402.56 134.251 0
4403.85 201.376 0
4405.13 268.501 0
4406.41 335.627 0
4407.69 402.752 0
4408.97 469.877 0
4410.26 537.002 0
4411.54 604.128 0
4412.82 671.253 0
4414.1 738.378 0
4415.39 805.504 0
4416.67 872.629 0
4417.95 939.754 0
4419.23 1006.88 0
4420.51 1074 0
4421.8 1141.13 0
4423.08 1208.26 0
4424.36 1275.38 0
4425.64 1342.51 0
4426.92 1409.63 0
4428.21 1476.76 0
4429.49 1543.88 0
4430.77 1611.01 0
4432.05 1678.13 0
4433.33 1745.26 0
4434.62 1812.38 0
4435.9 1879.51 0
4437.18 1946.63 0
4438.46 2013.76 0
p
18
30
4600 0 0
4599.37 75.1387 0
4598.74 150.277 0
4598.11 225.416 0
4597.49 300.555 0
4596.86 375.694 0
4596.23 450.832 0
4595.6 525.971 0
4594.97 601.11 0
4594.34 676.248 0
4593.71 751.387 0
4593.09 826.526 0
4592.46 901.664 0
4591.83 976.803 0
4591.2 1051.94 0
4590.57 1127.08 0
4589.94 1202.22 0
4589.32 1277.36 0
4588.69 1352.5 0
4588.06 1427.64 0
4587.43 1502.77 0
4586.8 1577.91 0
4586.17 1653.05 0
4585.54 1728.19 0
4584.92 1803.33 0
4584.29 1878.47 0
4583.66 1953.61 0
4583.03 2028.74 0
4582.4 2103.88 0
4581.77 2179.02 0
4581.14 2254.16 0
p
19
30
4800 0 0
4800.49 83.5616 0
4800.97 167.123 0
4801.46 250.685 0
4801.95 334.247 0
4802.43 417.808 0
4802.92 501.37 0
4803.41 584.932 0
4803.89 668.493 0
4804.38 752.055 0
4804.87 835.616 0
4805.35 919.178 0
4805.84 1002.74 0
4806.33 1086.3 0
4806.81 1169.86 0
4807.3 1253.42 0
4807.79 1336.99 0
4808.27 1420.55 0
4808.76 1504.11 0
4809.25 1587.67 0
4809.73 1671.23 0
4810.22 1754.79 0
4810.71 1838.36 0
4811.19 1921.92 0
4811.68 2005.48 0
4812.17 2089.04 0
4812.65 2172.6 0
4813.14 2256.16 0
4813.63 2339.73 0
4814.11 2423.29 0
4814.6 2506.85 0
p
20
30
5000 0 0
4999.12 75.9468 0
4998.24 151.894 0
4997.36 227.84 0
4996.48 303.787 0
4995.61 379.734 0
4994.73 455.681 0
4993.85 531.628 0
4992.97 607.574 0
4992.09 683.521 0
4991.21 759.468 0
4990.33 835.415 0
4989.45 911.361 0
4988.57 987.308 0
4987.7 1063.26 0
4986.82 1139.2 0
4985.94 1215.15 0
4985.06 1291.1 0
4984.18 1367.04 0
4983.3 1442.99 0
4982.42 1518.94 0
4981.54 1594.88 0
4980.66 1670.83 0
4979.78 1746.78 0
4978.91 1822.72 0
4978.03 1898.67 0
4977.15 1974.62 0
4976.27 2050.56 0
4975.39 2126.51 0
4974.51 2202.46 0
4973.63 2278.4 0
p
21
30
5200 0 0
5199.69 61.1059 0
5199.37 122.212 0
5199.06 183.318 0
5198.74 244.424 0
5198.43 305.53 0
5198.11 366.635 0
5197.8 427.741 0
5197.48 488.847 0
5197.17 549.953 0
5196.85 611.059 0
5196.54 672.165 0
5196.22 733.271 0
5195.91 794.377 0
5195.59 855.483 0
5195.28 916.589 0
5194.97 977.695 0
5194.65 1038.8 0
5194.34 1099.91 0
5194.02 1161.01 0
5193.71 1222.12 0
5193.39 1283.22 0
5193.08 1344.33 0
5192.76 1405.44 0
5192.45 1466.54 0
5192.13 1527.65 0
5191.82 1588.75 0
5191.5 1649.86 0
5191.19 1710.97 0
5190.87 1772.07 0
5190.56 1833.18 0
p
22
30
5400 0 0
5405.83 89.8472 0
5411.65 179.694 0
5417.48 269.542 0
5423.3 359.389 0
5429.13 449.236 0
5434.95 539.083 0
5440.78 628.93 0
5446.6 718.778 0
5452.43 808.625 0
5458.25 898.472 0
5464.08 988.319 0
5469.9 1078.17 0
5475.73 1168.01 0
5481.55 1257.86 0
5487.38 1347.71 0
5493.2 1437.56 0
5499.03 1527.4 0
5504.85 1617.25 0
5510.68 1707.1 0
5516.5 1796.94 0
5522.33 1886.79 0
5528.15 1976.64 0
5533.98 2066.49 0
5539.8 2156.33 0
5545.63 2246.18 0
5551.45 2336.03 0
5557.28 2425.87 0
5563.1 2515.72 0
5568.93 2605.57 0
5574.75 2695.42 0
p
23
30
5600 0 0
5599.72 74.0863 0
5599.45 148.173 0
5599.17 222.259 0
5598.9 296.345 0
5598.62 370.431 0
5598.35 444.518 0
5598.07 518.604 0
5597.79 592.69 0
5597.52 666.777 0
5597.24 740.863 0
5596.97 814.949 0
5596.69 889.035 0
5596.42 963.122 0
5596.14 1037.21 0
5595.87 1111.29 0
5595.59 1185.38 0
5595.31 1259.47 0
5595.04 1333.55 0
5594.76 1407.64 0
5594.49 1481.73 0
5594.21 1555.81 0
5593.94 1629.9 0
5593.66 1703.98 0
5593.38 1778.07 0
5593.11 1852.16 0
5592.83 1926.24 0
5592.56 2000.33 0
5592.28 2074.42 0
5592.01 2148.5 0
5591.73 2222.59 0
p
24
30
5800 0 0
5803.05 70.5828 0
5806.1 141.166 0
5809.15 211.748 0
5812.2 282.331 0
5815.24 352.914 0
5818.29 423.497 0
5821.34 494.079 0
5824.39 564.662 0
5827.44 635.245 0
5830.49 705.828 0
5833.54 776.41 0
5836.59 846.993 0
5839.64 917.576 0
5842.68 988.159 0
5845.73 1058.74 0
5848.78 1129.32 0
5851.83 1199.91 0
5854.88 1270.49 0
5857.93 1341.07 0
5860.98 1411.66 0
5864.03 1482.24 0
5867.08 1552.82 0
5870.12 1623.4 0
5873.17 1693.99 0
5876.22 1764.57 0
5879.27 1835.15 0
5882.32 1905.73 0
5885.37 1976.32 0
5888.42 2046.9 0
5891.47 2117.48 0
p
25
30
6000 0 0
6003.13 86.967 0
6006.26 173.934 0
6009.38 260.901 0
6012.51 347.868 0
6015.64 434.835 0
6018.77 521.802 0
6021.9 608.769 0
6025.02 695.736 0
6028.15 782.703 0
6031.28 869.67 0
6034.41 956.637 0
6037.54 1043.6 0
6040.66 1130.57 0
6043.79 1217.54 0
6046.92 1304.51 0
6050.05 1391.47 0
6053.17 1478.44 0
6056.3 1565.41 0
6059.43 1652.37 0
6062.56 1739.34 0
6065.69 1826.31 0
6068.81 1913.27 0
6071.94 2000.24 0
6075.07 2087.21 0
6078.2 2174.18 0
6081.33 2261.14 0
6084.45 2348.11 0
6087.58 2435.08 0
6090.71 2522.04 0
6093.84 2609.01 0
p
26
30
6200 0 0
6196.72 67.9801 0
6193.45 135.96 0
6190.17 203.94 0
6186.89 271.92 0
6183.61 339.9 0
6180.34 407.881 0
6177.06 475.861 0
6173.78 543.841 0
6170.5 611.821 0
6167.23 679.801 0
6163.95 747.781 0
6160.67 815.761 0
6157.39 883.741 0
6154.12 951.721 0
6150.84 1019.7 0
6147.56 1087.68 0
6144.28 1155.66 0
6141.01 1223.64 0
6137.73 1291.62 0
6134.45 1359.6 0
6131.17 1427.58 0
6127.9 1495.56 0
6124.62 1563.54 0
6121.34 1631.52 0
6118.06 1699.5 0
6114.79 1767.48 0
6111.51 1835.46 0
6108.23 1903.44 0
6104.95 1971.42 0
6101.68 2039.4 0
p
27
30
6400 0 0
6400.81 67.5779 0
6401.62 135.156 0
6402.43 202.734 0
6403.24 270.312 0
6404.04 337.89 0
6404.85 405.467 0
6405.66 473.045 0
6406.47 540.623 0
6407.28 608.201 0
6408.09 675.779 0
6408.9 743.357 0
6409.71 810.935 0
6410.51 878.513 0
6411.32 946.091 0
6412.13 1013.67 0
6412.94 1081.25 0
6413.75 1148.82 0
6414.56 1216.4 0
6415.37 1283.98 0
6416.18 1351.56 0
6416.98 1419.14 0
6417.79 1486.71 0
6418.6 1554.29 0
6419.41 1621.87 0
6420.22 1689.45 0
6421.03 1757.03 0
6421.84 1824.6 0
6422.65 1892.18 0
6423.45 1959.76 0
6424.26 2027.34 0
p
28
30
6600 0 0
6602.23 71.5944 0
6604.47 143.189 0
6606.7 214.783 0
6608.93 286.377 0
6611.17 357.972 0
6613.4 429.566 0
6615.64 501.161 0
6617.87 572.755 0
6620.1 644.349 0
6622.34 715.944 0
6624.57 787.538 0
6626.8 859.132 0
6629.04 930.727 0
6631.27 1002.32 0
6633.51 1073.92 0
6635.74 1145.51 0
6637.97 1217.1 0
6640.21 1288.7 0
6642.44 1360.29 0
6644.67 1431.89 0
6646.91 1503.48 0
6649.14 1575.08 0
6651.38 1646.67 0
6653.61 1718.26 0
6655.84 1789.86 0
6658.08 1861.45 0
6660.31 1933.05 0
6662.54 2004.64 0
6664.78 2076.24 0
6667.01 2147.83 0
p
29
30
6800 0 0
6802.15 72.9136 0
6804.3 145.827 0
6806.44 218.741 0
6808.59 291.655 0
6810.74 364.568 0
6812.89 437.482 0
6815.03 510.395 0
6817.18 583.309 0
6819.33 656.223 0
6821.48 729.136 0
6823.62 802.05 0
6825.77 874.964 0
6827.92 947.877 0
6830.07 1020.79 0
6832.21 1093.7 0
6834.36 1166.62 0
6836.51 1239.53 0
6838.66 1312.45 0
6840.8 1385.36 0
6842.95 1458.27 0
6845.1 1531.19 0
6847.25 1604.1 0
6849.39 1677.01 0
6851.54 1749.93 0
6853.69 1822.84 0
6855.84 1895.75 0
6857.98 1968.67 0
6860.13 2041.58 0
6862.28 2114.5 0
6864.43 2187.41 0
p
30
30
7000 0 0
7010.87 74.7399 0
7021.74 149.48 0
7032.29 224.255 0
7042.56 299.06 0
7052.61 373.889 0
7062.43 448.74 0
7071.89 523.625 0
7080.55 598.598 0
7087.7 673.727 0
7090.79 749.17 0
7088.41 824.735 0
7079.4 899.981 0
7068.04 975.064 0
7055.73 1050.14 0
7045.25 1125.54 0
7039.51 1201.44 0
7041.26 1277.46 0
7052.73 1352.57 0
7075.23 1425.14 0
7108.84 1493.37 0
7152.37 1555.92 0
7203.45 1612.71 0
7259.37 1664.95 0
7317.06 1715.27 0
7373.19 1767.28 0
7423.67 1824.8 0
7465.85 1888.86 14.425
7506.64 1954.21 14.425
7549.29 2018.63 14.425
7591.75 2083.43 14.425
p
31
30
7200 0 0
7194.74 67.0845 0
7189.48 134.169 0
7185.86 201.402 0
7184.3 268.757 0
7185.45 336.186 0
7189.71 403.573 0
7197.4 470.759 0
7208.75 537.558 0
7224.22 603.712 0
7241.83 669.401 0
7261.85 734.511 0
7284.09 798.995 0
7306.54 863.345 0
7328.96 927.674 0
7350.78 992.149 0
7371.6 1056.92 0
7391.07 1122.1 0
7408.93 1187.82 0
7425.02 1254.15 0
7439.34 1321.12 0
7452.15 1388.69 0
7462.08 1457 0
7469.5 1525.88 0
7474.63 1595.14 0
7478.84 1664.51 14.425
7486.66 1733.53 14.425
7502.42 1800.73 14.425
7525.04 1865.78 14.425
7550.29 1929.96 0
7575.48 1994.23 0
p
32
30
7400 0 0
7415.17 92.2908 0
7430.34 184.582 0
7441.58 277.463 0
7449.05 370.754 0
7453.74 464.195 0
7459.29 557.43 0
7472.78 649.657 0
7501.55 738.411 0
7548.7 819.557 0
7611.18 891.006 0
7682.42 954.759 0
7752.06 1019.73 0
7805.37 1097.4 -5.06374
7833.8 1186.21 -5.06374
7837.82 1279.27 -5.06374
7814.18 1370.29 -5.06374
7755.91 1446.19 0
7677.58 1503.67 0
7598.05 1559.94 0
7531.94 1629.89 -14.425
7494.46 1717.03 -14.425
7485.95 1810.88 -14.425
7502.43 1903.66 -14.425
7533.35 1992.74 -14.425
7573.23 2078.74 -14.425
7614.17 2165.11 -14.425
7651.19 2254.34 0
7682.09 2346.2 0
7706.87 2439.89 0
7731.65 2533.68 0
p
33
30
7600 0 0
7595.93 80.9003 0
7591.85 161.801 0
7590.74 242.874 0
7593.9 324.036 0
7603.1 405.003 0
7619.48 485.234 0
7642.09 564.272 0
7670.2 641.739 0
7705.05 716.77 0
7738.8 792.437 0
7771.61 868.691 0
7801.3 946.149 0
7827.75 1024.48 0
7847.8 1104.21 5.06374
7858.97 1185.43 5.06374
7863.25 1267.3 5.06374
7863.56 1349.22 5.06374
7862.7 1431.19 0
7856.92 1513.01 0
7847.38 1594.65 0
7834.67 1675.97 0
7820.2 1757.17 0
7802.53 1837.91 0
7783.62 1918.62 0
7764.93 1999.64 0
7748.15 2081.3 0
7735.01 2163.78 0
7727.05 2247.04 0
7724.96 2330.84 8.23756
7726.82 2414.71 8.23756
p
34
30
7800 0 0
7801.14 83.7976 0
7802.27 167.595 0
7804.18 251.379 0
7807.62 335.123 0
7813.98 418.726 0
7825.1 501.904 0
7840.69 584.452 0
7858.22 666.784 0
7871.37 750.414 0
7885.39 833.856 0
7898.99 917.423 0
7912.58 1000.95 0
7926.3 1084.33 0
7939.63 1167.67 0
7951.72 1251.16 0
7961.61 1334.95 0
7968.82 1419 0
7973.5 1503.18 0
7973.86 1587.47 0
7969.28 1671.55 0
7959.07 1755.07 0
7942.91 1837.65 0
7920.87 1918.98 0
7893.49 1998.92 0
7861.85 2077.57 0
7827.6 2155.39 0
7793.01 2233.17 0
7760.98 2311.95 -24.5302
7733.77 2392.29 -24.5302
7708.85 2473.67 -24.5302
p
35
30
8000 0 0
8001.9 81.766 0
8003.8 163.532 0
8005.7 245.298 0
8007.6 327.064 0
8009.49 408.83 0
8011.39 490.596 0
8013.29 572.362 0
8015.19 654.128 0
8017.09 735.894 0
8018.99 817.66 0
8020.89 899.426 0
8022.79 981.192 0
8024.68 1062.96 0
8026.58 1144.72 0
8028.48 1226.49 0
8030.38 1308.26 0
8032.28 1390.02 0
8034.18 1471.79 0
8036.08 1553.55 0
8037.98 1635.32 0
8039.87 1717.09 0
8041.77 1798.85 0
8043.67 1880.62 0
8045.57 1962.38 0
8047.47 2044.15 0
8049.37 2125.92 0
8051.27 2207.68 0
8053.17 2289.45 0
8055.06 2371.21 0
8056.96 2452.98 0
p
36
30
8200 0 0
8198 73.8154 0
8196 147.631 0
8194 221.446 0
8192 295.262 0
8190 369.077 0
8188 442.892 0
8186 516.708 0
8184 590.523 0
8182 664.338 0
8180.01 738.154 0
8178.01 811.969 0
8176.01 885.785 0
8174.01 959.6 0
8172.01 1033.42 0
8170.01 1107.23 0
8168.01 1181.05 0
8166.01 1254.86 0
8164.01 1328.68 0
8162.01 1402.49 0
8160.01 1476.31 0
8158.01 1550.12 0
8156.01 1623.94 0
8154.01 1697.75 0
8152.01 1771.57 0
8150.01 1845.38 0
8148.01 1919.2 0
8146.01 1993.02 0
8144.01 2066.83 0
8142.01 2140.65 0
8140.02 2214.46 0
p
37
30
8400 0 0
8415.49 82.5582 0
8430.98 165.116 0
8446.25 247.712 0
8461.22 330.361 0
8475.74 413.089 0
8489.64 495.923 0
8502.73 578.89 0
8514.78 662.015 0
8525.53 745.32 0
8534.71 828.821 0
8541.97 912.519 0
8546.94 996.398 0
8549.22 1080.41 0
8548.38 1164.49 0
8544.08 1248.5 0
8536.4 1332.31 0
8526.55 1415.91 0
8520.64 1499.88 0
8521.59 1583.98 0
8532.87 1667.23 0
8556.92 1747.67 0
8594.12 1823.05 0
8643.79 1891.14 0
8703.81 1950.83 0
8771.32 2002.56 0
8843.28 2048.52 0
8916.73 2092.36 0
8988.62 2138.61 11.5369
9057.16 2189.43 11.5369
9126.41 2239.53 11.5369
p
38
30
8600 0 0
8598.38 75.0442 0
8596.76 150.088 0
8595.58 225.146 0
8594.93 300.214 0
8595 375.291 0
8595.93 450.371 0
8597.88 525.442 0
8600.97 600.487 0
8605.31 675.486 0
8610.97 750.415 0
8618.02 825.247 0
8626.54 899.954 0
8636.58 974.506 0
8648.24 1048.87 0
8661.75 1122.98 0
8677.54 1196.77 0
8696.31 1270.03 0
8715.6 1343.1 0
8735.64 1415.99 0
8756.41 1488.69 0
8778.42 1561.06 0
8800.4 1633.5 0
8823.21 1705.78 0
8847.44 1777.73 0
8874 1848.95 0
8904.17 1918.84 0
8939.53 1986.36 0
8980.96 2050.56 0
9026.45 2112.1 0
9075.82 2170.46 0
p
39
30
8800 0 0
8797.42 73.308 0
8794.83 146.616 0
8792.35 219.927 0
8790.01 293.242 0
8787.85 366.562 0
8785.94 439.888 0
8784.33 513.221 0
8783.1 586.56 0
8782.31 659.904 0
8782.06 733.252 0
8782.43 806.597 0
8783.57 879.933 0
8785.61 953.246 0
8788.77 1026.51 0
8793.37 1099.7 0
8799.9 1172.73 0
8809.1 1245.46 0
8820.27 1317.96 0
8833.54 1390.13 0
8848.73 1461.96 0
8865.59 1533.44 0
8883.87 1604.61 0
8903.24 1675.5 0
8923.38 1746.2 0
8943.96 1816.78 0
8964.62 1887.34 0
8985.03 1957.96 0
9005.45 2028.55 -29.3381
9028.42 2098.41 -29.3381
9055.57 2166.97 -29.3381
p
40
30
9000 0 0
9005.06 69.9517 0
9010.13 139.903 0
9015.19 209.855 0
9020.26 279.807 0
9025.32 349.758 0
9030.39 419.71 0
9035.45 489.662 0
9040.52 559.613 0
9045.58 629.565 0
9050.65 699.517 0
9055.71 769.468 0
9060.77 839.42 0
9065.84 909.372 0
9070.9 979.323 0
9075.97 1049.27 0
9081.03 1119.23 0
9086.1 1189.18 0
9091.16 1259.13 0
9096.23 1329.08 0
9101.29 1399.03 0
9106.35 1468.98 0
9111.42 1538.94 0
9116.48 1608.89 0
9121.55 1678.84 0
9126.61 1748.79 0
9131.68 1818.74 0
9136.74 1888.69 0
9141.81 1958.65 0
9146.87 2028.6 0
9151.94 2098.55 0
p
41
30
9200 0 0
9208.99 72.1112 0
9217.97 144.222 0
9225.95 216.45 0
9233.13 288.765 0
9239.45 361.167 0
9244.61 433.671 0
9248.2 506.284 0
9248.81 579.01 0
9241.28 651.605 0
9225.65 723.177 0
9207.74 794.55 0
9188.76 865.898 0
9171.6 937.762 0
9158.04 1010.27 0
9150.4 1083.39 0
9150.31 1156.61 0
9158.83 1229.08 0
9176.39 1299.77 0
9202.72 1367.69 0
9236.94 1432.17 0
9277.67 1493.04 0
9323.17 1550.75 0
9371.48 1606.36 0
9420.49 1661.44 0
9467.95 1717.77 0
9511.37 1777.11 0
9548.87 1840.27 0
9580.75 1906.76 -12.4884
9605.22 1976.81 -12.4884
9627.77 2047.55 -12.4884
p
42
30
9400 0 0
9398.64 61.4327 0
9397.28 122.865 0
9395.82 184.302 0
9394.54 245.747 0
9393.6 307.203 0
9393.11 368.673 0
9393.06 430.154 0
9393.43 491.661 0
9394.73 553.269 0
9399.78 614.908 0
9405.48 676.438 0
9412.33 737.909 0
9420.16 799.305 0
9428.56 860.639 0
9436.98 921.982 0
9445.34 983.349 0
9453.54 1044.77 0
9461.53 1106.27 0
9469.32 1167.87 0
9476.99 1229.59 0
9484.62 1291.41 0
9492.35 1353.33 0
9500.33 1415.33 0
9508.75 1477.35 0
9517.84 1539.33 0
9527.9 1601.18 0
9539.26 1662.78 0
9552.36 1723.97 0
9567.73 1784.56 0
9585.38 1844.44 0
p
43
30
9600 0 0
9601.89 81.2214 0
9603.78 162.443 0
9600.49 243.748 0
9593.14 324.867 0
9584.36 405.841 0
9576.8 486.834 0
9578.83 568.127 0
9596.24 647.802 0
9628.71 722.826 0
9671.18 793.23 0
9720.21 860.206 0
9770.73 926.251 0
9817.66 994.442 0
9856.32 1066.87 0
9882.97 1143.78 0
9896.44 1223.59 0
9899.91 1304.4 0
9893.04 1385.32 0
9870.78 1463.92 0
9834.68 1538.09 0
9789.25 1607.96 0
9739.82 1675.62 0
9692.21 1744.37 0
9652.75 1817.22 0
9628.03 1895.26 12.4884
9619.23 1976.34 12.4884
9611.22 2057.7 12.4884
9603 2139.13 12.4884
9594.91 2220.59 0
9586.81 2302.05 0
p
44
30
9800 0 0
9801.1 67.88 0
9802.19 135.76 0
9804.51 203.672 0
9807.58 271.545 0
9812.2 339.346 0
9819 407.001 0
9826.54 474.597 0
9834.99 542.124 0
9844.07 609.607 0
9853.56 677.071 0
9863.26 744.535 0
9873.01 812.016 0
9882.64 879.526 0
9891.99 947.073 0
9900.92 1014.67 0
9909.25 1082.31 0
9916.88 1150.03 0
9923.89 1217.8 0
9930.07 1285.65 0
9935.29 1353.55 0
9939.75 1421.49 0
9943.61 1489.49 0
9947.05 1557.53 0
9950.2 1625.62 0
9953.25 1693.73 0
9956.35 1761.86 0
9959.68 1829.99 0
9963.43 1898.12 0
9967.76 1966.22 -8.57709
9972.62 2034.3 -8.57709
p
45
30
10000 0 0
10001.5 77.1548 0
10003 154.31 0
10004.9 231.4 0
10007.4 308.502 0
10010.1 385.598 0
10013.1 462.686 0
10016.4 539.769 0
10019.7 616.851 0
10022.9 693.936 0
10026 771.029 0
10028.8 848.136 0
10031.2 925.261 0
10033.1 1002.41 0
10034.2 1079.58 0
10034.5 1156.76 0
10034.1 1233.95 0
10033 1311.14 0
10031.2 1388.33 0
10028.5 1465.5 0
10024.9 1542.66 0
10020.9 1619.81 0
10016.3 1696.97 0
10011.4 1774.12 0
10006.4 1851.29 0
10001.7 1928.5 8.57709
9997.63 2005.74 8.57709
9994.7 2083.03 8.57709
9993.65 2160.35 0
9994.53 2237.67 -8.32191
9996.39 2314.96 -8.32191
p
46
30
10200 0 0
10186.8 75.5992 0
10173.6 151.198 0
10162.1 227.141 0
10151.2 303.143 0
10141.1 379.266 0
10131.6 455.49 0
10122.8 531.795 0
10114.7 608.164 0
10107 684.583 0
10099.8 761.046 0
10093 837.55 0
10086.6 914.095 0
10080.7 990.688 0
10075.2 1067.34 0
10070.3 1144.05 0
10066.2 1220.86 0
10063.2 1297.74 0
10061.3 1374.68 0
10060.5 1451.66 0
10060.9 1528.65 0
10061.5 1605.66 0
10061.9 1682.69 0
10061.8 1759.74 0
10060.9 1836.8 0
10058.8 1913.82 0
10055.3 1990.77 0
10050.1 2067.58 0
10042.6 2144.18 0
10032.6 2220.46 8.32191
10020.2 2296.33 8.32191
p
47
30
10400 0 0
10403.2 64.1355 0
10406.5 128.271 0
10409.7 192.407 0
10412.9 256.542 0
10416.1 320.678 0
10419.4 384.813 0
10422.6 448.949 0
10425.8 513.084 0
10429.1 577.22 0
10432.3 641.355 0
10435.5 705.491 0
10438.8 769.626 0
10442 833.762 0
10445.2 897.897 0
10448.4 962.033 0
10451.7 1026.17 0
10454.9 1090.3 0
10458.1 1154.44 0
10461.4 1218.58 0
10464.6 1282.71 0
10467.8 1346.85 0
10471.1 1410.98 0
10474.3 1475.12 0
10477.5 1539.25 0
10480.7 1603.39 0
10484 1667.52 0
10487.2 1731.66 0
10490.4 1795.79 0
10493.7 1859.93 0
10496.9 1924.07 0
p
48
30
10600 0 0
10605.3 80.498 0
10610.6 160.996 0
10615.8 241.5 0
10621 322.01 0
10625.9 402.529 0
10630.7 483.06 0
10635.3 563.605 0
10639.6 644.165 0
10643.6 724.741 0
10647.2 805.334 0
10650.5 885.944 0
10653.3 966.572 0
10655.7 1047.22 0
10657.5 1127.87 0
10658.8 1208.54 0
10659.6 1289.22 0
10659.7 1369.91 0
10659.4 1450.59 0
10658.9 1531.28 0
10658.2 1611.97 0
10657.5 1692.65 0
10656.8 1773.34 0
10656.4 1854.03 0
10656.3 1934.71 0
10656.7 2015.4 0
10657.7 2096.07 0
10659.4 2176.73 0
10662 2257.37 0
10665.5 2337.97 0
10669.9 2418.52 0
p
49
30
10800 0 0
10794.2 80.9204 0
10788.5 161.841 0
10782.8 242.767 0
10777.2 323.699 0
10771.8 404.641 0
10766.5 485.595 0
10761.5 566.563 0
10756.6 647.547 0
10752.1 728.547 0
10748 809.566 0
10744.2 890.604 0
10740.8 971.661 0
10737.8 1052.74 0
10735.3 1133.83 0
10733.4 1214.94 0
10732 1296.06 0
10731.2 1377.19 0
10730.7 1458.32 0
10730.4 1539.46 0
10730.2 1620.6 0
10730 1701.74 0
10729.5 1782.87 0
10728.8 1864 0
10727.5 1945.13 0
10725.6 2026.24 0
10723 2107.32 0
10719.4 2188.37 0
10714.9 2269.37 0
10709.1 2350.29 0
10702.3 2431.13 0
p
50
30
11000 0 0
11008.3 72.1977 0
11016.5 144.395 0
11024.8 216.593 0
11033 288.791 0
11041.3 360.988 0
11049.6 433.186 0
11057.8 505.384 0
11066.1 577.582 0
11074.3 649.779 0
11082.6 721.977 0
11090.9 794.175 0
11099.1 866.372 0
11107.4 938.57 0
11115.6 1010.77 0
11123.9 1082.97 0
11132.2 1155.16 0
11140.4 1227.36 0
11148.7 1299.56 0
11156.9 1371.76 0
11165.2 1443.95 0
11173.5 1516.15 0
11181.7 1588.35 0
11190 1660.55 0
11198.2 1732.74 0
11206.5 1804.94 0
11214.8 1877.14 0
11223 1949.34 0
11231.3 2021.54 0
11239.5 2093.73 0
11247.8 2165.93 0
p
51
30
11200 0 0
11204 72.6011 0
11208 145.202 0
11212 217.803 0
11216 290.404 0
11220 363.005 0
11224 435.607 0
11228 508.208 0
11232 580.809 0
11236 653.41 0
11240 726.011 0
11244 798.612 0
11247.9 871.213 0
11251.9 943.814 0
11255.9 1016.42 0
11259.9 1089.02 0
11263.9 1161.62 0
11267.9 1234.22 0
11271.9 1306.82 0
11275.9 1379.42 0
11279.9 1452.02 0
11283.9 1524.62 0
11287.9 1597.22 0
11291.9 1669.83 0
11295.9 1742.43 0
11299.9 1815.03 0
11303.9 1887.63 0
11307.9 1960.23 0
11311.9 2032.83 0
11315.9 2105.43 0
11319.9 2178.03 0
p
52
30
11400 0 0
11400.6 69.4081 0
11401.2 138.816 0
11401.8 208.224 0
11402.4 277.633 0
11403.1 347.041 0
11403.7 416.449 0
11404.3 485.857 0
11404.9 555.265 0
11405.5 624.673 0
11406.1 694.081 0
11406.7 763.49 0
11407.3 832.898 0
11408 902.306 0
11408.6 971.714 0
11409.2 1041.12 0
11409.8 1110.53 0
11410.4 1179.94 0
11411 1249.35 0
11411.6 1318.75 0
11412.2 1388.16 0
11412.8 1457.57 0
11413.5 1526.98 0
11414.1 1596.39 0
11414.7 1665.8 0
11415.3 1735.2 0
11415.9 1804.61 0
11416.5 1874.02 0
11417.1 1943.43 0
11417.7 2012.84 0
11418.3 2082.24 0
p
53
30
11600 0 0
11599.7 75.2459 0
11599.3 150.492 0
11599 225.738 0
11598.7 300.983 0
11598.4 376.229 0
11598 451.475 0
11597.7 526.721 0
11597.4 601.967 0
11597 677.213 0
11596.7 752.459 0
11596.4 827.704 0
11596 902.95 0
11595.7 978.196 0
11595.4 1053.44 0
11595.1 1128.69 0
11594.7 1203.93 0
11594.4 1279.18 0
11594.1 1354.43 0
11593.7 1429.67 0
11593.4 1504.92 0
11593.1 1580.16 0
11592.7 1655.41 0
11592.4 1730.65 0
11592.1 1805.9 0
11591.8 1881.15 0
11591.4 1956.39 0
11591.1 2031.64 0
11590.8 2106.88 0
11590.4 2182.13 0
11590.1 2257.38 0
p
54
30
11800 0 0
11794.3 80.794 0
11788.7 161.588 0
11783 242.382 0
11777.4 323.176 0
11771.7 403.97 0
11766.1 484.764 0
11760.4 565.558 0
11754.7 646.352 0
11749.1 727.146 0
11743.4 807.94 0
11737.8 888.734 0
11732.1 969.529 0
11726.5 1050.32 0
11720.8 1131.12 0
11715.2 1211.91 0
11709.5 1292.7 0
11703.8 1373.5 0
11698.2 1454.29 0
11692.5 1535.09 0
11686.9 1615.88 0
11681.2 1696.67 0
11675.6 1777.47 0
11669.9 1858.26 0
11664.2 1939.06 0
11658.6 2019.85 0
11652.9 2100.65 0
11647.3 2181.44 0
11641.6 2262.23 0
11636 2343.03 0
11630.3 2423.82 0
p
55
30
12000 0 0
12013 81.7234 0
12025.9 163.447 0
12038.9 245.03 0
12051.4 326.626 0
12063.9 408.295 0
12076.3 489.976 0
12088.7 571.654 0
12101.2 653.315 0
12114 734.939 0
12127.1 816.512 0
12140.6 898.018 0
12154.6 979.444 0
12169.2 1060.78 0
12184.3 1142.02 0
12199.9 1223.16 -11.533
12215.8 1304.26 -11.533
12230.5 1385.58 -11.533
12243.9 1467.16 -11.533
12256.5 1548.9 -11.533
12269.3 1630.65 -11.533
12282.6 1712.35 -11.533
12296.1 1793.99 0
12309.6 1875.63 0
12323 1957.27 0
12336.5 2038.91 0
12350 2120.55 0
12363.5 2202.19 0
12377 2283.83 0
12390.4 2365.47 0
12403.9 2447.11 0
p
56
30
12200 0 0
12211.1 75.2696 0
12222.2 150.539 0
12229.7 226.448 0
12232.3 302.896 0
12234.2 379.29 0
12235.3 455.697 0
12236.2 532.052 0
12237.1 608.341 0
12237.8 684.597 0
12237.3 760.846 0
12237.4 837.319 0
12237.6 913.962 0
12237.7 990.714 0
12237.7 1067.47 0
12237.6 1144.12 0
12237.4 1220.61 11.533
12237.8 1296.93 11.533
12241 1373.05 11.533
12247.9 1448.8 11.533
12259.4 1523.92 11.533
12276.6 1597.96 11.533
12300 1670.39 11.533
12329.9 1740.56 11.533
12367.7 1807.25 0
12412.7 1869.76 0
12463.6 1928.22 0
12518.6 1983.54 0
12575.5 2037.38 23.1957
12632.9 2091.31 23.1957
12691.1 2144.54 23.1957
p
57
30
12400 0 0
12403.5 63.7088 0
12407 127.418 0
12411 191.146 0
12415.4 254.887 0
12419.5 318.61 0
12424 382.327 0
12428.7 446.044 0
12433.7 509.763 0
12439 573.501 0
12443.9 637.355 0
12449 701.149 0
12454.2 764.947 0
12459.4 828.748 0
12464.6 892.551 0
12469.8 956.355 0
12475 1020.16 0
12480.2 1083.96 0
12485.4 1147.75 0
12490.6 1211.54 0
12495.8 1275.32 0
12501.2 1339.08 0
12506.6 1402.81 0
12512.4 1466.52 0
12518.6 1530.19 0
12525.4 1593.79 0
12533.1 1657.29 0
12542.1 1720.65 -25.6996
12552.4 1783.82 -25.6996
12564 1846.8 -25.6996
12576.7 1909.59 -25.6996
p
58
30
12600 0 0
12605.7 62.484 0
12611.4 124.968 0
12618.4 187.315 0
12626 249.594 0
12632.4 312.063 0
12639.1 374.509 0
12645.7 436.989 0
12652.3 499.482 0
12659 561.958 0
12663.3 624.74 0
12665.7 687.628 0
12665.5 750.602 0
12664 813.587 0
12661.1 876.571 0
12657.1 939.547 0
12652.2 1002.52 0
12646.7 1065.52 0
12640.8 1128.55 0
12634.6 1191.65 0
12628.3 1254.82 0
12622 1318.1 0
12615.7 1381.47 0
12609.4 1444.95 0
12603.2 1508.54 0
12597.1 1572.23 0
12591 1636 0
12584.9 1699.85 0
12578.8 1763.75 0
12573.1 1827.75 0
12568.4 1892.08 0
p
59
30
12800 0 0
12796 83.4242 0
12792 166.848 0
12792.3 250.484 0
12795.4 334.101 0
12795.1 417.893 0
12799.8 501.624 0
12810.3 584.886 0
12829.3 666.783 0
12860.2 745.442 0
12910.5 815.436 0
12959.4 886.522 0
13001.1 961.908 0
13030.8 1042.14 -12.8046
13048.8 1125.06 -12.8046
13052.1 1209.19 -12.8046
13039.4 1292.09 -12.8046
13011.3 1371.34 -12.8046
12969.4 1445.1 0
12912.7 1509.55 0
12845.8 1565.12 0
12775.3 1617.02 0
12708 1672.48 0
12651.3 1737.45 0
12612.7 1813.62 0
12594.8 1896.98 0
12591.7 1982.11 0
12616.6 2067.18 0
12646.6 2150.74 -25.6996
12676.1 2234.46 0
12705.6 2318.19 0
p
60
30
13000 0 0
13010.2 76.2709 0
13020.3 152.542 0
13033.1 228.434 0
13048.7 303.832 0
13065.1 379.096 0
13080.4 454.62 0
13093.4 530.605 0
13102.3 607.212 0
13105.9 684.304 0
13102.6 761.502 0
13094.2 838.431 0
13083 915.127 0
13070.5 991.694 12.8046
13058.7 1068.38 12.8046
13048.7 1145.24 12.8046
13041.1 1222.27 12.8046
13037.3 1299.42 12.8046
13037.8 1376.53 12.8046
13043.4 1453.33 0
13055.1 1529.37 0
13072.9 1604.19 0
13096.2 1677.54 0
13123.8 1749.39 0
13154.6 1820.06 0
13186.7 1890.13 0
13218.6 1960.34 0
13248.3 2031.46 0
13274.1 2104.08 0
13295.3 2178.2 0
13315.2 2252.79 0
p
61
30
13200 0 0
13199.3 71.124 0
13198.7 142.248 0
13199.9 213.464 0
13202 284.78 0
13205.3 356.183 0
13208.5 427.617 0
13213.3 499.071 0
13216.7 570.708 0
13221.8 642.523 0
13226.7 714.649 0
13233.4 786.93 0
13238.4 859.347 0
13243.2 931.919 0
13248 1004.57 0
13253 1077.18 0
13257.9 1149.7 0
13262.9 1222.05 0
13268 1294.24 0
13273 1366.33 0
13278 1438.4 0
13282.8 1510.58 0
13287.5 1582.95 0
13291.9 1655.55 0
13295.8 1728.34 0
13299.1 1801.23 0
13301.8 1874.11 0
13303.8 1946.83 0
13306.1 2019.32 0
13310.6 2091.46 0
13319.2 2162.67 0
p
62
30
13400 0 0
13399.4 78.2252 0
13398.9 156.45 0
13401.9 234.674 0
13410.3 312.631 0
13423.9 390.007 0
13440.1 467.094 0
13458.1 543.915 0
13476.2 620.778 0
13493.3 697.829 0
13507.5 775.297 0
13518.6 853.118 0
13525.6 931.264 0
13528.3 1009.53 0
13526.6 1087.72 0
13520.5 1165.64 0
13510.5 1243.15 0
13497.2 1320.18 0
13481.2 1396.77 0
13463.6 1473.02 0
13445.1 1549.1 0
13426.6 1625.18 0
13409 1701.43 0
13393 1777.98 0
13379.2 1854.89 0
13367.9 1932.16 0
13359.4 2009.73 0
13353.4 2087.52 0
13349.4 2165.44 0
13346 2243.53 0
13342.4 2321.7 0
p
63
30
13600 0 0
13602.2 59.9022 0
13604.4 119.804 0
13606.6 179.707 0
13608.9 239.609 0
13611.1 299.511 0
13613.3 359.413 0
13615.5 419.316 0
13617.7 479.218 0
13619.9 539.12 0
13622.2 599.022 0
13624.4 658.925 0
13626.6 718.827 0
13628.8 778.729 0
13631 838.631 0
13633.2 898.534 0
13635.5 958.436 0
13637.7 1018.34 0
13639.9 1078.24 0
13642.1 1138.14 0
13644.3 1198.04 0
13646.5 1257.95 0
13648.8 1317.85 0
13651 1377.75 0
13653.2 1437.65 0
13655.4 1497.56 0
13657.6 1557.46 0
13659.8 1617.36 0
13662.1 1677.26 0
13664.3 1737.16 0
13666.5 1797.07 0
p
64
30
13800 0 0
13798.2 69.6594 0
13796.4 139.319 0
13794.3 208.973 0
13792 278.62 0
13789.5 348.261 0
13786.7 417.894 0
13783.8 487.521 0
13780.7 557.141 0
13777.3 626.755 0
13773.8 696.361 0
13770.2 765.961 0
13766.3 835.555 0
13762.3 905.143 0
13758.2 974.724 0
13754 1044.3 0
13749.6 1113.87 0
13745.1 1183.44 0
13740.5 1253 0
13735.8 1322.55 0
13731.1 1392.11 0
13726.2 1461.66 0
13721.3 1531.2 0
13716.3 1600.74 0
13711.3 1670.28 0
13706.2 1739.82 0
13701.1 1809.36 0
13696 1878.89 0
13690.9 1948.43 0
13685.7 2017.96 0
13680.6 2087.5 0
p
65
30
14000 0 0
13991.8 72.4809 0
13983.7 144.962 0
13975.4 217.423 0
13966.8 289.861 0
13958.2 362.287 0
13949.4 434.695 0
13940.5 507.085 0
13931.4 579.457 0
13922.2 651.812 0
13912.8 724.149 0
13903.3 796.469 0
13893.6 868.771 0
13883.8 941.056 0
13873.9 1013.32 0
13863.8 1085.58 0
13853.6 1157.81 0
13843.3 1230.03 0
13832.8 1302.23 0
13822.3 1374.42 0
13811.6 1446.59 0
13800.7 1518.74 0
13789.8 1590.88 0
13778.8 1663.01 0
13767.6 1735.12 0
13756.4 1807.22 0
13745 1879.3 0
13733.5 1951.37 0
13722 2023.43 0
13710.4 2095.48 0
13698.7 2167.52 0
p
66
30
14200 0 0
14202.4 72.0877 0
14204.8 144.175 0
14207.1 216.263 0
14209.5 288.351 0
14211.9 360.438 0
14214.3 432.526 0
14216.7 504.614 0
14219 576.701 0
14221.4 648.789 0
14223.8 720.877 0
14226.2 792.965 0
14228.6 865.052 0
14231 937.14 0
14233.3 1009.23 0
14235.7 1081.32 0
14238.1 1153.4 0
14240.5 1225.49 0
14242.9 1297.58 0
14245.2 1369.67 0
14247.6 1441.75 0
14250 1513.84 0
14252.4 1585.93 0
14254.8 1658.02 0
14257.1 1730.1 0
14259.5 1802.19 0
14261.9 1874.28 0
14264.3 1946.37 0
14266.7 2018.46 0
14269.1 2090.54 0
14271.4 2162.63 0
p
67
30
14400 0 0
14403.2 75.4531 0
14406.4 150.906 0
14409.7 226.359 0
14412.9 301.813 0
14416.1 377.266 0
14419.3 452.719 0
14422.5 528.172 0
14425.7 603.625 0
14429 679.078 0
14432.2 754.531 0
14435.4 829.985 0
14438.6 905.438 0
14441.8 980.891 0
14445 1056.34 0
14448.3 1131.8 0
14451.5 1207.25 0
14454.7 1282.7 0
14457.9 1358.16 0
14461.1 1433.61 0
14464.4 1509.06 0
14467.6 1584.52 0
14470.8 1659.97 0
14474 1735.42 0
14477.2 1810.88 0
14480.4 1886.33 0
14483.7 1961.78 0
14486.9 2037.23 0
14490.1 2112.69 0
14493.3 2188.14 0
14496.5 2263.59 0
p
68
30
14600 0 0
14598 65.6376 0
14595.9 131.275 0
14593.9 196.913 0
14591.9 262.55 0
14589.8 328.188 0
14587.8 393.825 0
14585.8 459.463 0
14583.7 525.101 0
14581.7 590.738 0
14579.6 656.376 0
14577.6 722.013 0
14575.6 787.651 0
14573.5 853.289 0
14571.5 918.926 0
14569.5 984.564 0
14567.4 1050.2 0
14565.4 1115.84 0
14563.4 1181.48 0
14561.3 1247.11 0
14559.3 1312.75 0
14557.3 1378.39 0
14555.2 1444.03 0
14553.2 1509.66 0
14551.1 1575.3 0
14549.1 1640.94 0
14547.1 1706.58 0
14545 1772.21 0
14543 1837.85 0
14541 1903.49 0
14538.9 1969.13 0
p
69
30
14800 0 0
14792.4 75.1476 0
14784.8 150.295 0
14777.1 225.443 0
14769.5 300.59 0
14761.9 375.738 0
14754.3 450.886 0
14746.7 526.033 0
14739 601.181 0
14731.4 676.329 0
14723.8 751.476 0
14716.2 826.624 0
14708.6 901.771 0
14700.9 976.919 0
14693.3 1052.07 0
14685.7 1127.21 0
14678.1 1202.36 0
14670.5 1277.51 0
14662.9 1352.66 0
14655.2 1427.8 0
14647.6 1502.95 0
14640 1578.1 0
14632.4 1653.25 0
14624.8 1728.4 0
14617.1 1803.54 0
14609.5 1878.69 0
14601.9 1953.84 0
14594.3 2028.99 0
14586.7 2104.13 0
14579 2179.28 0
14571.4 2254.43 0
p
70
30
15000 0 0
14994.8 75.6714 0
14989.6 151.343 0
14982.5 226.805 0
14975.3 302.201 0
14966.5 377.454 0
14958.1 452.773 0
14950.4 528.172 0
14944.3 603.708 0
14940.4 679.4 0
14939.3 755.22 0
14941.2 831.102 0
14946.3 906.973 0
14954.8 982.726 0
14966.6 1058.26 0
14981.5 1133.51 0
14999.1 1208.41 0
15019 1282.95 0
15040.6 1357.18 0
15063.2 1431.19 0
15086 1505.13 0
15108.1 1579.17 -4.21126
15127.5 1653.7 -4.21126
15139.2 1729.32 0
15142.8 1805.34 0
15139.6 1881.23 0
15130.9 1956.68 0
15117.7 2031.52 0
15100.7 2105.7 0
15081.2 2179.31 15.4696
15060.5 2252.67 15.4696
p
71
30
15200 0 0
15191.5 52.3774 0
15183 104.755 0
15175.5 157.367 0
15168.7 210.115 0
15163 263.004 0
15158 315.955 0
15153.6 368.985 0
15149.9 422.078 0
15146.7 475.222 0
15143.9 528.409 0
15141.6 581.632 0
15139.7 634.886 0
15138.1 688.168 0
15136.9 741.476 0
15136 794.811 0
15135.4 848.171 0
15135.1 901.56 0
15135.1 954.98 0
15135.3 1008.44 0
15135.8 1061.93 0
15136.5 1115.47 0
15137.4 1169.06 0
15138.5 1222.7 0
15139.6 1276.4 0
15140.8 1330.17 0
15141.9 1384.01 0
15142.9 1437.93 0
15143.6 1491.92 0
15143.8 1545.98 4.21126
15143.5 1600.1 4.21126
p
72
30
15400 0 0
15400.5 74.0353 0
15401 148.071 0
15404.6 222.071 0
15412.7 295.833 0
15423.3 369.386 0
15435.8 442.818 0
15449.8 516.162 0
15464.4 589.536 0
15478.9 663.075 0
15492.1 736.921 0
15503.1 811.21 0
15511.8 885.791 0
15517.6 960.641 0
15520.1 1035.64 0
15518.8 1110.64 0
15513.5 1185.44 0
15505.4 1259.98 0
15494.4 1334.18 0
15480.8 1407.99 0
15464.6 1481.37 0
15445.7 1554.22 0
15424.2 1626.47 0
15399.8 1697.95 0
15372.2 1768.48 0
15341.4 1837.79 0
15306.9 1905.57 0
15268.5 1971.42 0
15226 2034.86 0
15179 2095.32 15.4696
15128.3 2152.84 15.4696
p
73
30
15600 0 0
15587.9 88.603 0
15575.8 177.206 0
15566.6 266.204 0
15561.5 355.62 0
15560.2 445.273 0
15563.3 535.037 0
15571.3 624.685 0
15584.7 713.892 0
15604 802.237 0
15629.5 889.223 0
15661 974.391 0
15694 1059.11 0
15726 1144.16 0
15753.4 1230.64 0
15772.4 1319.12 0
15779.4 1409.11 0
15773.6 1499.02 0
15753.7 1586.87 0
15719.8 1670.49 0
15673.1 1748.03 0
15615.6 1818.41 0
15549.6 1881.59 0
15477.6 1938.6 0
15402.1 1991.44 0
15325.3 2042.84 0
15249.5 2095.88 0
15176.3 2152.36 -15.4696
15103.6 2210.03 -15.4696
15030.9 2267.49 -15.4696
14958.1 2324.91 0
p
74
30
15800 0 0
15796.5 77.2965 0
15792.9 154.593 0
15789.7 231.898 0
15786.9 309.218 0
15784.8 386.558 0
15783.6 463.918 0
15783.6 541.291 0
15785.1 618.655 0
15788.1 695.984 0
15792.7 773.248 0
15798.7 850.43 0
15805.9 927.527 0
15813.9 1004.55 0
15822.4 1081.54 0
15831.3 1158.49 0
15840.1 1235.45 0
15848.7 1312.44 0
15856.6 1389.48 0
15863.8 1466.59 0
15870 1543.78 0
15874.8 1621.03 0
15878.2 1698.35 0
15880 1775.71 0
15880.1 1853.07 0
15878.4 1930.4 0
15874.8 2007.66 0
15869.4 2084.82 0
15862.3 2161.83 -13.5673
15854.4 2238.77 -13.5673
15846.3 2315.74 -13.5673
p
75
30
16000 0 0
16009.1 72.8321 0
16018.1 145.664 0
16025.7 218.707 0
16031.6 291.944 0
16035.5 365.368 0
16037 438.937 0
16036.1 512.594 0
16033 586.283 0
16027.8 659.97 0
16021 733.653 0
16013.3 807.369 0
16005.3 881.174 0
15997.4 955.108 0
15989.5 1029.17 0
15983.3 1103.39 0
15978 1177.7 0
15973.7 1252.05 0
15970.1 1326.41 0
15967.2 1400.78 0
15964.7 1475.2 0
15962.1 1549.72 0
15958.6 1624.38 0
15955.8 1699.21 0
15952.8 1774.2 0
15949.2 1849.28 0
15944.3 1924.33 0
15936.9 1999.12 0
15924.7 2073.16 0
15904.6 2145.27 13.5673
15875.1 2213.81 13.5673
p
76
30
16200 0 0
16191.4 80.4876 0
16182.8 160.975 0
16174.9 241.533 0
16168 322.186 0
16162.6 402.96 0
16159.2 483.862 0
16158.3 564.862 0
16160.6 645.875 0
16166.5 726.77 0
16175.9 807.39 0
16188.8 887.605 0
16204.6 967.35 0
16222.7 1046.66 0
16242.1 1125.67 0
16260.6 1204.9 0
16276.6 1284.6 0
16288.3 1364.96 0
16294 1445.88 0
16292.3 1526.93 0
16282.1 1607.32 0
16262.9 1686.07 0
16234.6 1762.15 0
16198.6 1835.05 0
16156.1 1904.51 0
16108.6 1970.86 0
16057.8 2034.98 0
16005.6 2098.13 0
15954.1 2161.89 0
15904.4 2227.15 13.5673
15854.7 2292.62 13.5673
p
77
30
16400 0 0
16403.9 61.1224 0
16407.9 122.245 0
16411.8 183.367 0
16415.7 244.49 0
16419.7 305.612 0
16423.6 366.734 0
16427.5 427.857 0
16431.5 488.979 0
16435.4 550.102 0
16439.3 611.224 0
16443.3 672.346 0
16447.2 733.469 0
16451.1 794.591 0
16455.1 855.713 0
16459 916.836 0
16462.9 977.958 0
16466.9 1039.08 0
16470.8 1100.2 0
16474.7 1161.33 0
16478.7 1222.45 0
16482.6 1283.57 0
16486.5 1344.69 0
16490.5 1405.81 0
16494.4 1466.94 0
16498.3 1528.06 0
16502.3 1589.18 0
16506.2 1650.3 0
16510.1 1711.43 0
16514.1 1772.55 0
16518 1833.67 0
p
78
30
16600 0 0
16607.5 70.794 0
16614.9 141.588 0
16622.4 212.382 0
16629.9 283.176 0
16637.4 353.97 0
16644.8 424.764 0
16652.3 495.558 0
16659.8 566.352 0
16667.3 637.146 0
16674.7 707.94 0
16682.2 778.734 0
16689.7 849.528 0
16697.2 920.322 0
16704.6 991.116 0
16712.1 1061.91 0
16719.6 1132.7 0
16727.1 1203.5 0
16734.5 1274.29 0
16742 1345.09 0
16749.5 1415.88 0
16756.9 1486.67 0
16764.4 1557.47 0
16771.9 1628.26 0
16779.4 1699.06 0
16786.8 1769.85 0
16794.3 1840.64 0
16801.8 1911.44 0
16809.3 1982.23 0
16816.7 2053.03 0
16824.2 2123.82 0
p
79
30
16800 0 0
16812.6 75.2684 0
16825.1 150.537 0
16837.7 225.805 0
16850.3 301.074 0
16862.9 376.342 0
16875.4 451.61 0
16888 526.879 0
16900.4 602.174 0
16912.6 677.502 0
16924.6 752.876 0
16936.1 828.307 0
16947.3 903.807 0
16957.9 979.384 0
16967.8 1055.05 0
16977.1 1130.8 0
16985.7 1206.64 0
16993.3 1282.59 0
17000.1 1358.62 0
17005.8 1434.74 0
17011 1510.9 0
17015.9 1587.09 0
17020.6 1663.29 0
17025.5 1739.48 0
17030.8 1815.64 0
17036.7 1891.75 0
17043.5 1967.78 0
17051.3 2043.7 0
17060.6 2119.46 0
17071.4 2195 0
17083.7 2270.31 0
s	0
28 31 60 64 92 97 
28 29 30 31 60 61 62 63 64 92 93 94 95 96 97 
b
3 0
0.783099 0.394383 0.840188
29 0 0 1
30 0 0 1
61 0 0 2
62 0 0 3
63 0 0 3
93 0 0 2
94 0 0 3
95 0 0 2
96 0 0 3
g
0
2 2 0 0 1 2 0 2 4
t
2
0
1200.34 2078.57 100
1200.34 2078.57 -100
a
6
0
31 27 64 59 97 91 
1 95 1 62 0 63 0 29 0 28 0 2640 0.5 2641 0.5 
1 93 1 61 0 62 0 60 0 2640 0.5 2641 0.5 
1 94 1 61 0 62 0 63 0 2640 0.5 2641 0.5 
1 96 1 63 0 29 0 30 0 2640 0.5 2641 0.5 
1 92 1 61 0 60 0 2640 0.5 2641 0.5 
2 61 1 93 0 94 0 92 0 2640 0.5 2641 0.5 
2 62 1 95 0 93 0 94 0 2640 0.5 2641 0.5 
2 63 1 95 0 94 0 96 0 2640 0.5 2641 0.5 
2 60 1 93 0 92 0 2640 0.5 2641 0.5 
2 29 1 95 0 96 0 2640 0.5 2641 0.5 
2 28 1 95 0 2640 0.5 2641 0.5 
2 30 1 96 0 2640 0.5 2641 0.5 
0 2640 6 95 0.5 93 0.5 94 0.5 96 0.5 92 0.5 61 0.5 62 0.5 63 0.5 60 0.5 29 0.5 28 0.5 30 0.5 
0 2641 6 95 0.5 93 0.5 94 0.5 96 0.5 92 0.5 61 0.5 62 0.5 63 0.5 60 0.5 29 0.5 28 0.5 30 0.5 
NanList DIR 0
d
42
0 0 -15.1404 0 0 -15.1404 0 0 -15.1404 0 0 -15.1404 0 0 -15.1404 0 0 15.1404 0 0 15.1404 0 0 15.1404 0 0 15.1404 0 0 15.1404 0 0 15.1404 0 0 15.1404 0 0 0 0 0 0 
s	1
324 325 326 359 360 361 389 390 391 392 393 394 423 424 425 426 427 
324 325 326 359 360 361 389 390 391 392 393 394 423 424 425 426 427 
b
3 0
0.197551 0.911647 0.79844
325 0 0 1
360 0 0 2
393 0 0 1
b
2 0
0.277775 0.76823 0.335223
390 0 0 2
391 0 0 2
392 0 0 1
424 0 0 1
425 0 0 2
426 0 0 2
g
0
2 2 0 0 1 2 0 2 4
t
2
2
3390.75 2016.25 100
3390.75 2016.25 -100
a
8
6
326 323 361 358 394 388 427 422 
1 392 1 360 0 359 0 426 0 2640 0.5 2641 0.5 
1 389 1 424 0 423 0 2640 0.5 2641 0.5 
1 390 1 424 0 425 0 2640 0.5 2641 0.5 
1 391 1 425 0 426 0 2640 0.5 2641 0.5 
1 393 1 360 0 2640 0.5 2641 0.5 
2 424 1 389 0 390 0 2640 0.5 2641 0.5 
2 425 1 390 0 391 0 2640 0.5 2641 0.5 
2 426 1 392 0 391 0 2640 0.5 2641 0.5 
2 423 1 389 0 2640 0.5 2641 0.5 
2 360 1 392 0 324 0 325 0 393 0 2640 0.5 2641 0.5 
2 359 1 392 0 324 0 2640 0.5 2641 0.5 
1 324 1 360 0 359 0 2640 0.5 2641 0.5 
1 325 1 360 0 2640 0.5 2641 0.5 
0 2640 6.5 392 0.5 389 0.5 390 0.5 391 0.5 393 0.5 424 0.5 425 0.5 426 0.5 423 0.5 360 0.5 359 0.5 324 0.5 325 0.5 
0 2641 6.5 392 0.5 389 0.5 390 0.5 391 0.5 393 0.5 424 0.5 425 0.5 426 0.5 423 0.5 360 0.5 359 0.5 324 0.5 325 0.5 
NanList DIR 0
d
45
0 0 -12.9472 0 0 -12.9472 0 0 -12.9472 0 0 -12.9472 0 0 -12.9472 0 0 12.9472 0 0 12.9472 0 0 12.9472 0 0 12.9472 0 0 12.9472 0 0 12.9472 0 0 -12.9472 0 0 -12.9472 0 0 0 0 0 0 
s	2
457 458 459 488 489 490 491 492 493 524 525 526 557 558 559 
457 458 459 488 489 490 491 492 493 524 525 526 557 558 559 
b
2 0
0.628871 0.477397 0.55397
458 0 0 1
492 0 0 1
b
2 0
0.95223 0.513401 0.364784
489 0 0 1
490 0 0 1
525 0 0 2
b
2 0
0.717297 0.635712 0.916195
491 0 0 1
558 0 0 1
g
0
2 2 0 0 1 2 0 2 4
t
2
4
4195.86 2038.39 100
4195.86 2038.39 -100
a
8
14
459 456 493 487 526 523 559 556 
1 490 1 525 0 558 0 557 0 2640 0.5 2641 0.5 
1 489 1 524 0 525 0 2640 0.5 2641 0.5 
1 491 1 457 0 558 0 2640 0.5 2641 0.5 
1 492 1 457 0 458 0 2640 0.5 2641 0.5 
1 488 1 524 0 2640 0.5 2641 0.5 
2 524 1 489 0 488 0 2640 0.5 2641 0.5 
2 525 1 490 0 489 0 2640 0.5 2641 0.5 
2 457 1 491 0 492 0 2640 0.5 2641 0.5 
2 458 1 492 0 2640 0.5 2641 0.5 
2 558 1 490 0 491 0 2640 0.5 2641 0.5 
2 557 1 490 0 2640 0.5 2641 0.5 
0 2640 5.5 490 0.5 489 0.5 491 0.5 492 0.5 488 0.5 524 0.5 525 0.5 457 0.5 458 0.5 558 0.5 557 0.5 
0 2641 5.5 490 0.5 489 0.5 491 0.5 492 0.5 488 0.5 524 0.5 525 0.5 457 0.5 458 0.5 558 0.5 557 0.5 
NanList DIR 0
d
39
0 0 -14.8639 0 0 -14.8639 0 0 -14.8639 0 0 -14.8639 0 0 -14.8639 0 0 14.8639 0 0 14.8639 0 0 14.8639 0 0 14.8639 0 0 14.8639 0 0 14.8639 0 0 0 0 0 0 
s	3
513 520 545 552 
513 514 515 516 517 518 519 520 545 546 547 548 549 550 551 552 
b
2 0
0.0163006 0.606969 0.141603
514 0 0 2
515 0 0 2
516 0 0 3
517 0 0 3
518 0 0 3
519 0 0 2
546 0 0 1
547 0 0 3
548 0 0 3
549 0 0 3
550 0 0 3
551 0 0 2
g
0
2 2 0 0 1 2 0 2 4
t
2
6
3972.26 1395.11 100
3972.26 1395.11 -100
a
4
22
520 512 552 544 
1 515 1 546 0 547 0 548 0 2640 0.5 2641 0.5 
1 516 1 547 0 548 0 549 0 2640 0.5 2641 0.5 
1 517 1 548 0 549 0 550 0 2640 0.5 2641 0.5 
1 518 1 549 0 550 0 551 0 2640 0.5 2641 0.5 
1 513 1 546 0 545 0 2640 0.5 2641 0.5 
1 514 1 546 0 547 0 2640 0.5 2641 0.5 
1 519 1 550 0 551 0 2640 0.5 2641 0.5 
2 546 1 515 0 513 0 514 0 2640 0.5 2641 0.5 
2 547 1 515 0 516 0 514 0 2640 0.5 2641 0.5 
2 548 1 515 0 516 0 517 0 2640 0.5 2641 0.5 
2 549 1 516 0 517 0 518 0 2640 0.5 2641 0.5 
2 550 1 517 0 518 0 519 0 2640 0.5 2641 0.5 
2 551 1 518 0 519 0 2640 0.5 2641 0.5 
2 545 1 513 0 2640 0.5 2641 0.5 
0 2640 7 515 0.5 516 0.5 517 0.5 518 0.5 513 0.5 514 0.5 519 0.5 546 0.5 547 0.5 548 0.5 549 0.5 550 0.5 551 0.5 545 0.5 
0 2641 7 515 0.5 516 0.5 517 0.5 518 0.5 513 0.5 514 0.5 519 0.5 546 0.5 547 0.5 548 0.5 549 0.5 550 0.5 551 0.5 545 0.5 
NanList DIR 0
d
48
0 0 -8.71409 0 0 -8.71409 0 0 -8.71409 0 0 -8.71409 0 0 -8.71409 0 0 -8.71409 0 0 -8.71409 0 0 8.71409 0 0 8.71409 0 0 8.71409 0 0 8.71409 0 0 8.71409 0 0 8.71409 0 0 8.71409 0 0 0 0 0 0 
s	4
1017 1021 1048 1052 1076 1083 
1017 1018 1019 1020 1021 1048 1049 1050 1051 1052 1076 1077 1078 1079 1080 1081 1082 1083 
b
3 0
0.804177 0.137232 0.242887
1018 0 0 2
1019 0 0 2
1020 0 0 2
1049 0 0 2
1050 0 0 3
1051 0 0 2
1077 0 0 2
1078 0 0 3
1079 0 0 3
1080 0 0 2
1081 0 0 2
1082 0 0 1
g
0
2 2 0 0 1 2 0 2 4
t
2
8
7522.8 1887.18 100
7522.8 1887.18 -100
a
6
26
1021 1016 1052 1047 1083 1075 
1 1078 1 1049 0 1050 0 1017 0 1051 0 2640 0.5 2641 0.5 
1 1079 1 1018 0 1050 0 1017 0 1051 0 2640 0.5 2641 0.5 
1 1077 1 1049 0 1050 0 1048 0 2640 0.5 2641 0.5 
1 1081 1 1018 0 1019 0 1020 0 2640 0.5 2641 0.5 
1 1076 1 1049 0 1048 0 2640 0.5 2641 0.5 
1 1080 1 1018 0 1019 0 2640 0.5 2641 0.5 
1 1082 1 1020 0 2640 0.5 2641 0.5 
2 1049 1 1078 0 1077 0 1076 0 2640 0.5 2641 0.5 
2 1050 1 1078 0 1079 0 1077 0 2640 0.5 2641 0.5 
2 1048 1 1077 0 1076 0 2640 0.5 2641 0.5 
2 1051 1 1078 0 1079 0 2640 0.5 2641 0.5 
2 1018 1 1079 0 1081 0 1080 0 2640 0.5 2641 0.5 
2 1017 1 1078 0 1079 0 2640 0.5 2641 0.5 
2 1019 1 1081 0 1080 0 2640 0.5 2641 0.5 
2 1020 1 1081 0 1082 0 2640 0.5 2641 0.5 
0 2640 7.5 1078 0.5 1079 0.5 1077 0.5 1081 0.5 1076 0.5 1080 0.5 1082 0.5 1049 0.5 1050 0.5 1048 0.5 1051 0.5 1018 0.5 1017 0.5 1019 0.5 1020 0.5 
0 2641 7.5 1078 0.5 1079 0.5 1077 0.5 1081 0.5 1076 0.5 1080 0.5 1082 0.5 1049 0.5 1050 0.5 1048 0.5 1051 0.5 1018 0.5 1017 0.5 1019 0.5 1020 0.5 
NanList DIR 0
d
51
0 0 -14.425 0 0 -14.425 0 0 -14.425 0 0 -14.425 0 0 -14.425 0 0 -14.425 0 0 -14.425 0 0 14.425 0 0 14.425 0 0 14.425 0 0 14.425 0 0 14.425 0 0 14.425 0 0 14.425 0 0 14.425 0 0 0 0 0 0 
s	5
1069 1073 1103 1107 
1069 1070 1071 1072 1073 1103 1104 1105 1106 1107 
b
2 0
0.12979 0.400944 0.156679
1070 0 0 2
1071 0 0 3
1072 0 0 1
1104 0 0 2
1105 0 0 2
1106 0 0 2
g
0
2 2 0 0 1 2 0 2 4
t
2
10
7840.59 1229.92 100
7840.59 1229.92 -100
a
4
32
1073 1068 1107 1102 
1 1070 1 1104 0 1103 0 1105 0 2640 0.5 2641 0.5 
1 1071 1 1104 0 1105 0 1106 0 2640 0.5 2641 0.5 
1 1069 1 1104 0 1103 0 2640 0.5 2641 0.5 
1 1072 1 1106 0 2640 0.5 2641 0.5 
2 1104 1 1070 0 1071 0 1069 0 2640 0.5 2641 0.5 
2 1103 1 1070 0 1069 0 2640 0.5 2641 0.5 
2 1105 1 1070 0 1071 0 2640 0.5 2641 0.5 
2 1106 1 1071 0 1072 0 2640 0.5 2641 0.5 
0 2640 4 1070 0.5 1071 0.5 1069 0.5 1072 0.5 1104 0.5 1103 0.5 1105 0.5 1106 0.5 
0 2641 4 1070 0.5 1071 0.5 1069 0.5 1072 0.5 1104 0.5 1103 0.5 1105 0.5 1106 0.5 
NanList DIR 0
d
30
0 0 -5.06374 0 0 -5.06374 0 0 -5.06374 0 0 -5.06374 0 0 5.06374 0 0 5.06374 0 0 5.06374 0 0 5.06374 0 0 0 0 0 0 
s	6
1084 1087 1118 1120 1150 1153 
1084 1085 1086 1087 1118 1119 1120 1150 1151 1152 1153 
b
3 0
0.218257 0.998924 0.108809
1085 0 0 2
1086 0 0 1
1119 0 0 3
1151 0 0 1
1152 0 0 3
g
0
2 2 0 0 1 2 0 2 4
t
2
12
7722 2405.4 100
7722 2405.4 -100
a
6
36
1087 1083 1120 1117 1153 1149 
1 1151 1 1119 0 1084 0 1085 0 1118 0 1086 0 2640 0.5 2641 0.5 
1 1152 1 1119 0 1085 0 1086 0 2640 0.5 2641 0.5 
1 1150 1 1118 0 2640 0.5 2641 0.5 
2 1084 1 1151 0 1119 0 1118 0 2640 0.5 2641 0.5 
2 1085 1 1151 0 1119 0 1152 0 2640 0.5 2641 0.5 
2 1086 1 1151 0 1152 0 2640 0.5 2641 0.5 
3 1119 1 1151 0 1084 0 1085 0 1152 0 2640 0.5 2641 0.5 
3 1118 1 1151 0 1084 0 1150 0 2640 0.5 2641 0.5 
0 2640 4 1151 0.5 1152 0.5 1150 0.5 1084 0.5 1085 0.5 1086 0.5 1119 0.5 1118 0.5 
0 2641 4 1151 0.5 1152 0.5 1150 0.5 1084 0.5 1085 0.5 1086 0.5 1119 0.5 1118 0.5 
NanList DIR 0
d
30
0 0 -24.5302 0 0 -24.5302 0 0 -24.5302 0 0 0 0 0 0 0 0 0 0 0 8.23756 0 0 8.23756 0 0 0 0 0 0 
s	7
1249 1252 1282 1285 1315 1318 
1249 1250 1251 1252 1282 1283 1284 1285 1315 1316 1317 1318 
b
3 0
0.61264 0.839112 0.512932
1250 0 0 2
1251 0 0 2
1283 0 0 2
1284 0 0 4
1316 0 0 2
1317 0 0 4
g
0
2 2 0 0 1 2 0 2 4
t
2
14
9038.32 2132.74 100
9038.32 2132.74 -100
a
6
42
1252 1248 1285 1281 1318 1314 
1 1316 1 1284 0 1250 0 1283 0 1249 0 1282 0 2640 0.5 2641 0.5 
1 1317 1 1284 0 1250 0 1283 0 1249 0 1251 0 2640 0.5 2641 0.5 
1 1315 1 1283 0 1282 0 2640 0.5 2641 0.5 
2 1284 1 1316 0 1317 0 1250 0 1249 0 1251 0 2640 0.5 2641 0.5 
2 1283 1 1316 0 1317 0 1250 0 1315 0 2640 0.5 2641 0.5 
2 1282 1 1316 0 1315 0 2640 0.5 2641 0.5 
3 1250 1 1284 0 1316 0 1317 0 1283 0 2640 0.5 2641 0.5 
3 1249 1 1284 0 1316 0 1317 0 2640 0.5 2641 0.5 
3 1251 1 1284 0 1317 0 2640 0.5 2641 0.5 
0 2640 4.5 1316 0.5 1317 0.5 1315 0.5 1284 0.5 1283 0.5 1282 0.5 1250 0.5 1249 0.5 1251 0.5 
0 2641 4.5 1316 0.5 1317 0.5 1315 0.5 1284 0.5 1283 0.5 1282 0.5 1250 0.5 1249 0.5 1251 0.5 
NanList DIR 0
d
33
0 0 -29.3381 0 0 -29.3381 0 0 -29.3381 0 0 0 0 0 0 0 0 0 0 0 11.5369 0 0 11.5369 0 0 11.5369 0 0 0 0 0 0 
s	8
1381 1384 1444 1448 
1381 1382 1383 1384 1444 1445 1446 1447 1448 
b
2 0
0.524287 0.637552 0.296032
1382 0 0 2
1383 0 0 3
1445 0 0 2
1446 0 0 2
1447 0 0 1
g
0
2 2 0 0 1 2 0 2 4
t
2
16
9610.75 1999.94 100
9610.75 1999.94 -100
a
4
48
1384 1380 1448 1443 
1 1382 1 1445 0 1446 0 1444 0 2640 0.5 2641 0.5 
1 1383 1 1445 0 1446 0 1447 0 2640 0.5 2641 0.5 
1 1381 1 1445 0 2640 0.5 2641 0.5 
2 1445 1 1382 0 1383 0 1381 0 2640 0.5 2641 0.5 
2 1446 1 1382 0 1383 0 2640 0.5 2641 0.5 
2 1444 1 1382 0 2640 0.5 2641 0.5 
2 1447 1 1383 0 2640 0.5 2641 0.5 
0 2640 3.5 1382 0.5 1383 0.5 1381 0.5 1445 0.5 1446 0.5 1444 0.5 1447 0.5 
0 2641 3.5 1382 0.5 1383 0.5 1381 0.5 1445 0.5 1446 0.5 1444 0.5 1447 0.5 
NanList DIR 0
d
27
0 0 -12.4884 0 0 -12.4884 0 0 -12.4884 0 0 12.4884 0 0 12.4884 0 0 12.4884 0 0 12.4884 0 0 0 0 0 0 
s	9
1481 1483 1510 1513 
1481 1482 1483 1510 1511 1512 1513 
b
2 0
0.292517 0.972775 0.493583
1482 0 0 2
1511 0 0 1
1512 0 0 1
g
0
2 2 0 0 1 2 0 2 4
t
2
18
9986.88 2003.56 100
9986.88 2003.56 -100
a
4
52
1483 1480 1513 1509 
1 1481 1 1511 0 1510 0 2640 0.5 2641 0.5 
1 1482 1 1511 0 1512 0 2640 0.5 2641 0.5 
2 1511 1 1481 0 1482 0 2640 0.5 2641 0.5 
2 1510 1 1481 0 2640 0.5 2641 0.5 
2 1512 1 1482 0 2640 0.5 2641 0.5 
0 2640 2.5 1481 0.5 1482 0.5 1511 0.5 1510 0.5 1512 0.5 
0 2641 2.5 1481 0.5 1482 0.5 1511 0.5 1510 0.5 1512 0.5 
NanList DIR 0
d
21
0 0 -8.57709 0 0 -8.57709 0 0 8.57709 0 0 8.57709 0 0 8.57709 0 0 0 0 0 0 
s	10
1514 1516 1547 1549 
1514 1515 1516 1547 1548 1549 
b
2 0
0.769914 0.526745 0.771358
1515 0 0 1
1548 0 0 1
g
0
2 2 0 0 1 2 0 2 4
t
2
20
10010.9 2267.35 100
10010.9 2267.35 -100
a
4
56
1516 1513 1549 1546 
1 1514 1 1548 0 1547 0 2640 0.5 2641 0.5 
1 1515 1 1548 0 2640 0.5 2641 0.5 
2 1548 1 1514 0 1515 0 2640 0.5 2641 0.5 
2 1547 1 1514 0 2640 0.5 2641 0.5 
0 2640 2 1514 0.5 1515 0.5 1548 0.5 1547 0.5 
0 2641 2 1514 0.5 1515 0.5 1548 0.5 1547 0.5 
NanList DIR 0
d
18
0 0 -8.32191 0 0 -8.32191 0 0 8.32191 0 0 8.32191 0 0 0 0 0 0 
s	11
1830 1837 1864 1872 
1830 1831 1832 1833 1834 1835 1836 1837 1864 1865 1866 1867 1868 1869 1870 1871 1872 
b
2 0
0.283315 0.891529 0.400229
1831 0 0 2
1832 0 0 3
1833 0 0 3
1834 0 0 3
1835 0 0 2
1836 0 0 2
1865 0 0 2
1866 0 0 3
1867 0 0 3
1868 0 0 2
1869 0 0 2
1870 0 0 2
1871 0 0 1
g
0
2 2 0 0 1 2 0 2 4
t
2
22
12255.2 1476.29 100
12255.2 1476.29 -100
a
4
60
1837 1829 1872 1863 
1 1831 1 1865 0 1866 0 1864 0 2640 0.5 2641 0.5 
1 1832 1 1865 0 1866 0 1867 0 2640 0.5 2641 0.5 
1 1833 1 1866 0 1867 0 1868 0 2640 0.5 2641 0.5 
1 1834 1 1867 0 1868 0 1869 0 2640 0.5 2641 0.5 
1 1830 1 1865 0 1864 0 2640 0.5 2641 0.5 
1 1835 1 1869 0 1870 0 2640 0.5 2641 0.5 
1 1836 1 1870 0 1871 0 2640 0.5 2641 0.5 
2 1865 1 1831 0 1832 0 1830 0 2640 0.5 2641 0.5 
2 1866 1 1831 0 1832 0 1833 0 2640 0.5 2641 0.5 
2 1867 1 1832 0 1833 0 1834 0 2640 0.5 2641 0.5 
2 1864 1 1831 0 1830 0 2640 0.5 2641 0.5 
2 1868 1 1833 0 1834 0 2640 0.5 2641 0.5 
2 1869 1 1834 0 1835 0 2640 0.5 2641 0.5 
2 1870 1 1835 0 1836 0 2640 0.5 2641 0.5 
2 1871 1 1836 0 2640 0.5 2641 0.5 
0 2640 7.5 1831 0.5 1832 0.5 1833 0.5 1834 0.5 1830 0.5 1835 0.5 1836 0.5 1865 0.5 1866 0.5 1867 0.5 1864 0.5 1868 0.5 1869 0.5 1870 0.5 1871 0.5 
0 2641 7.5 1831 0.5 1832 0.5 1833 0.5 1834 0.5 1830 0.5 1835 0.5 1836 0.5 1865 0.5 1866 0.5 1867 0.5 1864 0.5 1868 0.5 1869 0.5 1870 0.5 1871 0.5 
NanList DIR 0
d
51
0 0 -11.533 0 0 -11.533 0 0 -11.533 0 0 -11.533 0 0 -11.533 0 0 -11.533 0 0 -11.533 0 0 11.533 0 0 11.533 0 0 11.533 0 0 11.533 0 0 11.533 0 0 11.533 0 0 11.533 0 0 11.533 0 0 0 0 0 0 
s	12
1876 1877 1878 1879 1908 1909 1910 1911 1912 1942 1943 1944 1945 1971 1972 1973 1974 1975 1976 
1876 1877 1878 1879 1908 1909 1910 1911 1912 1942 1943 1944 1945 1971 1972 1973 1974 1975 1976 
b
2 0
0.919026 0.807725 0.352458
1877 0 0 2
1878 0 0 1
1974 0 0 1
1975 0 0 2
b
3 0
0.525995 0.949327 0.0697553
1909 0 0 1
1910 0 0 2
1911 0 0 4
1943 0 0 3
1944 0 0 2
1972 0 0 1
1973 0 0 1
g
0
2 2 0 0 1 2 0 2 4
t
2
24
12594.5 1928.55 100
12594.5 1928.55 -100
a
8
64
1879 1875 1912 1907 1945 1941 1976 1970 
1 1910 1 1942 0 1943 0 1944 0 1972 0 1971 0 2640 0.5 2641 0.5 
1 1911 1 1943 0 1944 0 1972 0 1973 0 2640 0.5 2641 0.5 
1 1909 1 1942 0 1943 0 2640 0.5 2641 0.5 
1 1908 1 1942 0 2640 0.5 2641 0.5 
1 1975 1 1876 0 1877 0 1878 0 2640 0.5 2641 0.5 
2 1972 1 1910 0 1911 0 2640 0.5 2641 0.5 
2 1973 1 1911 0 1876 0 2640 0.5 2641 0.5 
2 1974 1 1876 0 1877 0 2640 0.5 2641 0.5 
2 1971 1 1910 0 2640 0.5 2641 0.5 
2 1942 1 1910 0 1909 0 1908 0 2640 0.5 2641 0.5 
2 1943 1 1910 0 1911 0 1909 0 2640 0.5 2641 0.5 
2 1944 1 1910 0 1911 0 2640 0.5 2641 0.5 
3 1876 1 1975 0 1973 0 1974 0 2640 0.5 2641 0.5 
3 1877 1 1975 0 1974 0 2640 0.5 2641 0.5 
3 1878 1 1975 0 2640 0.5 2641 0.5 
0 2640 7.5 1910 0.5 1911 0.5 1909 0.5 1908 0.5 1975 0.5 1972 0.5 1973 0.5 1974 0.5 1971 0.5 1942 0.5 1943 0.5 1944 0.5 1876 0.5 1877 0.5 1878 0.5 
0 2641 7.5 1910 0.5 1911 0.5 1909 0.5 1908 0.5 1975 0.5 1972 0.5 1973 0.5 1974 0.5 1971 0.5 1942 0.5 1943 0.5 1944 0.5 1876 0.5 1877 0.5 1878 0.5 
NanList DIR 0
d
51
0 0 -25.6996 0 0 -25.6996 0 0 -25.6996 0 0 -25.6996 0 0 -25.6996 0 0 0 0 0 0 0 0 0 0 0 0 0 0 0 0 0 0 0 0 0 0 0 23.1957 0 0 23.1957 0 0 23.1957 0 0 0 0 0 0 
s	13
1960 1965 1993 1999 
1960 1961 1962 1963 1964 1965 1993 1994 1995 1996 1997 1998 1999 
b
2 0
0.663227 0.192214 0.0860558
1961 0 0 3
1962 0 0 3
1963 0 0 3
1964 0 0 2
1994 0 0 1
1995 0 0 2
1996 0 0 3
1997 0 0 3
1998 0 0 2
g
0
2 2 0 0 1 2 0 2 4
t
2
26
13043.3 1194.85 100
13043.3 1194.85 -100
a
4
72
1965 1959 1999 1992 
1 1962 1 1996 0 1994 0 1995 0 1997 0 2640 0.5 2641 0.5 
1 1960 1 1994 0 1995 0 1993 0 2640 0.5 2641 0.5 
1 1961 1 1996 0 1994 0 1995 0 2640 0.5 2641 0.5 
1 1963 1 1996 0 1997 0 1998 0 2640 0.5 2641 0.5 
1 1964 1 1996 0 1997 0 1998 0 2640 0.5 2641 0.5 
2 1996 1 1962 0 1961 0 1963 0 1964 0 2640 0.5 2641 0.5 
2 1994 1 1962 0 1960 0 1961 0 2640 0.5 2641 0.5 
2 1995 1 1962 0 1960 0 1961 0 2640 0.5 2641 0.5 
2 1997 1 1962 0 1963 0 1964 0 2640 0.5 2641 0.5 
2 1998 1 1963 0 1964 0 2640 0.5 2641 0.5 
2 1993 1 1960 0 2640 0.5 2641 0.5 
0 2640 5.5 1962 0.5 1960 0.5 1961 0.5 1963 0.5 1964 0.5 1996 0.5 1994 0.5 1995 0.5 1997 0.5 1998 0.5 1993 0.5 
0 2641 5.5 1962 0.5 1960 0.5 1961 0.5 1963 0.5 1964 0.5 1996 0.5 1994 0.5 1995 0.5 1997 0.5 1998 0.5 1993 0.5 
NanList DIR 0
d
39
0 0 -12.8046 0 0 -12.8046 0 0 -12.8046 0 0 -12.8046 0 0 -12.8046 0 0 12.8046 0 0 12.8046 0 0 12.8046 0 0 12.8046 0 0 12.8046 0 0 12.8046 0 0 0 0 0 0 
s	14
2331 2333 2372 2374 
2331 2332 2333 2372 2373 2374 
b
2 0
0.0641713 0.348893 0.890233
2332 0 0 1
2373 0 0 1
g
0
2 2 0 0 1 2 0 2 4
t
2
28
15130.7 1594.74 100
15130.7 1594.74 -100
a
4
76
2333 2330 2374 2371 
1 2331 1 2373 0 2372 0 2640 0.5 2641 0.5 
1 2332 1 2373 0 2640 0.5 2641 0.5 
2 2373 1 2331 0 2332 0 2640 0.5 2641 0.5 
2 2372 1 2331 0 2640 0.5 2641 0.5 
0 2640 2 2331 0.5 2332 0.5 2373 0.5 2372 0.5 
0 2641 2 2331 0.5 2332 0.5 2373 0.5 2372 0.5 
NanList DIR 0
d
18
0 0 -4.21126 0 0 -4.21126 0 0 4.21126 0 0 4.21126 0 0 0 0 0 0 
s	15
2339 2340 2341 2405 2406 2407 2436 2437 2438 2439 
2339 2340 2341 2405 2406 2407 2436 2437 2438 2439 
b
2 0
0.0630958 0.457702 0.020023
2340 0 0 1
2438 0 0 1
b
2 0
0.902208 0.970634 0.23828
2406 0 0 1
2437 0 0 1
g
0
2 2 0 0 1 2 0 2 4
t
2
30
15108.5 2187.15 100
15108.5 2187.15 -100
a
6
80
2341 2338 2407 2404 2439 2435 
1 2437 1 2339 0 2340 0 2406 0 2640 0.5 2641 0.5 
1 2436 1 2406 0 2405 0 2640 0.5 2641 0.5 
1 2438 1 2339 0 2340 0 2640 0.5 2641 0.5 
2 2339 1 2437 0 2438 0 2640 0.5 2641 0.5 
2 2340 1 2437 0 2438 0 2640 0.5 2641 0.5 
2 2406 1 2437 0 2436 0 2640 0.5 2641 0.5 
2 2405 1 2436 0 2640 0.5 2641 0.5 
0 2640 3.5 2437 0.5 2436 0.5 2438 0.5 2339 0.5 2340 0.5 2406 0.5 2405 0.5 
0 2641 3.5 2437 0.5 2436 0.5 2438 0.5 2339 0.5 2340 0.5 2406 0.5 2405 0.5 
NanList DIR 0
d
27
0 0 -15.4696 0 0 -15.4696 0 0 -15.4696 0 0 15.4696 0 0 15.4696 0 0 15.4696 0 0 15.4696 0 0 0 0 0 0 
s	16
2470 2471 2472 2473 2504 2505 2506 2537 2538 2539 
2470 2471 2472 2473 2504 2505 2506 2537 2538 2539 
b
2 0
0.53976 0.266666 0.85092
2471 0 0 1
2505 0 0 1
b
2 0
0.512535 0.760249 0.375207
2472 0 0 1
2538 0 0 1
g
0
2 2 0 0 1 2 0 2 4
t
2
32
15871.7 2227.88 100
15871.7 2227.88 -100
a
6
86
2473 2469 2506 2503 2539 2536 
1 2471 1 2505 0 2538 0 2537 0 2640 0.5 2641 0.5 
1 2470 1 2505 0 2504 0 2640 0.5 2641 0.5 
1 2472 1 2538 0 2640 0.5 2641 0.5 
2 2505 1 2471 0 2470 0 2640 0.5 2641 0.5 
2 2504 1 2470 0 2640 0.5 2641 0.5 
2 2538 1 2471 0 2472 0 2640 0.5 2641 0.5 
2 2537 1 2471 0 2640 0.5 2641 0.5 
0 2640 3.5 2471 0.5 2470 0.5 2472 0.5 2505 0.5 2504 0.5 2538 0.5 2537 0.5 
0 2641 3.5 2471 0.5 2470 0.5 2472 0.5 2505 0.5 2504 0.5 2538 0.5 2537 0.5 
NanList DIR 0
d
27
0 0 -13.5673 0 0 -13.5673 0 0 -13.5673 0 0 13.5673 0 0 13.5673 0 0 13.5673 0 0 13.5673 0 0 0 0 0 0 
