33 0.3 0.1 0.3 1 0 23 1
p
0
30
1000 0 0
998.46 61.5682 0
996.919 123.136 0
991.919 184.651 0
982.896 245.865 0
972.086 306.893 0
958.927 367.661 0
943.754 428.17 0
926.877 488.436 0
908.582 548.484 0
889.141 608.343 0
868.806 668.05 0
847.823 727.642 0
826.425 787.159 0
804.841 846.64 0
783.301 906.129 0
762.032 965.665 0
741.269 1025.29 0
721.253 1085.05 0
702.192 1144.97 -10.0816
684.137 1205.1 -10.0816
667.162 1265.41 -10.0816
651.375 1325.89 -10.0816
636.74 1386.54 -10.0816
623.156 1447.3 -10.0816
610.477 1508.16 -10.0816
598.389 1569.08 0
586.416 1629.94 0
574.442 1690.81 0
562.469 1751.67 0
550.496 1812.53 0
p
1
30
1200 0 0
1190.19 90.9798 0
1180.38 181.96 0
1170.12 272.819 0
1153.86 362.867 0
1131.76 451.904 0
1101.57 539.005 0
1062.57 623.252 0
1015.66 704.215 0
963.706 782.757 0
908.529 859.623 0
853.34 936.58 0
800.959 1015.07 0
754.061 1096.24 10.0816
714.429 1180.45 10.0816
681.948 1267.23 10.0816
657.515 1356.34 10.0816
641.814 1447.26 10.0816
634.343 1539.33 10.0816
635.45 1631.86 0
648.379 1723.55 0
671.821 1813.3 0
702.698 1901.04 0
737.568 1987.47 0
772.727 2073.77 0
804.273 2161.22 0
828.162 2250.73 0
843.441 2341.97 -12.4989
858.85 2433.31 -12.4989
874.923 2524.58 -12.4989
891.034 2615.85 0
p
2
30
1400 0 0
1401.2 72.7551 0
1402.39 145.51 0
1400.86 218.325 0
1396.31 291.091 0
1389.99 363.805 0
1381.54 436.425 0
1371.5 508.985 0
1358.33 581.286 0
1341.58 653.237 0
1318.96 724.209 0
1297.2 795.477 0
1275.06 866.995 0
1252.54 938.712 0
1230.74 1010.86 0
1209.18 1083.17 0
1187.75 1155.52 0
1166.37 1227.78 0
1144.97 1299.93 0
1123.52 1371.99 0
1102.05 1444.07 0
1080.65 1516.28 0
1059.44 1588.74 0
1038.6 1661.5 0
1018.29 1734.56 0
998.628 1807.85 0
979.598 1881.23 0
960.93 1954.52 0
941.941 2027.44 0
921.311 2099.6 0
897.957 2170.84 0
p
3
30
1600 0 0
1590.57 90.616 0
1581.13 181.232 0
1569.23 271.59 0
1554.12 361.522 0
1539.11 451.535 0
1524.9 541.804 0
1514.15 632.762 0
1510.56 724.68 0
1518.82 817.061 0
1534.48 909.052 0
1551.21 1001.43 0
1565.26 1094.52 0
1572.86 1188.29 0
1571.38 1282.06 0
1558.29 1374.54 0
1532.45 1463.97 0
1493.91 1548.53 0
1443.81 1626.88 0
1384.11 1698.51 0
1317.26 1764.02 0
1245.95 1825.11 0
1172.96 1884.43 0
1101.21 1945.18 0
1033.98 2010.57 0
975.076 2083.25 0
927.742 2163.86 0
892.266 2250.6 0
871.013 2342.62 12.4989
852.496 2435.32 12.4989
833.713 2527.95 12.4989
p
4
30
1800 0 0
1801.75 79.8527 0
1803.49 159.705 0
1805.24 239.558 0
1806.99 319.411 0
1808.74 399.264 0
1810.48 479.116 0
1812.23 558.969 0
1813.98 638.822 0
1815.73 718.674 0
1817.47 798.527 0
1819.22 878.38 0
1820.97 958.232 0
1822.72 1038.09 0
1824.46 1117.94 0
1826.21 1197.79 0
1827.96 1277.64 0
1829.71 1357.5 0
1831.45 1437.35 0
1833.2 1517.2 0
1834.95 1597.05 0
1836.69 1676.91 0
1838.44 1756.76 0
1840.19 1836.61 0
1841.94 1916.46 0
1843.68 1996.32 0
1845.43 2076.17 0
1847.18 2156.02 0
1848.93 2235.88 0
1850.67 2315.73 0
1852.42 2395.58 0
p
5
30
2000 0 0
1997.39 74.2686 0
1994.79 148.537 0
1992.18 222.806 0
1989.58 297.074 0
1986.97 371.343 0
1984.37 445.611 0
1981.76 519.88 0
1979.16 594.149 0
1976.55 668.417 0
1973.95 742.686 0
1971.34 816.954 0
1968.74 891.223 0
1966.13 965.491 0
1963.52 1039.76 0
1960.92 1114.03 0
1958.31 1188.3 0
1955.71 1262.57 0
1953.1 1336.83 0
1950.5 1411.1 0
1947.89 1485.37 0
1945.29 1559.64 0
1942.68 1633.91 0
1940.08 1708.18 0
1937.47 1782.45 0
1934.87 1856.71 0
1932.26 1930.98 0
1929.65 2005.25 0
1927.05 2079.52 0
1924.44 2153.79 0
1921.84 2228.06 0
p
6
30
2200 0 0
2203.5 74.0618 0
2206.99 148.124 0
2209.36 222.163 0
2210.34 296.195 0
2209.68 370.172 0
2208.1 444.218 0
2205.71 518.263 0
2202.86 592.304 0
2199.98 666.342 0
2197.49 740.383 0
2195.79 814.424 0
2195.29 888.458 0
2196.34 962.466 0
2199.24 1036.42 0
2204.21 1110.27 0
2211.39 1183.97 0
2220.82 1257.47 0
2232.41 1330.73 0
2245.97 1403.73 0
2261.17 1476.49 0
2277.54 1549.04 0
2294.49 1621.51 0
2311.58 1694.1 -11.9743
2329.11 1766.65 -11.9743
2346.86 1839.17 -11.9743
2364.64 1911.68 -11.9743
2382.42 1984.19 -11.9743
2400.2 2056.7 -11.9743
2417.98 2129.21 0
2435.76 2201.72 0
p
7
30
2400 0 0
2398.1 65.3288 0
2396.19 130.658 0
2392.95 196.137 0
2390.35 261.765 0
2385.53 327.546 0
2380.57 393.216 0
2375.88 458.911 0
2371.35 524.633 0
2367.1 590.369 0
2363.15 656.109 0
2359.49 721.848 0
2356.11 787.591 0
2352.99 853.348 0
2350.09 919.132 0
2347.39 984.951 0
2344.88 1050.81 0
2342.5 1116.7 0
2340.2 1182.6 0
2337.94 1248.51 0
2335.66 1314.4 0
2333.29 1380.26 0
2330.79 1446.07 0
2328.16 1511.84 0
2327.21 1577.68 0
2333.41 1643.28 0
2341.67 1708.71 11.9743
2349.94 1774.06 11.9743
2358.19 1839.4 11.9743
2366.48 1904.74 11.9743
2374.78 1970.07 11.9743
p
8
30
2600 0 0
2603.37 80.9347 0
2606.75 161.869 0
2613.14 242.655 0
2623.67 323.092 0
2640.17 402.687 0
2657.93 482.05 0
2673.9 561.826 0
2685.06 642.353 0
2687.98 723.533 0
2682.42 804.56 0
2666.96 884.407 0
2641.53 961.896 0
2606.86 1036.06 0
2563.55 1105.98 0
2516.85 1173.97 0
2470.04 1241.86 0
2427.2 1312 0
2392.4 1385.99 0
2369.35 1463.99 0
2360.02 1544.48 0
2362.7 1625.45 0
2375.84 1705.41 0
2398.18 1783.47 0
2428.7 1859.02 0
2465.59 1932.03 0
2506.11 2003.37 0
2546.88 2074.7 12.5178
2585.95 2147.01 12.5178
2627.28 2218.65 12.5178
2669.5 2290.01 0
p
9
30
2800 0 0
2804.05 67.8886 0
2808.09 135.777 0
2811.93 203.689 0
2814.8 271.676 0
2816.08 339.755 0
2816.12 407.853 0
2814.53 475.972 0
2811.24 544.075 0
2806.12 612.126 0
2800.44 680.17 0
2794.18 748.227 0
2787.27 816.32 0
2778.22 884.352 0
2768.28 952.341 0
2758.67 1020.36 0
2749.31 1088.42 0
2740.33 1156.54 0
2731.76 1224.71 0
2723.43 1292.93 0
2715.02 1361.18 0
2707.04 1429.53 0
2699.19 1497.97 0
2691.38 1566.46 0
2683.48 1634.97 0
2675.34 1703.44 0
2666.75 1771.82 0
2657.41 1840.03 0
2646.85 1907.97 0
2634.41 1975.53 12.5178
2619.81 2042.75 12.5178
p
10
30
3000 0 0
2989.25 75.5218 0
2978.49 151.044 0
2970.72 227.031 0
2966.57 303.42 0
2967.32 380.098 0
2968.76 456.812 0
2971.79 533.592 0
2975.23 610.41 0
2978.07 687.24 0
2980.96 763.966 0
2984.25 840.563 0
2989.23 916.991 0
2996.81 993.213 0
3007.13 1069.28 0
3017.12 1145.66 0
3025.86 1222.36 0
3031.53 1299.37 0
3032.15 1376.49 -12.5197
3026.08 1453.12 -12.5197
3013.04 1528.58 -12.5197
2991.08 1601.75 -12.5197
2959.22 1671.17 -12.5197
2917.71 1735.48 -12.5197
2868.16 1794.17 -12.5197
2813.07 1848.04 0
2756.63 1900.54 0
2703.9 1956.49 0
2659.39 2018.78 -12.5178
2624.27 2087.22 -12.5178
2606.05 2163.02 -12.5178
p
11
30
3200 0 0
3188.23 79.0233 0
3176.47 158.047 0
3167.16 237.361 0
3161.81 317.062 0
3162.06 397.035 0
3164.4 477.199 0
3169.24 557.369 0
3175.1 637.525 0
3180.42 717.661 0
3183.75 797.816 0
3183.77 877.872 0
3179.45 957.641 0
3170.1 1036.86 0
3155.52 1115.24 0
3135.98 1192.56 0
3112.27 1268.79 0
3085.64 1344.13 0
3057.74 1419.04 12.5197
3029.86 1494.05 12.5197
3001.47 1568.94 12.5197
2971.88 1643.43 12.5197
2940.68 1717.38 12.5197
2908.14 1790.83 12.5197
2875.6 1864.26 0
2844.12 1938.14 0
2813.55 2012.39 0
2783.44 2086.81 0
2753.32 2161.23 0
2722.75 2235.47 0
2691.49 2309.45 0
p
12
30
3400 0 0
3399.44 75.686 0
3398.89 151.372 0
3398.47 227.057 0
3398.23 302.743 0
3398.27 378.429 0
3398.66 454.114 0
3399.5 529.795 0
3400.88 605.47 0
3402.71 681.138 0
3405.02 756.796 0
3407.83 832.44 0
3411.12 908.069 0
3414.89 983.68 0
3419.13 1059.27 0
3423.84 1134.84 0
3429.01 1210.38 0
3434.62 1285.9 0
3440.68 1361.39 0
3447.16 1436.85 0
3454.06 1512.28 0
3461.35 1587.68 0
3469.03 1663.05 0
3477.08 1738.39 0
3485.48 1813.69 0
3494.21 1888.97 0
3503.26 1964.21 0
3512.6 2039.42 0
3522.22 2114.61 0
3532.06 2189.77 0
3541.98 2264.93 0
p
13
30
3600 0 0
3592.42 72.2943 0
3584.85 144.589 0
3577.59 216.918 0
3570.71 289.286 0
3564.33 361.703 0
3558.57 434.175 0
3553.53 506.706 0
3549.32 579.295 0
3545.74 651.923 0
3542.81 724.586 0
3540.49 797.278 0
3538.74 869.992 0
3537.5 942.724 0
3536.75 1015.47 0
3536.43 1088.23 0
3536.52 1160.99 0
3536.98 1233.76 0
3537.77 1306.53 0
3538.87 1379.31 0
3540.23 1452.08 0
3541.83 1524.86 0
3543.63 1597.63 0
3545.61 1670.4 0
3547.74 1743.18 0
3549.98 1815.95 0
3552.32 1888.72 0
3554.72 1961.49 0
3557.15 2034.26 0
3559.59 2107.03 0
3562.01 2179.8 0
p
14
30
3800 0 0
3810.12 70.3362 0
3820.24 140.672 0
3830.16 211.033 0
3839.86 281.423 0
3849.29 351.847 0
3858.43 422.308 0
3867.28 492.803 0
3875.9 563.323 0
3884.49 633.845 0
3893.2 704.349 0
3902.22 774.812 0
3911.74 845.205 0
3921.98 915.493 0
3933.14 985.639 0
3945.44 1055.6 0
3959.05 1125.31 0
3974.15 1194.73 0
3990.9 1263.78 0
4009.42 1332.39 0
4030.19 1400.38 0
4053.38 1467.63 0
4079.16 1533.96 0
4107.65 1599.23 0
4138.87 1663.3 0
4172.77 1726.05 0
4209.19 1787.43 0
4247.9 1847.46 0
4288.59 1906.23 0
4330.71 1964.05 -6.26763
4373.2 2021.65 -6.26763
p
15
30
4000 0 0
3996.22 68.1595 0
3992.45 136.319 0
3989.03 204.5 0
3986.07 272.705 0
3983.76 340.94 0
3982.28 409.204 0
3981.8 477.491 0
3982.5 545.787 0
3984.47 614.07 0
3987.83 682.313 0
3992.67 750.483 0
3999.06 818.543 0
4007.08 886.451 0
4016.79 954.159 0
4028.25 1021.61 0
4041.53 1088.76 0
4056.72 1155.53 0
4073.9 1221.84 0
4093.21 1287.6 0
4114 1352.94 0
4136.25 1417.82 0
4159.76 1482.29 0
4184.38 1546.38 0
4209.94 1610.13 0
4236.34 1673.55 0
4263.44 1736.71 0
4291.15 1799.61 0
4319.35 1862.32 0
4347.95 1924.85 6.26763
4376.79 1987.27 6.26763
p
16
30
4200 0 0
4200.41 62.7782 0
4200.82 125.556 0
4201.42 188.334 0
4202.25 251.109 0
4203.42 313.879 0
4205.01 376.641 0
4207.12 439.39 0
4209.86 502.116 0
4213.08 564.824 0
4216.81 627.507 0
4221.03 690.164 0
4225.71 752.793 0
4230.82 815.394 0
4236.34 877.964 0
4242.25 940.505 0
4248.51 1003.02 0
4255.11 1065.5 0
4262.02 1127.95 0
4269.21 1190.38 0
4276.66 1252.78 0
4284.34 1315.16 0
4292.23 1377.52 0
4300.3 1439.86 0
4308.53 1502.18 0
4316.89 1564.48 0
4325.36 1626.78 0
4333.91 1689.06 0
4342.52 1751.34 0
4351.16 1813.61 0
4359.81 1875.89 0
p
17
30
4400 0 0
4400.76 78.2846 0
4401.53 156.569 0
4402.39 234.852 0
4403.38 313.131 0
4404.6 391.408 0
4406.13 469.678 0
4408.07 547.939 0
4410.53 626.187 0
4413.63 704.413 0
4417.47 782.607 0
4422.17 860.758 0
4427.84 938.849 0
4434.59 1016.86 0
4442.51 1094.77 0
4451.67 1172.55 0
4462.01 1250.19 0
4473.57 1327.68 0
4486.32 1404.99 0
4500.25 1482.11 0
4515.34 1559.04 0
4531.55 1635.75 0
4548.84 1712.24 0
4567.17 1788.5 0
4586.48 1864.55 0
4606.72 1940.36 0
4627.83 2015.96 0
4649.73 2091.35 0
4672.36 2166.55 0
4695.56 2241.58 0
4718.95 2316.56 0
p
18
30
4600 0 0
4590.81 75.0066 0
4581.62 150.013 0
4572.97 225.088 0
4564.95 300.237 0
4557.75 375.475 0
4551.55 450.811 0
4546.49 526.242 0
4542.68 601.758 0
4540.2 677.343 0
4539.12 752.976 0
4539.49 828.631 0
4541.35 904.281 0
4544.75 979.894 0
4549.73 1055.44 0
4556.35 1130.87 0
4564.11 1206.22 0
4572.97 1281.46 0
4582.76 1356.59 0
4593.34 1431.64 0
4604.59 1506.6 0
4616.39 1581.49 0
4628.64 1656.32 0
4641.24 1731.09 0
4654.11 1805.83 0
4667.17 1880.54 0
4680.34 1955.23 0
4693.53 2029.92 0
4706.66 2104.61 0
4719.64 2179.34 0
4732.43 2254.07 0
p
19
30
4800 0 0
4803.97 82.9768 0
4807.93 165.954 0
4811.9 248.93 0
4815.86 331.907 0
4819.83 414.884 0
4823.79 497.861 0
4827.76 580.838 0
4831.72 663.815 0
4835.69 746.791 0
4839.65 829.768 0
4843.62 912.745 0
4847.58 995.722 0
4851.55 1078.7 0
4855.51 1161.68 0
4859.48 1244.65 0
4863.44 1327.63 0
4867.41 1410.61 0
4871.37 1493.58 0
4875.34 1576.56 0
4879.3 1659.54 0
4883.27 1742.51 0
4887.23 1825.49 0
4891.2 1908.47 0
4895.16 1991.44 0
4899.13 2074.42 0
4903.09 2157.4 0
4907.06 2240.37 0
4911.02 2323.35 0
4914.99 2406.33 0
4918.95 2489.3 0
p
20
30
5000 0 0
5000.96 79.1255 0
5001.91 158.251 0
5002.87 237.377 0
5003.83 316.502 0
5004.79 395.628 0
5005.74 474.753 0
5006.7 553.879 0
5007.66 633.004 0
5008.61 712.13 0
5009.57 791.255 0
5010.53 870.381 0
5011.48 949.506 0
5012.44 1028.63 0
5013.4 1107.76 0
5014.36 1186.88 0
5015.31 1266.01 0
5016.27 1345.13 0
5017.23 1424.26 0
5018.18 1503.39 0
5019.14 1582.51 0
5020.1 1661.64 0
5021.06 1740.76 0
5022.01 1819.89 0
5022.97 1899.01 0
5023.93 1978.14 0
5024.88 2057.26 0
5025.84 2136.39 0
5026.8 2215.52 0
5027.75 2294.64 0
5028.71 2373.77 0
p
21
30
5200 0 0
5199.77 72.1036 0
5199.55 144.207 0
5199.32 216.311 0
5199.09 288.415 0
5198.87 360.518 0
5198.64 432.622 0
5198.41 504.725 0
5198.19 576.829 0
5197.96 648.933 0
5197.73 721.036 0
5197.51 793.14 0
5197.28 865.244 0
5197.05 937.347 0
5196.83 1009.45 0
5196.6 1081.55 0
5196.37 1153.66 0
5196.15 1225.76 0
5195.92 1297.87 0
5195.69 1369.97 0
5195.47 1442.07 0
5195.24 1514.18 0
5195.01 1586.28 0
5194.79 1658.38 0
5194.56 1730.49 0
5194.33 1802.59 0
5194.11 1874.69 0
5193.88 1946.8 0
5193.65 2018.9 0
5193.43 2091.01 0
5193.2 2163.11 0
p
22
30
5400 0 0
5405.28 87.9978 0
5410.55 175.996 0
5412.61 264.175 0
5410.22 352.441 0
5402.41 440.544 0
5389.29 528.194 0
5373.9 615.656 0
5357.24 703.016 0
5341.16 790.538 0
5327.62 878.464 0
5318.47 966.874 0
5314.64 1055.53 0
5316.59 1144.12 0
5324.94 1232.23 0
5339.87 1319.41 0
5361.33 1405.23 0
5389 1489.32 0
5422.39 1571.45 0
5460.81 1651.54 0
5503.42 1729.67 0
5549.28 1806.14 0
5597.38 1881.37 0
5646.63 1955.93 0
5695.91 2030.49 0
5744.04 2105.73 0
5789.84 2182.32 0
5832.07 2260.84 0
5870.61 2341.27 0
5908.68 2421.89 0
5946.83 2502.47 0
p
23
30
5600 0 0
5596.05 80.9104 0
5592.11 161.821 0
5585.58 242.594 0
5575.84 323.098 0
5563.07 403.24 0
5548.51 483.15 0
5533.29 563.003 0
5518.29 642.932 0
5504.53 723.078 0
5492.87 803.514 0
5484.53 884.286 0
5480.92 965.395 0
5481.97 1046.55 0
5488.2 1127.48 0
5499.71 1207.88 0
5516.33 1287.47 0
5537.7 1366.04 0
5563.25 1443.5 0
5592.23 1519.88 0
5623.76 1595.39 0
5656.85 1670.33 0
5690.41 1745.11 0
5723.31 1820.22 0
5754.33 1896.12 0
5782.27 1973.2 0
5806.7 2051.44 0
5830.18 2130.1 0
5854.52 2208.51 0
5880.56 2286.28 0
5907.89 2363.53 0
p
24
30
5800 0 0
5790.01 70.351 0
5780.02 140.702 0
5771.39 211.289 0
5764.96 282.186 0
5761.78 353.412 0
5762.18 424.823 0
5763.8 496.24 0
5766.76 567.678 0
5770.59 639.11 0
5775.01 710.523 0
5779.93 781.913 0
5784.49 853.306 0
5788.72 924.714 0
5792.47 996.151 0
5795.68 1067.63 0
5798.36 1139.15 0
5800.53 1210.73 0
5802.27 1282.37 0
5803.65 1354.09 0
5804.79 1425.87 0
5805.8 1497.73 0
5806.85 1569.65 0
5808.12 1641.62 0
5809.87 1713.63 0
5812.39 1785.65 0
5816.1 1857.62 0
5821.5 1929.47 0
5829.25 2001.09 0
5839.53 2072.35 19.802
5850.57 2143.43 19.802
p
25
30
6000 0 0
5997.32 76.375 0
5994.65 152.75 0
5991.57 229.081 0
5987.98 305.368 0
5984.17 381.628 0
5980.55 457.892 0
5976.81 534.167 0
5973.09 610.446 0
5969.39 686.73 0
5965.7 763.018 0
5962.01 839.309 0
5958.29 915.603 0
5954.5 991.896 0
5950.61 1068.19 0
5946.57 1144.47 0
5942.35 1220.75 0
5937.9 1297.02 0
5933.2 1373.28 0
5928.22 1449.52 0
5922.95 1525.75 0
5917.4 1601.95 0
5911.58 1678.13 0
5905.52 1754.3 0
5899.3 1830.44 0
5892.97 1906.58 0
5886.64 1982.71 0
5880.42 2058.84 -24.3195
5874.48 2134.98 -24.3195
5869.48 2211.19 -24.3195
5866.7 2287.51 -24.3195
p
26
30
6200 0 0
6208.27 69.6789 0
6216.54 139.358 0
6224.09 209.046 0
6230.05 278.855 0
6233.46 348.917 0
6233.62 419.126 0
6230.07 489.325 0
6224.59 559.492 0
6217.71 629.597 0
6210.51 699.681 0
6204.09 769.8 0
6199.52 839.98 0
6197.78 910.184 0
6199.06 980.342 -12.0073
6201.81 1050.45 -12.0073
6206.52 1120.36 -12.0073
6213.39 1190.03 -12.0073
6221.72 1259.5 -12.0073
6231.04 1328.84 -12.0073
6241.59 1398.02 -12.0073
6254.52 1466.85 -12.0073
6271.04 1535.1 -12.0073
6289.9 1602.91 -12.0073
6309.16 1670.58 0
6328.42 1738.24 0
6347.68 1805.91 0
6366.94 1873.57 0
6386.2 1941.24 0
6405.46 2008.9 0
6424.72 2076.57 0
p
27
30
6400 0 0
6401.59 73.7435 0
6403.18 147.487 0
6402.08 221.317 0
6398.28 295.125 0
6393.6 368.878 0
6387.76 442.57 0
6381 516.18 0
6370.26 589.371 0
6353.72 661.638 0
6330.96 732.432 0
6303.68 801.882 0
6275.09 871.049 0
6246.96 940.495 12.0073
6221.94 1010.99 12.0073
6203.26 1083.23 12.0073
6193.24 1157 12.0073
6192.12 1231.32 12.0073
6199.8 1305.14 12.0073
6216.16 1377.53 12.0073
6241.34 1447.4 12.0073
6275.39 1513.51 12.0073
6316.8 1575.52 12.0073
6362.6 1634.65 0
6410.22 1692.56 0
6455.71 1752.14 0
6494.55 1816.14 0
6523.39 1885.18 0
6542.94 1957.7 -11.5825
6550.67 2033.03 -11.5825
6555.3 2108.69 -11.5825
p
28
30
6600 0 0
6590.77 61.5575 0
6581.55 123.115 0
6573.87 185.011 0
6569.69 247.434 0
6566.32 309.883 0
6564.22 372.462 0
6563.66 435.193 0
6562.84 497.935 0
6561.81 560.779 0
6562.69 623.962 0
6564.4 687.321 0
6564.26 750.725 0
6563.31 814.227 0
6561.66 877.742 0
6559.68 941.226 0
6557.93 1004.68 0
6555.88 1068.1 0
6553.98 1131.53 0
6552.3 1195.03 0
6550.83 1258.62 0
6549.56 1322.35 0
6548.39 1386.24 0
6547.23 1450.26 0
6545.98 1514.4 0
6544.59 1578.61 0
6543.19 1642.83 0
6542.21 1707.01 0
6542.66 1771.09 0
6546.57 1834.9 0
6555.51 1898.18 0
p
29
30
6800 0 0
6798.49 75.5753 0
6796.99 151.151 0
6796.99 226.803 0
6798.2 302.483 0
6800.64 378.107 0
6805.21 453.662 0
6813.49 529.001 0
6823.18 604.26 0
6834.06 679.455 0
6845.53 754.637 0
6857.18 829.825 0
6868.25 905.071 0
6878.14 980.382 0
6885.97 1055.81 -10.4925
6890.41 1131.39 -10.4925
6890.57 1206.99 -10.4925
6885.79 1282.39 -10.4925
6875.53 1357.26 -10.4925
6859.65 1431.25 -10.4925
6838.14 1503.99 0
6810.57 1574.9 0
6777.69 1643.78 0
6740.99 1710.95 0
6702.27 1777.11 0
6663.49 1843.21 0
6626.69 1910.27 0
6593.8 1979.08 11.5825
6565.14 2049.67 11.5825
6536.59 2120.31 11.5825
6507.89 2190.94 11.5825
p
30
30
7000 0 0
6993.54 77.7346 0
6987.09 155.469 0
6980.84 233.144 0
6974.71 310.779 0
6968.63 388.462 0
6962.6 466.148 0
6956.57 543.835 0
6950.5 621.519 0
6944.37 699.197 0
6938.12 776.867 0
6931.73 854.524 0
6925.15 932.166 0
6918.36 1009.79 0
6911.46 1087.4 10.4925
6904.97 1165.07 10.4925
6898.88 1242.8 10.4925
6892.86 1320.55 10.4925
6886.51 1398.3 10.4925
6879.65 1476.02 10.4925
6872.52 1553.69 0
6865.35 1631.37 0
6858.17 1709.04 0
6851 1786.72 0
6843.82 1864.39 0
6836.65 1942.06 0
6829.48 2019.74 0
6822.3 2097.41 0
6815.13 2175.09 0
6807.96 2252.76 0
6800.78 2330.44 0
p
31
30
7200 0 0
7197.73 76.1435 0
7195.46 152.287 0
7193.19 228.43 0
7190.92 304.574 0
7188.65 380.717 0
7186.39 456.861 0
7184.12 533.004 0
7181.85 609.148 0
7179.58 685.291 0
7177.31 761.435 0
7175.04 837.578 0
7172.77 913.722 0
7170.5 989.865 0
7168.23 1066.01 0
7165.96 1142.15 0
7163.69 1218.3 0
7161.42 1294.44 0
7159.16 1370.58 0
7156.89 1446.73 0
7154.62 1522.87 0
7152.35 1599.01 0
7150.08 1675.16 0
7147.81 1751.3 0
7145.54 1827.44 0
7143.27 1903.59 0
7141 1979.73 0
7138.73 2055.87 0
7136.46 2132.02 0
7134.19 2208.16 0
7131.93 2284.3 0
p
32
30
7400 0 0
7406.7 79.2056 0
7413.41 158.411 0
7419.51 237.647 0
7424.9 316.921 0
7430.18 396.217 0
7435.12 475.542 0
7439.82 554.886 0
7444.35 634.245 0
7448.78 713.614 0
7453.17 792.988 0
7457.59 872.362 0
7462.09 951.733 0
7466.73 1031.1 0
7471.57 1110.44 0
7476.65 1189.78 0
7482.02 1269.09 0
7487.73 1348.37 0
7493.81 1427.63 0
7500.3 1506.84 0
7507.23 1586.02 0
7514.63 1665.16 0
7522.51 1744.24 0
7530.91 1823.28 0
7539.83 1902.26 0
7549.28 1981.18 0
7559.26 2060.04 0
7569.77 2138.84 0
7580.81 2217.58 0
7592.3 2296.27 12.5522
7603.95 2374.95 12.5522
p
33
30
7600 0 0
7600.12 76.1124 0
7600.24 152.225 0
7598.72 228.542 0
7598.01 305.04 0
7596.8 381.44 0
7595.22 457.861 0
7593.4 534.294 0
7591.47 610.73 0
7589.55 687.156 0
7587.8 763.564 0
7586.35 839.954 0
7585.3 916.326 0
7584.74 992.686 0
7584.7 1069.04 0
7585.18 1145.4 0
7586.14 1221.77 0
7587.53 1298.16 0
7589.23 1374.55 0
7591.15 1450.96 0
7593.18 1527.36 0
7595.22 1603.76 0
7597.21 1680.15 0
7599.14 1756.52 0
7601.06 1832.88 0
7603.11 1909.22 0
7605.49 1985.54 12.5522
7608.35 2061.79 12.5522
7611.91 2137.99 12.5522
7616.21 2214.1 12.5522
7620.94 2290.13 12.5522
p
34
30
7800 0 0
7793.81 80.2806 0
7787.61 160.561 0
7781.2 240.789 0
7774.62 320.98 0
7767.93 401.182 0
7761.1 481.373 0
7754.16 561.556 0
7747.12 641.73 0
7740 721.898 0
7732.83 802.061 0
7725.61 882.221 0
7718.38 962.379 0
7711.16 1042.54 0
7703.95 1122.7 0
7696.8 1202.86 0
7689.72 1283.03 0
7682.72 1363.21 0
7675.84 1443.4 0
7669.09 1523.6 0
7662.48 1603.81 0
7656.04 1684.03 0
7649.79 1764.26 0
7643.73 1844.52 0
7637.88 1924.79 0
7632.31 2005.08 -12.5522
7627.27 2085.41 -12.5522
7623.09 2165.81 -12.5522
7619.81 2246.28 -12.5522
7616.78 2326.77 -12.5522
7613.78 2407.27 -12.5522
p
35
30
8000 0 0
8001.74 79.923 0
8003.49 159.846 0
8005.23 239.769 0
8006.97 319.692 0
8008.72 399.615 0
8010.46 479.538 0
8012.2 559.461 0
8013.95 639.384 0
8015.69 719.307 0
8017.43 799.23 0
8019.18 879.153 0
8020.92 959.076 0
8022.66 1039 0
8024.41 1118.92 0
8026.15 1198.84 0
8027.89 1278.77 0
8029.64 1358.69 0
8031.38 1438.61 0
8033.12 1518.54 0
8034.87 1598.46 0
8036.61 1678.38 0
8038.35 1758.31 0
8040.1 1838.23 0
8041.84 1918.15 0
8043.58 1998.07 0
8045.33 2078 0
8047.07 2157.92 0
8048.81 2237.84 0
8050.56 2317.77 0
8052.3 2397.69 0
p
36
30
8200 0 0
8197.7 86.6627 0
8195.41 173.325 0
8193.11 259.988 0
8190.82 346.651 0
8188.52 433.313 0
8186.23 519.976 0
8183.93 606.639 0
8181.64 693.301 0
8179.34 779.964 0
8177.05 866.627 0
8174.75 953.289 0
8172.46 1039.95 0
8170.16 1126.61 0
8167.87 1213.28 0
8165.57 1299.94 0
8163.28 1386.6 0
8160.98 1473.27 0
8158.68 1559.93 0
8156.39 1646.59 0
8154.09 1733.25 0
8151.8 1819.92 0
8149.5 1906.58 0
8147.21 1993.24 0
8144.91 2079.9 0
8142.62 2166.57 0
8140.32 2253.23 0
8138.03 2339.89 0
8135.73 2426.55 0
8133.44 2513.22 0
8131.14 2599.88 0
p
37
30
8400 0 0
8409.08 60.3336 0
8418.15 120.667 0
8427.41 180.987 0
8436.7 241.313 0
8445.72 301.679 0
8454.75 362.042 0
8463.68 422.419 0
8472.53 482.812 0
8481.28 543.22 0
8489.93 603.644 0
8498.47 664.085 0
8506.89 724.545 0
8515.17 785.024 0
8523.31 845.524 0
8531.28 906.047 0
8539.07 966.594 0
8546.66 1027.17 0
8554.03 1087.77 0
8561.16 1148.4 0
8568.02 1209.06 0
8574.6 1269.76 0
8580.87 1330.49 0
8586.81 1391.26 0
8592.4 1452.06 0
8597.74 1512.93 0
8603.3 1573.77 0
8609.23 1634.57 0
8615.4 1695.32 0
8621.5 1756.06 0
8627.51 1816.8 0
p
38
30
8600 0 0
8611.7 64.0199 0
8623.39 128.04 0
8636.8 191.725 0
8651.6 255.105 0
8666.2 318.554 0
8679.24 382.417 0
8689.57 446.883 0
8694.6 512.3 0
8696.34 577.91 0
8694.93 643.618 0
8692.54 709.249 0
8689.16 774.865 0
8685.19 840.479 0
8680.81 906.107 0
8676.05 971.749 0
8670.88 1037.39 0
8665.21 1103.02 0
8658.97 1168.6 0
8652.1 1234.11 0
8644.62 1299.52 0
8636.66 1364.85 0
8629.37 1430.18 -8.68398
8626.36 1496.24 -8.68398
8627.55 1562.17 -8.68398
8632.86 1627.66 -8.68398
8641.71 1692.42 -8.68398
8650.85 1756.87 0
8659.96 1821.34 0
8669.1 1885.81 0
8678.24 1950.27 0
p
39
30
8800 0 0
8813.39 82.151 0
8826.79 164.302 0
8842.29 246.043 0
8860.67 327.201 0
8882.54 407.557 0
8908.65 486.714 0
8939.16 564.348 0
8972.68 640.696 0
8998.94 719.631 0
9012.07 801.593 -4.51218
9006.82 884.58 -4.51218
8985.02 965.37 -4.51218
8948.29 1041.48 0
8901.64 1112.75 0
8848.73 1179.97 0
8786.8 1239.9 0
8729.04 1303.54 0
8681.93 1374.54 0
8652.46 1453.43 8.68398
8641.94 1536.29 8.68398
8651.93 1618.88 8.68398
8682.23 1696.48 8.68398
8732.68 1763.45 0
8797.05 1818.22 0
8868.24 1864.76 0
8940.13 1910.31 0
9006.21 1963.21 12.9009
9062.16 2026.03 12.9009
9118.54 2088.81 12.9009
9176.51 2150.37 0
p
40
30
9000 0 0
8995.17 76.8137 0
8990.35 153.627 0
8991.03 230.861 0
8997.12 308.084 0
9005.09 385.189 0
9015.02 462.167 0
9025.74 539.062 0
9036.03 615.996 0
9042.86 693.17 0
9043.88 770.632 0
9035.88 848.001 4.51218
9022.2 924.8 4.51218
9001.2 1000.05 0
8970.81 1072.02 0
8928.73 1137.96 0
8875.73 1196.15 0
8824.98 1256.27 0
8777.72 1319.31 0
8742.89 1389.68 0
8730.94 1466.68 0
8747.38 1542.55 0
8789.73 1608.01 0
8847.55 1661.27 0
8911.95 1707.1 0
8974.68 1754.93 0
9026.81 1813.29 0
9060.38 1883.35 12.9009
9085.03 1957.95 12.9009
9121.5 2027.54 12.9009
9161.14 2095.01 0
p
41
30
9200 0 0
9206.18 61.5906 0
9212.35 123.181 0
9217.79 184.867 0
9222.26 246.653 0
9225.45 308.548 0
9227.22 370.535 0
9227.34 432.599 0
9225.39 494.713 0
9221.94 556.795 0
9216.97 618.838 0
9210.4 680.823 0
9204.05 742.856 0
9197.82 804.968 0
9191.59 867.193 0
9188.64 929.842 0
9178.33 993.524 0
9171.4 1057.28 0
9164.53 1121.22 0
9159 1185.13 0
9153.97 1248.8 0
9149.23 1312.22 0
9144.54 1375.55 0
9139.75 1438.96 0
9134.78 1502.58 0
9129.6 1566.38 0
9124.19 1630.26 0
9118.4 1694.02 0
9111.85 1757.47 0
9103.74 1820.43 12.9009
9093.5 1882.79 12.9009
p
42
30
9400 0 0
9392.24 81.8309 0
9384.48 163.662 0
9378.71 245.686 0
9374.97 327.855 0
9373.47 410.13 0
9375.07 492.463 0
9380.37 574.721 0
9390.29 656.671 0
9401.08 738.532 0
9412.72 820.304 0
9425.11 901.96 0
9439.02 983.336 0
9455.94 1064.22 0
9478.97 1144 0
9512.19 1221.25 0
9554.09 1295.3 0
9586.35 1374.26 0
9601.05 1457.64 -4.04747
9591.06 1540.58 -4.04747
9556.17 1615.57 -4.04747
9498.08 1674.9 -4.04747
9421.65 1711.19 0
9337.86 1730.79 0
9254.26 1751.48 0
9180.32 1792.79 0
9130.61 1859.28 -12.9009
9099.66 1936.81 -12.9009
9086.5 2020.05 -12.9009
9077.87 2104.25 -12.9009
9069.4 2188.49 0
p
43
30
9600 0 0
9598.61 85.8565 0
9597.22 171.713 0
9597.14 257.576 0
9598.63 343.432 0
9602.1 429.248 0
9608.28 514.936 0
9617.76 600.359 0
9631.12 685.305 0
9645.82 770.076 0
9661.18 854.73 0
9675.99 939.419 0
9687.86 1024.53 0
9695.22 1110.07 0
9696.47 1195.86 0
9690.37 1281.44 0
9676.12 1366.12 0
9653.44 1449.15 0
9623.18 1530.1 4.04747
9588.06 1609.47 4.04747
9549.34 1687.34 4.04747
9509.94 1764.77 0
9470.55 1842.2 0
9431.16 1919.64 0
9391.76 1997.07 0
9352.37 2074.5 0
9312.98 2151.94 0
9273.58 2229.37 0
9234.19 2306.81 0
9194.8 2384.24 0
9155.4 2461.67 0
p
44
30
9800 0 0
9799.72 85.8838 0
9799.44 171.768 0
9799.16 257.651 0
9798.87 343.535 0
9798.59 429.419 0
9798.31 515.303 0
9798.03 601.187 0
9797.75 687.07 0
9797.47 772.954 0
9797.18 858.838 0
9796.9 944.722 0
9796.62 1030.61 0
9796.34 1116.49 0
9796.06 1202.37 0
9795.78 1288.26 0
9795.49 1374.14 0
9795.21 1460.02 0
9794.93 1545.91 0
9794.65 1631.79 0
9794.37 1717.68 0
9794.09 1803.56 0
9793.8 1889.44 0
9793.52 1975.33 0
9793.24 2061.21 0
9792.96 2147.09 0
9792.68 2232.98 0
9792.4 2318.86 0
9792.12 2404.75 0
9791.83 2490.63 0
9791.55 2576.51 0
p
45
30
10000 0 0
9998.21 80.4328 0
9996.42 160.866 0
9994.64 241.298 0
9992.85 321.731 0
9991.06 402.164 0
9989.27 482.597 0
9987.48 563.029 0
9985.69 643.462 0
9983.91 723.895 0
9982.12 804.328 0
9980.33 884.76 0
9978.54 965.193 0
9976.75 1045.63 0
9974.97 1126.06 0
9973.18 1206.49 0
9971.39 1286.92 0
9969.6 1367.36 0
9967.81 1447.79 0
9966.02 1528.22 0
9964.24 1608.66 0
9962.45 1689.09 0
9960.66 1769.52 0
9958.87 1849.95 0
9957.08 1930.39 0
9955.29 2010.82 0
9953.51 2091.25 0
9951.72 2171.68 0
9949.93 2252.12 0
9948.14 2332.55 0
9946.35 2412.98 0
p
46
30
10200 0 0
10197.6 72.7439 0
10195.2 145.488 0
10192.8 218.232 0
10190.4 290.975 0
10187.9 363.719 0
10185.5 436.463 0
10183.1 509.207 0
10180.7 581.951 0
10178.3 654.695 0
10175.9 727.439 0
10173.5 800.182 0
10171.1 872.926 0
10168.7 945.67 0
10166.2 1018.41 0
10163.8 1091.16 0
10161.4 1163.9 0
10159 1236.65 0
10156.6 1309.39 0
10154.2 1382.13 0
10151.8 1454.88 0
10149.4 1527.62 0
10146.9 1600.36 0
10144.5 1673.11 0
10142.1 1745.85 0
10139.7 1818.6 0
10137.3 1891.34 0
10134.9 1964.08 0
10132.5 2036.83 0
10130.1 2109.57 0
10127.7 2182.32 0
p
47
30
10400 0 0
10407.2 75.9483 0
10414.4 151.897 0
10420.7 227.918 0
10425.6 304.044 0
10428.3 380.301 0
10427.7 456.645 0
10422.4 532.885 0
10410.6 608.532 0
10391.9 682.979 0
10370.2 756.847 0
10346.4 830.233 0
10322.2 903.546 0
10299 977.196 0
10278.5 1051.52 0
10262 1126.66 0
10250.8 1202.54 0
10245.8 1278.88 0
10247.5 1355.2 0
10256.3 1430.96 0
10271.8 1505.61 0
10293.7 1578.73 0
10321.1 1650.1 0
10353 1719.75 0
10388 1788.02 0
10424.9 1855.46 0
10461.9 1922.81 0
10497.6 1990.9 -10.4614
10531.1 2060.02 -10.4614
10565 2129.06 -10.4614
10599.1 2198.14 -10.4614
p
48
30
10600 0 0
10608.3 66.7471 0
10616.6 133.494 0
10623.9 200.383 0
10630 267.414 0
10634.5 334.598 0
10637.2 401.924 0
10637.8 469.363 0
10636.2 536.892 0
10630.7 604.397 0
10624.8 671.844 0
10617.8 739.259 0
10609.4 806.578 0
10600.9 873.872 0
10592.3 941.153 0
10583.8 1008.43 0
10575.6 1075.71 0
10567.5 1143.01 0
10559.7 1210.32 0
10551.8 1277.66 0
10544.6 1345.11 0
10537.9 1412.68 0
10531.9 1480.41 0
10526.9 1548.3 0
10523 1616.36 0
10520.6 1684.56 0
10520 1752.85 0
10521.6 1821.15 0
10525.7 1889.37 0
10532.7 1957.36 10.4614
10542.2 2024.94 10.4614
p
49
30
10800 0 0
10794.5 71.4154 0
10788.9 142.831 0
10784.9 214.393 0
10782.5 286.063 0
10782.1 357.819 0
10783.8 429.618 0
10787.8 501.417 0
10795.1 573.162 0
10804.6 644.787 0
10813.2 716.399 0
10822.1 787.969 0
10832.1 859.476 0
10840.2 931.435 0
10847.2 1003.77 0
10852.8 1076.43 0
10856.6 1149.26 0
10858 1222.07 0
10855.6 1294.64 0
10847.9 1366.56 -6.07993
10835.1 1437.35 -6.07993
10816.2 1506.48 -6.07993
10790.4 1573.28 -6.07993
10757.5 1637 0
10717 1696.39 0
10672.1 1752.9 0
10628.8 1810.41 0
10593.6 1872.89 0
10573 1941.57 0
10567.9 2013.49 10.4614
10564.5 2085.93 10.4614
p
50
30
11000 0 0
10992.6 74.7053 0
10985.2 149.411 0
10978 224.108 0
10971.1 298.815 0
10964.7 373.553 0
10959.2 448.331 0
10955 523.149 0
10952.7 597.98 0
10952.4 672.777 0
10952.7 747.661 0
10953 822.548 0
10952.3 897.425 0
10949.6 972.241 0
10944.1 1046.89 0
10935.1 1121.19 0
10922.2 1194.96 0
10905.7 1268.04 0
10885.9 1340.37 0
10863.9 1412.2 6.07993
10841.6 1484 6.07993
10818.8 1555.71 6.07993
10794.9 1627.17 6.07993
10770.6 1698.49 0
10746.9 1770.01 0
10723.9 1841.75 0
10701.7 1913.71 0
10680.1 1985.86 0
10659.1 2058.19 0
10638.7 2130.69 10.4614
10618.7 2203.31 10.4614
p
51
30
11200 0 0
11193.5 78.3757 0
11187.1 156.751 0
11180.6 235.127 0
11174.2 313.503 0
11167.7 391.878 0
11161.3 470.254 0
11154.8 548.63 0
11148.4 627.005 0
11141.9 705.381 0
11135.5 783.757 0
11129 862.132 0
11122.6 940.508 0
11116.1 1018.88 0
11109.7 1097.26 0
11103.2 1175.64 0
11096.7 1254.01 0
11090.3 1332.39 0
11083.8 1410.76 0
11077.4 1489.14 0
11070.9 1567.51 0
11064.5 1645.89 0
11058 1724.26 0
11051.6 1802.64 0
11045.1 1881.02 0
11038.7 1959.39 0
11032.2 2037.77 0
11025.8 2116.14 0
11019.3 2194.52 0
11012.9 2272.89 0
11006.4 2351.27 0
p
52
30
11400 0 0
11400.2 79.405 0
11400.5 158.81 0
11400.7 238.215 0
11400.9 317.62 0
11401.2 397.025 0
11401.4 476.43 0
11401.7 555.835 0
11401.9 635.24 0
11402.1 714.645 0
11402.4 794.05 0
11402.6 873.455 0
11402.8 952.86 0
11403.1 1032.27 0
11403.3 1111.67 0
11403.6 1191.08 0
11403.8 1270.48 0
11404 1349.89 0
11404.3 1429.29 0
11404.5 1508.7 0
11404.7 1588.1 0
11405 1667.51 0
11405.2 1746.91 0
11405.4 1826.32 0
11405.7 1905.72 0
11405.9 1985.13 0
11406.2 2064.53 0
11406.4 2143.94 0
11406.6 2223.34 0
11406.9 2302.75 0
11407.1 2382.15 0
p
53
30
11600 0 0
11604.6 84.251 0
11609.2 168.502 0
11613.7 252.753 0
11618.3 337.004 0
11622.9 421.255 0
11627.5 505.506 0
11632.1 589.757 0
11636.7 674.008 0
11641.2 758.259 0
11645.8 842.51 0
11650.4 926.761 0
11655 1011.01 0
11659.6 1095.26 0
11664.1 1179.51 0
11668.7 1263.77 0
11673.3 1348.02 0
11677.9 1432.27 0
11682.5 1516.52 0
11687 1600.77 0
11691.6 1685.02 0
11696.2 1769.27 0
11700.8 1853.52 0
11705.4 1937.77 0
11710 2022.02 0
11714.5 2106.28 0
11719.1 2190.53 0
11723.7 2274.78 0
11728.3 2359.03 0
11732.9 2443.28 0
11737.4 2527.53 0
p
54
30
11800 0 0
11798.5 74.1372 0
11796.9 148.274 0
11795.4 222.411 0
11793.9 296.549 0
11792.4 370.686 0
11790.8 444.823 0
11789.3 518.96 0
11787.8 593.097 0
11786.2 667.234 0
11784.7 741.372 0
11783.2 815.509 0
11781.6 889.646 0
11780.1 963.783 0
11778.6 1037.92 0
11777.1 1112.06 0
11775.5 1186.19 0
11774 1260.33 0
11772.5 1334.47 0
11770.9 1408.61 0
11769.4 1482.74 0
11767.9 1556.88 0
11766.3 1631.02 0
11764.8 1705.15 0
11763.3 1779.29 0
11761.8 1853.43 0
11760.2 1927.57 0
11758.7 2001.7 0
11757.2 2075.84 0
11755.6 2149.98 0
11754.1 2224.11 0
p
55
30
12000 0 0
11997.6 69.2992 0
11995.3 138.598 0
11992.9 207.898 0
11990.6 277.197 0
11988.2 346.496 0
11985.9 415.795 0
11983.5 485.094 0
11981.2 554.394 0
11978.8 623.693 0
11976.5 692.992 0
11974.1 762.291 0
11971.8 831.591 0
11969.4 900.89 0
11967 970.189 0
11964.7 1039.49 0
11962.3 1108.79 0
11960 1178.09 0
11957.6 1247.39 0
11955.3 1316.68 0
11952.9 1385.98 0
11950.6 1455.28 0
11948.2 1524.58 0
11945.9 1593.88 0
11943.5 1663.18 0
11941.2 1732.48 0
11938.8 1801.78 0
11936.5 1871.08 0
11934.1 1940.38 0
11931.7 2009.68 0
11929.4 2078.98 0
p
56
30
12200 0 0
12200 73.26 0
12199.9 146.52 0
12199.9 219.78 0
12199.9 293.04 0
12199.9 366.3 0
12199.8 439.56 0
12199.8 512.82 0
12199.8 586.08 0
12199.8 659.34 0
12199.7 732.6 0
12199.7 805.86 0
12199.7 879.12 0
12199.7 952.38 0
12199.6 1025.64 0
12199.6 1098.9 0
12199.6 1172.16 0
12199.5 1245.42 0
12199.5 1318.68 0
12199.5 1391.94 0
12199.5 1465.2 0
12199.4 1538.46 0
12199.4 1611.72 0
12199.4 1684.98 0
12199.4 1758.24 0
12199.3 1831.5 0
12199.3 1904.76 0
12199.3 1978.02 0
12199.2 2051.28 0
12199.2 2124.54 0
12199.2 2197.8 0
p
57
30
12400 0 0
12396.7 81.0913 0
12393.4 162.183 0
12390.1 243.274 0
12386.7 324.365 0
12383.4 405.457 0
12380.1 486.548 0
12376.8 567.639 0
12373.5 648.731 0
12370.2 729.822 0
12366.9 810.913 0
12363.6 892.005 0
12360.2 973.096 0
12356.9 1054.19 0
12353.6 1135.28 0
12350.3 1216.37 0
12347 1297.46 0
12343.7 1378.55 0
12340.4 1459.64 0
12337.1 1540.74 0
12333.7 1621.83 0
12330.4 1702.92 0
12327.1 1784.01 0
12323.8 1865.1 0
12320.5 1946.19 0
12317.2 2027.28 0
12313.9 2108.37 0
12310.6 2189.47 0
12307.2 2270.56 0
12303.9 2351.65 0
12300.6 2432.74 0
p
58
30
12600 0 0
12603 71.2819 0
12605.9 142.564 0
12608.9 213.846 0
12611.9 285.128 0
12614.8 356.409 0
12617.8 427.691 0
12620.8 498.973 0
12623.8 570.255 0
12626.7 641.537 0
12629.7 712.819 0
12632.7 784.101 0
12635.6 855.383 0
12638.6 926.665 0
12641.6 997.946 0
12644.5 1069.23 0
12647.5 1140.51 0
12650.5 1211.79 0
12653.4 1283.07 0
12656.4 1354.36 0
12659.4 1425.64 0
12662.4 1496.92 0
12665.3 1568.2 0
12668.3 1639.48 0
12671.3 1710.77 0
12674.2 1782.05 0
12677.2 1853.33 0
12680.2 1924.61 0
12683.1 1995.89 0
12686.1 2067.17 0
12689.1 2138.46 0
p
59
30
12800 0 0
12804.2 84.9599 0
12808.5 169.92 0
12812.7 254.88 0
12817 339.84 0
12821.2 424.799 0
12825.5 509.759 0
12829.7 594.719 0
12834 679.679 0
12838.2 764.639 0
12842.5 849.599 0
12846.7 934.559 0
12851 1019.52 0
12855.2 1104.48 0
12859.5 1189.44 0
12863.7 1274.4 0
12868 1359.36 0
12872.2 1444.32 0
12876.5 1529.28 0
12880.7 1614.24 0
12885 1699.2 0
12889.2 1784.16 0
12893.5 1869.12 0
12897.7 1954.08 0
12902 2039.04 0
12906.2 2124 0
12910.5 2208.96 0
12914.7 2293.92 0
12918.9 2378.88 0
12923.2 2463.84 0
12927.4 2548.8 0
p
60
30
13000 0 0
13006.1 77.7857 0
13012.2 155.571 0
13019.2 233.3 0
13026.9 310.963 0
13035.6 388.532 0
13045.5 465.977 0
13056.7 543.279 0
13068.8 620.508 0
13081.3 697.762 0
13093.9 775.016 0
13107.1 852.175 0
13120.5 929.312 0
13134.5 1006.37 0
13148.8 1083.37 0
13163.6 1160.31 0
13178.5 1237.21 0
13193.7 1314.09 0
13209 1390.95 0
13224.2 1467.83 0
13239.2 1544.74 0
13253.9 1621.71 0
13268.1 1698.77 0
13281.5 1775.95 0
13294 1853.29 0
13305 1930.82 0
13314.3 2008.56 0
13321.1 2086.54 0
13324.7 2164.71 0
13324.2 2242.98 13.0193
13319.6 2321.06 13.0193
p
61
30
13200 0 0
13197.7 81.7648 0
13195.4 163.53 0
13194.1 245.311 0
13193.5 327.086 0
13194.9 408.851 0
13199.7 490.52 0
13209.9 571.751 0
13227.7 651.759 0
13252.2 730.164 0
13281.6 807.079 0
13313.9 883.135 0
13346.8 958.967 0
13378.5 1035.28 0
13406.8 1112.7 0
13429.9 1191.52 0
13446.7 1271.68 0
13456.6 1352.76 0
13460.5 1434.18 0
13459.1 1515.64 0
13453 1596.92 0
13443.1 1677.86 0
13430.6 1758.49 0
13417.3 1838.99 0
13404.9 1919.62 0
13395.1 2000.57 0
13388 2081.81 13.0193
13379.3 2162.91 13.0193
13367.7 2243.79 13.0193
13353.8 2324.46 13.0193
13339 2405.08 13.0193
p
62
30
13400 0 0
13405.3 71.4999 0
13410.6 143 0
13416.9 214.42 0
13423.8 285.814 0
13431.8 357.138 0
13440.1 428.447 0
13448.7 499.799 0
13455.8 571.517 0
13460 643.774 0
13461.8 716.35 0
13464.4 788.965 0
13467.2 861.687 0
13470.2 934.442 0
13473.2 1007.2 0
13476.9 1079.9 0
13480.6 1152.57 0
13484 1225.25 0
13486.8 1297.99 0
13488.8 1370.87 0
13489.9 1443.9 0
13490.3 1517.09 0
13489.7 1590.41 0
13487.6 1663.84 0
13483.9 1737.32 0
13478.6 1810.77 0
13471.1 1884.02 0
13460.2 1956.79 0
13443.7 2028.42 0
13420.1 2098 -13.0193
13392.6 2166.11 -13.0193
p
63
30
13600 0 0
13594.7 85.5944 0
13589.5 171.189 0
13583.1 256.679 0
13579.1 342.339 0
13578.4 428.121 0
13582.9 513.875 0
13594.5 599.137 0
13615 683.008 0
13643.9 764.743 0
13679.2 844.282 0
13717 922.926 0
13754.3 1001.87 0
13787.5 1082.49 0
13813 1165.59 -5.9591
13830 1250.57 -5.9591
13837.1 1336.73 -5.9591
13833.8 1423.01 -5.9591
13819.9 1508.21 0
13795.1 1591 0
13760.5 1670.42 0
13718 1746.19 0
13669.6 1818.68 0
13617.4 1888.84 0
13563.9 1958.11 0
13511.2 2028.17 0
13462 2100.68 0
13417.2 2175.93 -13.0193
13371.9 2251.06 -13.0193
13324.4 2324.84 -13.0193
13276.1 2398.17 -13.0193
p
64
30
13800 0 0
13800.7 70.4743 0
13801.4 140.949 0
13803 211.448 0
13804.9 281.928 0
13807 352.404 0
13809.6 422.877 0
13812.4 493.347 0
13815.6 563.814 0
13818.9 634.278 0
13822.5 704.741 0
13826.3 775.202 0
13830.2 845.661 0
13834.2 916.119 0
13838.2 986.576 0
13842.4 1057.03 0
13846.5 1127.49 0
13850.5 1197.95 5.9591
13854.5 1268.42 5.9591
13858.1 1338.89 5.9591
13861.5 1409.37 5.9591
13864.7 1479.83 0
13867.8 1550.28 0
13871 1620.73 0
13874.1 1691.18 0
13877.3 1761.63 0
13880.4 1832.08 0
13883.6 1902.53 0
13886.7 1972.98 0
13889.8 2043.43 0
13893 2113.88 0
p
65
30
14000 0 0
14011.2 82.5106 0
14022.4 165.021 0
14031.9 247.628 0
14040.1 330.144 0
14048.4 412.811 0
14056.7 495.482 0
14065.4 578.096 0
14075 660.602 0
14085.8 742.952 0
14098 825.104 0
14111.7 907.025 0
14127 988.691 0
14143.8 1070.1 0
14162.1 1151.25 0
14181.5 1232.19 0
14201.7 1312.96 0
14222.4 1393.64 0
14243 1474.31 0
14263.3 1555.06 0
14282.5 1636 0
14300.3 1717.22 0
14316.1 1798.79 0
14329.6 1880.76 0
14340.7 1963.1 25.7705
14350.3 2045.76 25.7705
14360 2128.5 25.7705
14369.9 2211.25 25.7705
14380 2293.97 25.7705
14390.2 2376.69 0
14400.3 2459.42 0
p
66
30
14200 0 0
14204.5 79.1533 0
14208.9 158.307 0
14214.4 237.396 0
14220.8 316.46 0
14227.9 395.449 0
14235.8 474.383 0
14244.3 553.26 0
14253.4 632.084 0
14263 710.861 0
14273 789.597 0
14283.3 868.299 0
14293.9 946.974 0
14304.6 1025.63 0
14315.4 1104.28 0
14326.2 1182.92 0
14336.9 1261.57 0
14347.5 1340.23 0
14357.8 1418.92 0
14367.9 1497.64 -28.8665
14377.5 1576.4 -28.8665
14386 1655.27 -28.8665
14392.8 1734.32 -28.8665
14397.4 1813.6 -28.8665
14400.1 1893.02 -28.8665
14402.8 1972.43 -28.8665
14405.9 2051.78 -28.8665
14409.3 2131.08 -28.8665
14412.7 2210.36 -28.8665
14416.1 2289.64 0
14419.5 2368.92 0
p
67
30
14400 0 0
14398.3 71.3678 0
14396.6 142.736 0
14396.8 214.337 0
14396.2 286.199 0
14396 357.925 0
14396.2 429.674 0
14396.7 501.435 0
14397.6 573.199 0
14398.6 644.96 0
14399.9 716.714 0
14401.2 788.467 0
14402.6 860.224 0
14403.9 931.992 0
14405.3 1003.78 0
14406.5 1075.58 0
14407.6 1147.41 0
14408.6 1219.24 0
14409.3 1291.08 0
14409.5 1362.9 0
14409.1 1434.71 0
14407.8 1506.48 0
14405.6 1578.21 0
14402.1 1649.86 0
14397.2 1721.39 0
14390.4 1792.72 0
14382.1 1863.87 0
14373.2 1934.95 0
14364.4 2006.06 0
14355.8 2077.15 0
14347.1 2148.17 -28.8665
p
68
30
14600 0 0
14591.3 78.3665 0
14582.6 156.733 0
14578.4 235.43 0
14579.1 314.159 0
14581.3 393.171 0
14585.7 472.286 0
14591.2 551.465 0
14597.1 630.681 0
14602.5 709.907 0
14606.6 789.111 0
14609 868.245 0
14609 947.25 0
14606.4 1026.06 0
14600.9 1104.6 0
14592.4 1182.81 0
14581.1 1260.64 0
14567 1338.07 0
14550.7 1415.11 0
14532.5 1491.8 0
14513 1568.25 0
14493 1644.58 0
14473.2 1720.93 0
14454.4 1797.49 0
14437.2 1874.34 0
14420.7 1951.43 0
14404.5 2028.64 0
14388.2 2105.9 0
14371.8 2183.18 0
14355.5 2260.48 0
14339.3 2337.79 0
p
69
30
14800 0 0
14813.1 77.2095 0
14826.3 154.419 0
14839.4 231.628 0
14852.6 308.838 0
14865.7 386.047 0
14878.9 463.257 0
14892 540.466 0
14905.2 617.676 0
14918.3 694.885 0
14931.5 772.095 0
14944.6 849.304 0
14957.8 926.514 0
14970.9 1003.72 0
14984.1 1080.93 0
14997.2 1158.14 0
15010.4 1235.35 0
15023.5 1312.56 0
15036.7 1389.77 0
15049.8 1466.98 0
15063 1544.19 0
15076.1 1621.4 0
15089.3 1698.61 0
15102.4 1775.82 0
15115.6 1853.03 0
15128.7 1930.24 0
15141.8 2007.45 0
15155 2084.66 0
15168.1 2161.87 0
15181.3 2239.08 0
15194.4 2316.28 0
p
70
30
15000 0 0
15006 66.697 0
15012.1 133.394 0
15018.1 200.091 0
15024.1 266.788 0
15030.1 333.485 0
15036.2 400.182 0
15042.2 466.879 0
15048.2 533.576 0
15054.2 600.273 0
15060.3 666.97 0
15066.3 733.667 0
15072.3 800.364 0
15078.3 867.061 0
15084.4 933.758 0
15090.4 1000.45 0
15096.4 1067.15 0
15102.4 1133.85 0
15108.5 1200.55 0
15114.5 1267.24 0
15120.5 1333.94 0
15126.5 1400.64 0
15132.6 1467.33 0
15138.6 1534.03 0
15144.6 1600.73 0
15150.6 1667.42 0
15156.7 1734.12 0
15162.7 1800.82 0
15168.7 1867.52 0
15174.7 1934.21 0
15180.8 2000.91 0
p
71
30
15200 0 0
15210.1 80.4321 0
15220.2 160.864 0
15230 241.331 0
15239.4 321.847 0
15248.3 402.433 0
15256.2 483.111 0
15263.1 563.898 0
15268.5 644.804 0
15272 725.823 0
15274.4 806.901 0
15275.6 888.026 0
15275.6 969.178 0
15274.7 1050.34 0
15273 1131.51 0
15270.7 1212.68 0
15267.8 1293.85 0
15264.7 1375.01 0
15261.3 1456.16 0
15257.9 1537.32 0
15254.8 1618.51 -13.7529
15253.1 1699.74 -13.7529
15253.9 1780.93 -13.7529
15257.5 1862 -13.7529
15263.4 1942.92 -13.7529
15270.4 2023.68 -13.7529
15277.5 2104.43 0
15284.6 2185.19 0
15291.8 2265.95 0
15298.9 2346.7 0
15306.1 2427.46 0
p
72
30
15400 0 0
15415.6 87.2205 0
15431.3 174.441 0
15447 261.638 0
15462.7 348.838 0
15478.1 436.08 0
15492.9 523.429 0
15506.5 610.969 0
15518.2 698.79 0
15527.1 786.955 0
15531.7 875.49 0
15530.7 964.217 0
15522.6 1052.72 0
15506.1 1140.25 0
15480.4 1225.81 0
15445.6 1308.46 0
15403.9 1388.1 0
15358.4 1465.86 0
15317 1545.69 0
15284.2 1629.04 13.7529
15262.9 1715.62 13.7529
15257.6 1804.29 13.7529
15271.7 1891.82 13.7529
15304.6 1974.29 13.7529
15354.9 2047.79 0
15417.5 2111.88 0
15486 2170.09 0
15554.5 2228.53 0
15616.5 2293.87 -13.4413
15666.2 2369.16 -13.4413
15707.6 2449.6 -13.4413
p
73
30
15600 0 0
15595.9 77.8234 0
15591.8 155.647 0
15588 233.494 0
15584.5 311.363 0
15581.4 389.259 0
15578.9 467.186 0
15577 545.149 0
15576.1 623.149 0
15576.3 701.186 0
15577.1 779.233 0
15578.4 857.3 0
15580.2 935.392 0
15582.4 1013.53 0
15585.4 1091.73 0
15589.4 1170.06 0
15594.9 1248.53 0
15601.9 1327.14 0
15607.3 1405.87 0
15611.6 1484.73 0
15614.8 1563.67 0
15617.3 1642.68 0
15620 1721.85 0
15621.3 1801.25 0
15622.2 1880.92 0
15623.3 1960.85 0
15625.4 2040.96 0
15629.8 2121.06 0
15638.3 2200.77 0
15654.2 2279.19 13.4413
15678.7 2355.08 13.4413
p
74
30
15800 0 0
15806.9 83.476 0
15813.8 166.952 0
15821.2 250.387 0
15829.1 333.768 0
15837.8 417.069 0
15847.5 500.257 0
15858.4 583.297 0
15870.6 666.156 0
15883.9 748.836 0
15897.1 831.518 0
15909.6 914.299 0
15920.3 997.3 0
15928.3 1080.58 0
15932.9 1164.09 0
15934 1247.7 0
15931.8 1331.28 0
15927.7 1414.82 0
15920.4 1498.21 0
15910.1 1581.35 0
15896.8 1664.14 0
15880.5 1746.47 0
15861.3 1828.24 0
15839.7 1909.48 0
15816.4 1990.27 0
15792.5 2070.85 0
15769.2 2151.56 0
15748 2232.78 0
15730.8 2314.81 0
15717.7 2397.45 13.4413
15703.8 2480.16 13.4413
p
75
30
16000 0 0
16001.8 78.7735 0
16003.7 157.547 0
16005.5 236.321 0
16007.4 315.094 0
16009.2 393.868 0
16011.1 472.641 0
16012.9 551.415 0
16014.8 630.188 0
16016.6 708.962 0
16018.5 787.735 0
16020.3 866.509 0
16022.1 945.282 0
16024 1024.06 0
16025.8 1102.83 0
16027.7 1181.6 0
16029.5 1260.38 0
16031.4 1339.15 0
16033.2 1417.92 0
16035.1 1496.7 0
16036.9 1575.47 0
16038.7 1654.24 0
16040.6 1733.02 0
16042.4 1811.79 0
16044.3 1890.56 0
16046.1 1969.34 0
16048 2048.11 0
16049.8 2126.89 0
16051.7 2205.66 0
16053.5 2284.43 0
16055.4 2363.21 0
p
76
30
16200 0 0
16203.5 71.3626 0
16206.9 142.725 0
16210.4 214.088 0
16213.9 285.45 0
16217.3 356.813 0
16220.8 428.176 0
16224.2 499.538 0
16227.7 570.901 0
16231.2 642.263 0
16234.6 713.626 0
16238.1 784.989 0
16241.6 856.351 0
16245 927.714 0
16248.5 999.076 0
16252 1070.44 0
16255.4 1141.8 0
16258.9 1213.16 0
16262.4 1284.53 0
16265.8 1355.89 0
16269.3 1427.25 0
16272.7 1498.61 0
16276.2 1569.98 0
16279.7 1641.34 0
16283.1 1712.7 0
16286.6 1784.06 0
16290.1 1855.43 0
16293.5 1926.79 0
16297 1998.15 0
16300.5 2069.52 0
16303.9 2140.88 0
p
77
30
16400 0 0
16401.5 86.6494 0
16403 173.299 0
16404.6 259.948 0
16406.1 346.597 0
16407.6 433.247 0
16409.1 519.896 0
16410.6 606.545 0
16412.1 693.195 0
16413.7 779.844 0
16415.2 866.494 0
16416.7 953.143 0
16418.2 1039.79 0
16419.7 1126.44 0
16421.2 1213.09 0
16422.8 1299.74 0
16424.3 1386.39 0
16425.8 1473.04 0
16427.3 1559.69 0
16428.8 1646.34 0
16430.3 1732.99 0
16431.9 1819.64 0
16433.4 1906.29 0
16434.9 1992.94 0
16436.4 2079.58 0
16437.9 2166.23 0
16439.4 2252.88 0
16441 2339.53 0
16442.5 2426.18 0
16444 2512.83 0
16445.5 2599.48 0
p
78
30
16600 0 0
16597.2 68.0016 0
16594.4 136.003 0
16591.5 204.005 0
16588.7 272.007 0
16585.9 340.008 0
16583.1 408.01 0
16580.3 476.012 0
16577.4 544.013 0
16574.6 612.015 0
16571.8 680.016 0
16569 748.018 0
16566.2 816.02 0
16563.3 884.021 0
16560.5 952.023 0
16557.7 1020.02 0
16554.9 1088.03 0
16552.1 1156.03 0
16549.2 1224.03 0
16546.4 1292.03 0
16543.6 1360.03 0
16540.8 1428.03 0
16538 1496.04 0
16535.1 1564.04 0
16532.3 1632.04 0
16529.5 1700.04 0
16526.7 1768.04 0
16523.9 1836.04 0
16521 1904.05 0
16518.2 1972.05 0
16515.4 2040.05 0
p
79
30
16800 0 0
16795.1 86.9794 0
16790.1 173.959 0
16785.2 260.938 0
16780.2 347.918 0
16775.3 434.897 0
16770.3 521.876 0
16765.4 608.856 0
16760.4 695.835 0
16755.5 782.815 0
16750.5 869.794 0
16745.6 956.773 0
16740.6 1043.75 0
16735.7 1130.73 0
16730.7 1217.71 0
16725.8 1304.69 0
16720.8 1391.67 0
16715.9 1478.65 0
16710.9 1565.63 0
16706 1652.61 0
16701.1 1739.59 0
16696.1 1826.57 0
16691.2 1913.55 0
16686.2 2000.53 0
16681.3 2087.51 0
16676.3 2174.48 0
16671.4 2261.46 0
16666.4 2348.44 0
16661.5 2435.42 0
16656.5 2522.4 0
16651.6 2609.38 0
s	0
19 26 46 52 
19 20 21 22 23 24 25 26 46 47 48 49 50 51 52 
b
2 0
0.783099 0.394383 0.840188
20 0 0 2
21 0 0 2
22 0 0 2
23 0 0 2
24 0 0 2
25 0 0 2
47 0 0 1
48 0 0 3
49 0 0 3
50 0 0 3
51 0 0 2
g
0
0.3 2 0 0 1 2 0 2 4
t
2
0
666.104 1320.79 100
666.104 1320.79 -100
a
4
0
26 18 52 45 
1 21 1 49 0 47 0 48 0 2640 0.5 2641 0.5 
1 24 1 49 0 50 0 51 0 2640 0.5 2641 0.5 
1 19 1 47 0 46 0 2640 0.5 2641 0.5 
1 20 1 47 0 48 0 2640 0.5 2641 0.5 
1 22 1 49 0 48 0 2640 0.5 2641 0.5 
1 23 1 49 0 50 0 2640 0.5 2641 0.5 
1 25 1 50 0 51 0 2640 0.5 2641 0.5 
2 49 1 21 0 24 0 22 0 23 0 2640 0.5 2641 0.5 
2 47 1 21 0 19 0 20 0 2640 0.5 2641 0.5 
2 48 1 21 0 20 0 22 0 2640 0.5 2641 0.5 
2 50 1 24 0 23 0 25 0 2640 0.5 2641 0.5 
2 51 1 24 0 25 0 2640 0.5 2641 0.5 
2 46 1 19 0 2640 0.5 2641 0.5 
0 2640 6.5 21 0.5 24 0.5 19 0.5 20 0.5 22 0.5 23 0.5 25 0.5 49 0.5 47 0.5 48 0.5 50 0.5 51 0.5 46 0.5 
0 2641 6.5 21 0.5 24 0.5 19 0.5 20 0.5 22 0.5 23 0.5 25 0.5 49 0.5 47 0.5 48 0.5 50 0.5 51 0.5 46 0.5 
NanList DIR 0
d
45
0 0 -10.0816 0 0 -10.0816 0 0 -10.0816 0 0 -10.0816 0 0 -10.0816 0 0 -10.0816 0 0 -10.0816 0 0 10.0816 0 0 10.0816 0 0 10.0816 0 0 10.0816 0 0 10.0816 0 0 10.0816 0 0 0 0 0 0 
s	1
60 63 127 130 
60 61 62 63 127 128 129 130 
b
2 0
0.197551 0.911647 0.79844
61 0 0 2
62 0 0 2
128 0 0 2
129 0 0 2
g
0
0.3 2 0 0 1 2 0 2 4
t
2
2
855.739 2434.29 100
855.739 2434.29 -100
a
4
4
63 59 130 126 
1 61 1 128 0 127 0 129 0 2640 0.5 2641 0.5 
1 60 1 128 0 127 0 2640 0.5 2641 0.5 
1 62 1 128 0 129 0 2640 0.5 2641 0.5 
2 128 1 61 0 60 0 62 0 2640 0.5 2641 0.5 
2 127 1 61 0 60 0 2640 0.5 2641 0.5 
2 129 1 61 0 62 0 2640 0.5 2641 0.5 
0 2640 3 61 0.5 60 0.5 62 0.5 128 0.5 127 0.5 129 0.5 
0 2641 3 61 0.5 60 0.5 62 0.5 128 0.5 127 0.5 129 0.5 
NanList DIR 0
d
24
0 0 -12.4989 0 0 -12.4989 0 0 -12.4989 0 0 12.4989 0 0 12.4989 0 0 12.4989 0 0 0 0 0 0 
s	2
221 227 257 262 
221 222 223 224 225 226 227 257 258 259 260 261 262 
b
2 0
0.277775 0.76823 0.335223
222 0 0 2
223 0 0 3
224 0 0 3
225 0 0 2
226 0 0 1
258 0 0 2
259 0 0 3
260 0 0 3
261 0 0 3
g
0
0.3 2 0 0 1 2 0 2 4
t
2
4
2356.9 1859.04 100
2356.9 1859.04 -100
a
4
8
227 220 262 256 
1 222 1 258 0 259 0 257 0 2640 0.5 2641 0.5 
1 223 1 258 0 259 0 260 0 2640 0.5 2641 0.5 
1 224 1 259 0 260 0 261 0 2640 0.5 2641 0.5 
1 221 1 258 0 257 0 2640 0.5 2641 0.5 
1 225 1 260 0 261 0 2640 0.5 2641 0.5 
1 226 1 261 0 2640 0.5 2641 0.5 
2 258 1 222 0 223 0 221 0 2640 0.5 2641 0.5 
2 259 1 222 0 223 0 224 0 2640 0.5 2641 0.5 
2 260 1 223 0 224 0 225 0 2640 0.5 2641 0.5 
2 261 1 224 0 225 0 226 0 2640 0.5 2641 0.5 
2 257 1 222 0 221 0 2640 0.5 2641 0.5 
0 2640 5.5 222 0.5 223 0.5 224 0.5 221 0.5 225 0.5 226 0.5 258 0.5 259 0.5 260 0.5 261 0.5 257 0.5 
0 2641 5.5 222 0.5 223 0.5 224 0.5 221 0.5 225 0.5 226 0.5 258 0.5 259 0.5 260 0.5 261 0.5 257 0.5 
NanList DIR 0
d
39
0 0 -11.9743 0 0 -11.9743 0 0 -11.9743 0 0 -11.9743 0 0 -11.9743 0 0 -11.9743 0 0 11.9743 0 0 11.9743 0 0 11.9743 0 0 11.9743 0 0 11.9743 0 0 0 0 0 0 
s	3
291 292 293 294 326 327 328 358 359 360 361 
291 292 293 294 326 327 328 358 359 360 361 
b
2 0
0.628871 0.477397 0.55397
292 0 0 1
293 0 0 1
360 0 0 2
b
2 0
0.95223 0.513401 0.364784
327 0 0 1
359 0 0 1
g
0
0.3 2 0 0 1 2 0 2 4
t
2
6
2613 2090.96 100
2613 2090.96 -100
a
6
12
294 290 328 325 361 357 
1 359 1 292 0 327 0 291 0 2640 0.5 2641 0.5 
1 358 1 327 0 326 0 2640 0.5 2641 0.5 
1 360 1 292 0 293 0 2640 0.5 2641 0.5 
2 292 1 359 0 360 0 2640 0.5 2641 0.5 
2 291 1 359 0 2640 0.5 2641 0.5 
2 293 1 360 0 2640 0.5 2641 0.5 
2 327 1 359 0 358 0 2640 0.5 2641 0.5 
2 326 1 358 0 2640 0.5 2641 0.5 
0 2640 4 359 0.5 358 0.5 360 0.5 292 0.5 291 0.5 293 0.5 327 0.5 326 0.5 
0 2641 4 359 0.5 358 0.5 360 0.5 292 0.5 291 0.5 293 0.5 327 0.5 326 0.5 
NanList DIR 0
d
30
0 0 -12.5178 0 0 -12.5178 0 0 -12.5178 0 0 12.5178 0 0 12.5178 0 0 12.5178 0 0 12.5178 0 0 12.5178 0 0 0 0 0 0 
s	4
348 355 381 387 
348 349 350 351 352 353 354 355 381 382 383 384 385 386 387 
b
2 0
0.717297 0.635712 0.916195
349 0 0 1
350 0 0 2
351 0 0 2
352 0 0 2
353 0 0 2
354 0 0 1
382 0 0 2
383 0 0 2
384 0 0 2
385 0 0 2
386 0 0 2
g
0
0.3 2 0 0 1 2 0 2 4
t
2
8
2978.25 1599.57 100
2978.25 1599.57 -100
a
4
18
355 347 387 380 
1 350 1 384 0 382 0 383 0 2640 0.5 2641 0.5 
1 351 1 384 0 385 0 383 0 2640 0.5 2641 0.5 
1 349 1 381 0 382 0 2640 0.5 2641 0.5 
1 352 1 384 0 385 0 2640 0.5 2641 0.5 
1 353 1 385 0 386 0 2640 0.5 2641 0.5 
1 348 1 381 0 2640 0.5 2641 0.5 
1 354 1 386 0 2640 0.5 2641 0.5 
2 384 1 350 0 351 0 352 0 2640 0.5 2641 0.5 
2 385 1 351 0 352 0 353 0 2640 0.5 2641 0.5 
2 381 1 349 0 348 0 2640 0.5 2641 0.5 
2 382 1 350 0 349 0 2640 0.5 2641 0.5 
2 383 1 350 0 351 0 2640 0.5 2641 0.5 
2 386 1 353 0 354 0 2640 0.5 2641 0.5 
0 2640 6.5 350 0.5 351 0.5 349 0.5 352 0.5 353 0.5 348 0.5 354 0.5 384 0.5 385 0.5 381 0.5 382 0.5 383 0.5 386 0.5 
0 2641 6.5 350 0.5 351 0.5 349 0.5 352 0.5 353 0.5 348 0.5 354 0.5 384 0.5 385 0.5 381 0.5 382 0.5 383 0.5 386 0.5 
NanList DIR 0
d
45
0 0 -12.5197 0 0 -12.5197 0 0 -12.5197 0 0 -12.5197 0 0 -12.5197 0 0 -12.5197 0 0 -12.5197 0 0 12.5197 0 0 12.5197 0 0 12.5197 0 0 12.5197 0 0 12.5197 0 0 12.5197 0 0 0 0 0 0 
s	5
491 493 524 526 
491 492 493 524 525 526 
b
2 0
0.0163006 0.606969 0.141603
492 0 0 1
525 0 0 1
g
0
0.3 2 0 0 1 2 0 2 4
t
2
10
4357.16 1974.45 100
4357.16 1974.45 -100
a
4
22
493 490 526 523 
1 491 1 525 0 524 0 2640 0.5 2641 0.5 
1 492 1 525 0 2640 0.5 2641 0.5 
2 525 1 491 0 492 0 2640 0.5 2641 0.5 
2 524 1 491 0 2640 0.5 2641 0.5 
0 2640 2 491 0.5 492 0.5 525 0.5 524 0.5 
0 2641 2 491 0.5 492 0.5 525 0.5 524 0.5 
NanList DIR 0
d
18
0 0 -6.26763 0 0 -6.26763 0 0 6.26763 0 0 6.26763 0 0 0 0 0 0 
s	6
753 755 785 790 821 823 852 856 
753 754 755 785 786 787 788 789 790 821 822 823 852 853 854 855 856 
b
4 0
0.804177 0.137232 0.242887
754 0 0 1
786 0 0 1
787 0 0 3
788 0 0 2
789 0 0 1
822 0 0 4
853 0 0 1
854 0 0 3
855 0 0 4
g
0
0.3 2 0 0 1 2 0 2 4
t
2
12
5858.75 2196.17 100
5858.75 2196.17 -100
a
8
26
755 752 790 784 823 820 856 851 
1 854 1 786 0 787 0 822 0 753 0 788 0 2640 0.5 2641 0.5 
1 855 1 787 0 753 0 788 0 754 0 789 0 2640 0.5 2641 0.5 
1 853 1 786 0 787 0 821 0 822 0 2640 0.5 2641 0.5 
1 852 1 821 0 2640 0.5 2641 0.5 
2 786 1 854 0 821 0 822 0 853 0 2640 0.5 2641 0.5 
2 787 1 854 0 855 0 822 0 853 0 2640 0.5 2641 0.5 
2 788 1 854 0 855 0 2640 0.5 2641 0.5 
2 785 1 821 0 2640 0.5 2641 0.5 
2 789 1 855 0 2640 0.5 2641 0.5 
3 821 1 786 0 853 0 785 0 852 0 2640 0.5 2641 0.5 
3 822 1 854 0 786 0 787 0 853 0 2640 0.5 2641 0.5 
2 753 1 854 0 855 0 2640 0.5 2641 0.5 
2 754 1 855 0 2640 0.5 2641 0.5 
0 2640 6.5 854 0.5 855 0.5 853 0.5 852 0.5 786 0.5 787 0.5 788 0.5 785 0.5 789 0.5 821 0.5 822 0.5 753 0.5 754 0.5 
0 2641 6.5 854 0.5 855 0.5 853 0.5 852 0.5 786 0.5 787 0.5 788 0.5 785 0.5 789 0.5 821 0.5 822 0.5 753 0.5 754 0.5 
NanList DIR 0
d
45
0 0 -24.3195 0 0 -24.3195 0 0 -24.3195 0 0 -24.3195 0 0 0 0 0 0 0 0 0 0 0 0 0 0 0 0 0 19.802 0 0 19.802 0 0 0 0 0 0 0 0 0 0 0 0 
s	7
872 877 904 909 
872 873 874 875 876 877 904 905 906 907 908 909 
b
2 0
0.12979 0.400944 0.156679
873 0 0 2
874 0 0 2
875 0 0 2
876 0 0 1
905 0 0 1
906 0 0 2
907 0 0 2
908 0 0 2
g
0
0.3 2 0 0 1 2 0 2 4
t
2
14
6210 1102.37 100
6210 1102.37 -100
a
4
34
877 871 909 903 
1 874 1 905 0 906 0 907 0 2640 0.5 2641 0.5 
1 872 1 905 0 904 0 2640 0.5 2641 0.5 
1 873 1 905 0 906 0 2640 0.5 2641 0.5 
1 875 1 907 0 908 0 2640 0.5 2641 0.5 
1 876 1 908 0 2640 0.5 2641 0.5 
2 905 1 874 0 872 0 873 0 2640 0.5 2641 0.5 
2 906 1 874 0 873 0 2640 0.5 2641 0.5 
2 907 1 874 0 875 0 2640 0.5 2641 0.5 
2 908 1 875 0 876 0 2640 0.5 2641 0.5 
2 904 1 872 0 2640 0.5 2641 0.5 
0 2640 5 874 0.5 872 0.5 873 0.5 875 0.5 876 0.5 905 0.5 906 0.5 907 0.5 908 0.5 904 0.5 
0 2641 5 874 0.5 872 0.5 873 0.5 875 0.5 876 0.5 905 0.5 906 0.5 907 0.5 908 0.5 904 0.5 
NanList DIR 0
d
36
0 0 -12.0073 0 0 -12.0073 0 0 -12.0073 0 0 -12.0073 0 0 -12.0073 0 0 12.0073 0 0 12.0073 0 0 12.0073 0 0 12.0073 0 0 12.0073 0 0 0 0 0 0 
s	8
877 882 909 914 
877 878 879 880 881 882 909 910 911 912 913 914 
b
2 0
0.218257 0.998924 0.108809
878 0 0 2
879 0 0 2
880 0 0 3
881 0 0 2
910 0 0 1
911 0 0 3
912 0 0 3
913 0 0 2
g
0
0.3 2 0 0 1 2 0 2 4
t
2
16
6253.76 1455.08 100
6253.76 1455.08 -100
a
2
38
882 914 
1 879 1 910 0 911 0 912 0 2640 0.5 2641 0.5 
1 880 1 911 0 912 0 913 0 2640 0.5 2641 0.5 
1 877 1 910 0 909 0 2640 0.5 2641 0.5 
1 878 1 910 0 911 0 2640 0.5 2641 0.5 
1 881 1 912 0 913 0 2640 0.5 2641 0.5 
2 910 1 879 0 877 0 878 0 2640 0.5 2641 0.5 
2 911 1 879 0 880 0 878 0 2640 0.5 2641 0.5 
2 912 1 879 0 880 0 881 0 2640 0.5 2641 0.5 
2 913 1 880 0 881 0 2640 0.5 2641 0.5 
2 909 1 877 0 2640 0.5 2641 0.5 
0 2640 5 879 0.5 880 0.5 877 0.5 878 0.5 881 0.5 910 0.5 911 0.5 912 0.5 913 0.5 909 0.5 
0 2641 5 879 0.5 880 0.5 877 0.5 878 0.5 881 0.5 910 0.5 911 0.5 912 0.5 913 0.5 909 0.5 
NanList DIR 0
d
36
0 0 -12.0073 0 0 -12.0073 0 0 -12.0073 0 0 -12.0073 0 0 -12.0073 0 0 12.0073 0 0 12.0073 0 0 12.0073 0 0 12.0073 0 0 12.0073 0 0 0 0 0 0 
s	9
919 922 984 988 
919 920 921 922 984 985 986 987 988 
b
2 0
0.61264 0.839112 0.512932
920 0 0 2
921 0 0 3
985 0 0 2
986 0 0 2
987 0 0 1
g
0
0.3 2 0 0 1 2 0 2 4
t
2
18
6550.33 2062.77 100
6550.33 2062.77 -100
a
4
40
922 918 988 983 
1 920 1 985 0 984 0 986 0 2640 0.5 2641 0.5 
1 921 1 985 0 986 0 987 0 2640 0.5 2641 0.5 
1 919 1 985 0 984 0 2640 0.5 2641 0.5 
2 985 1 920 0 921 0 919 0 2640 0.5 2641 0.5 
2 984 1 920 0 919 0 2640 0.5 2641 0.5 
2 986 1 920 0 921 0 2640 0.5 2641 0.5 
2 987 1 921 0 2640 0.5 2641 0.5 
0 2640 3.5 920 0.5 921 0.5 919 0.5 985 0.5 984 0.5 986 0.5 987 0.5 
0 2641 3.5 920 0.5 921 0.5 919 0.5 985 0.5 984 0.5 986 0.5 987 0.5 
NanList DIR 0
d
27
0 0 -11.5825 0 0 -11.5825 0 0 -11.5825 0 0 11.5825 0 0 11.5825 0 0 11.5825 0 0 11.5825 0 0 0 0 0 0 
s	10
971 977 1004 1010 
971 972 973 974 975 976 977 1004 1005 1006 1007 1008 1009 1010 
b
2 0
0.524287 0.637552 0.296032
972 0 0 1
973 0 0 2
974 0 0 2
975 0 0 2
976 0 0 2
1005 0 0 2
1006 0 0 2
1007 0 0 2
1008 0 0 2
1009 0 0 1
g
0
0.3 2 0 0 1 2 0 2 4
t
2
20
6888.52 1262.94 100
6888.52 1262.94 -100
a
4
44
977 970 1010 1003 
1 972 1 1004 0 1005 0 2640 0.5 2641 0.5 
1 973 1 1005 0 1006 0 2640 0.5 2641 0.5 
1 974 1 1006 0 1007 0 2640 0.5 2641 0.5 
1 975 1 1007 0 1008 0 2640 0.5 2641 0.5 
1 976 1 1008 0 1009 0 2640 0.5 2641 0.5 
1 971 1 1004 0 2640 0.5 2641 0.5 
2 1004 1 972 0 971 0 2640 0.5 2641 0.5 
2 1005 1 972 0 973 0 2640 0.5 2641 0.5 
2 1006 1 973 0 974 0 2640 0.5 2641 0.5 
2 1007 1 974 0 975 0 2640 0.5 2641 0.5 
2 1008 1 975 0 976 0 2640 0.5 2641 0.5 
2 1009 1 976 0 2640 0.5 2641 0.5 
0 2640 6 972 0.5 973 0.5 974 0.5 975 0.5 976 0.5 971 0.5 1004 0.5 1005 0.5 1006 0.5 1007 0.5 1008 0.5 1009 0.5 
0 2641 6 972 0.5 973 0.5 974 0.5 975 0.5 976 0.5 971 0.5 1004 0.5 1005 0.5 1006 0.5 1007 0.5 1008 0.5 1009 0.5 
NanList DIR 0
d
42
0 0 -10.4925 0 0 -10.4925 0 0 -10.4925 0 0 -10.4925 0 0 -10.4925 0 0 -10.4925 0 0 10.4925 0 0 10.4925 0 0 10.4925 0 0 10.4925 0 0 10.4925 0 0 10.4925 0 0 0 0 0 0 
s	11
1085 1087 1115 1120 1147 1153 
1085 1086 1087 1115 1116 1117 1118 1119 1120 1147 1148 1149 1150 1151 1152 1153 
b
3 0
0.292517 0.972775 0.493583
1086 0 0 2
1116 0 0 1
1117 0 0 2
1118 0 0 2
1119 0 0 2
1148 0 0 2
1149 0 0 2
1150 0 0 2
1151 0 0 2
1152 0 0 1
g
0
0.3 2 0 0 1 2 0 2 4
t
2
22
7614.78 2199.8 100
7614.78 2199.8 -100
a
6
48
1087 1084 1120 1114 1153 1146 
1 1151 1 1118 0 1085 0 1086 0 1119 0 2640 0.5 2641 0.5 
1 1150 1 1118 0 1085 0 1119 0 2640 0.5 2641 0.5 
1 1147 1 1116 0 1115 0 2640 0.5 2641 0.5 
1 1148 1 1116 0 1117 0 2640 0.5 2641 0.5 
1 1149 1 1118 0 1117 0 2640 0.5 2641 0.5 
1 1152 1 1086 0 2640 0.5 2641 0.5 
2 1118 1 1151 0 1150 0 1149 0 2640 0.5 2641 0.5 
2 1116 1 1147 0 1148 0 2640 0.5 2641 0.5 
2 1117 1 1148 0 1149 0 2640 0.5 2641 0.5 
2 1119 1 1151 0 1150 0 2640 0.5 2641 0.5 
2 1115 1 1147 0 2640 0.5 2641 0.5 
2 1085 1 1151 0 1150 0 2640 0.5 2641 0.5 
2 1086 1 1151 0 1152 0 2640 0.5 2641 0.5 
0 2640 6.5 1151 0.5 1150 0.5 1147 0.5 1148 0.5 1149 0.5 1152 0.5 1118 0.5 1116 0.5 1117 0.5 1119 0.5 1115 0.5 1085 0.5 1086 0.5 
0 2641 6.5 1151 0.5 1150 0.5 1147 0.5 1148 0.5 1149 0.5 1152 0.5 1118 0.5 1116 0.5 1117 0.5 1119 0.5 1115 0.5 1085 0.5 1086 0.5 
NanList DIR 0
d
45
0 0 -12.5522 0 0 -12.5522 0 0 -12.5522 0 0 -12.5522 0 0 -12.5522 0 0 -12.5522 0 0 12.5522 0 0 12.5522 0 0 12.5522 0 0 12.5522 0 0 12.5522 0 0 12.5522 0 0 12.5522 0 0 0 0 0 0 
s	12
1276 1281 1306 1310 
1276 1277 1278 1279 1280 1281 1306 1307 1308 1309 1310 
b
2 0
0.769914 0.526745 0.771358
1277 0 0 1
1278 0 0 2
1279 0 0 2
1280 0 0 2
1307 0 0 2
1308 0 0 3
1309 0 0 2
g
0
0.3 2 0 0 1 2 0 2 4
t
2
24
8642.93 1568.19 100
8642.93 1568.19 -100
a
4
54
1281 1275 1310 1305 
1 1279 1 1307 0 1308 0 1309 0 2640 0.5 2641 0.5 
1 1277 1 1307 0 1306 0 2640 0.5 2641 0.5 
1 1278 1 1307 0 1308 0 2640 0.5 2641 0.5 
1 1280 1 1308 0 1309 0 2640 0.5 2641 0.5 
1 1276 1 1306 0 2640 0.5 2641 0.5 
2 1307 1 1279 0 1277 0 1278 0 2640 0.5 2641 0.5 
2 1308 1 1279 0 1278 0 1280 0 2640 0.5 2641 0.5 
2 1306 1 1277 0 1276 0 2640 0.5 2641 0.5 
2 1309 1 1279 0 1280 0 2640 0.5 2641 0.5 
0 2640 4.5 1279 0.5 1277 0.5 1278 0.5 1280 0.5 1276 0.5 1307 0.5 1308 0.5 1306 0.5 1309 0.5 
0 2641 4.5 1279 0.5 1277 0.5 1278 0.5 1280 0.5 1276 0.5 1307 0.5 1308 0.5 1306 0.5 1309 0.5 
NanList DIR 0
d
33
0 0 -8.68398 0 0 -8.68398 0 0 -8.68398 0 0 -8.68398 0 0 -8.68398 0 0 8.68398 0 0 8.68398 0 0 8.68398 0 0 8.68398 0 0 0 0 0 0 
s	13
1297 1300 1331 1333 
1297 1298 1299 1300 1331 1332 1333 
b
2 0
0.283315 0.891529 0.400229
1298 0 0 1
1299 0 0 1
1332 0 0 2
g
0
0.3 2 0 0 1 2 0 2 4
t
2
26
9012.4 884.869 100
9012.4 884.869 -100
a
4
58
1300 1296 1333 1330 
1 1298 1 1331 0 1332 0 2640 0.5 2641 0.5 
1 1297 1 1331 0 2640 0.5 2641 0.5 
1 1299 1 1332 0 2640 0.5 2641 0.5 
2 1331 1 1298 0 1297 0 2640 0.5 2641 0.5 
2 1332 1 1298 0 1299 0 2640 0.5 2641 0.5 
0 2640 2.5 1298 0.5 1297 0.5 1299 0.5 1331 0.5 1332 0.5 
0 2641 2.5 1298 0.5 1297 0.5 1299 0.5 1331 0.5 1332 0.5 
NanList DIR 0
d
21
0 0 -4.51218 0 0 -4.51218 0 0 -4.51218 0 0 4.51218 0 0 4.51218 0 0 0 0 0 0 
s	14
1314 1317 1347 1350 1382 1384 1412 1416 
1314 1315 1316 1317 1347 1348 1349 1350 1382 1383 1384 1412 1413 1414 1415 1416 
b
4 0
0.919026 0.807725 0.352458
1315 0 0 2
1316 0 0 2
1348 0 0 2
1349 0 0 1
1383 0 0 1
1413 0 0 2
1414 0 0 4
1415 0 0 2
g
0
0.3 2 0 0 1 2 0 2 4
t
2
28
9087.14 1964.21 100
9087.14 1964.21 -100
a
8
62
1317 1313 1350 1346 1384 1381 1416 1411 
1 1413 1 1315 0 1347 0 1348 0 1349 0 1383 0 2640 0.5 2641 0.5 
1 1414 1 1315 0 1316 0 1348 0 1349 0 1314 0 2640 0.5 2641 0.5 
1 1412 1 1347 0 1383 0 1382 0 2640 0.5 2641 0.5 
1 1415 1 1315 0 1316 0 2640 0.5 2641 0.5 
2 1315 1 1413 0 1414 0 1415 0 2640 0.5 2641 0.5 
2 1316 1 1414 0 1415 0 2640 0.5 2641 0.5 
2 1314 1 1414 0 2640 0.5 2641 0.5 
2 1347 1 1413 0 1412 0 2640 0.5 2641 0.5 
2 1348 1 1413 0 1414 0 2640 0.5 2641 0.5 
2 1349 1 1413 0 1414 0 2640 0.5 2641 0.5 
2 1383 1 1413 0 1412 0 2640 0.5 2641 0.5 
2 1382 1 1412 0 2640 0.5 2641 0.5 
0 2640 6 1413 0.5 1414 0.5 1412 0.5 1415 0.5 1315 0.5 1316 0.5 1314 0.5 1347 0.5 1348 0.5 1349 0.5 1383 0.5 1382 0.5 
0 2641 6 1413 0.5 1414 0.5 1412 0.5 1415 0.5 1315 0.5 1316 0.5 1314 0.5 1347 0.5 1348 0.5 1349 0.5 1383 0.5 1382 0.5 
NanList DIR 0
d
42
0 0 -12.9009 0 0 -12.9009 0 0 -12.9009 0 0 -12.9009 0 0 12.9009 0 0 12.9009 0 0 12.9009 0 0 12.9009 0 0 12.9009 0 0 12.9009 0 0 12.9009 0 0 12.9009 0 0 0 0 0 0 
s	15
1404 1408 1437 1440 
1404 1405 1406 1407 1408 1437 1438 1439 1440 
b
2 0
0.525995 0.949327 0.0697553
1405 0 0 1
1406 0 0 2
1407 0 0 1
1438 0 0 2
1439 0 0 2
g
0
0.3 2 0 0 1 2 0 2 4
t
2
30
9572.42 1587.94 100
9572.42 1587.94 -100
a
4
70
1408 1403 1440 1436 
1 1405 1 1437 0 1438 0 2640 0.5 2641 0.5 
1 1406 1 1438 0 1439 0 2640 0.5 2641 0.5 
1 1404 1 1437 0 2640 0.5 2641 0.5 
1 1407 1 1439 0 2640 0.5 2641 0.5 
2 1437 1 1405 0 1404 0 2640 0.5 2641 0.5 
2 1438 1 1405 0 1406 0 2640 0.5 2641 0.5 
2 1439 1 1406 0 1407 0 2640 0.5 2641 0.5 
0 2640 3.5 1405 0.5 1406 0.5 1404 0.5 1407 0.5 1437 0.5 1438 0.5 1439 0.5 
0 2641 3.5 1405 0.5 1406 0.5 1404 0.5 1407 0.5 1437 0.5 1438 0.5 1439 0.5 
NanList DIR 0
d
27
0 0 -4.04747 0 0 -4.04747 0 0 -4.04747 0 0 -4.04747 0 0 4.04747 0 0 4.04747 0 0 4.04747 0 0 0 0 0 0 
s	16
1578 1579 1580 1581 1582 1613 1614 1615 1646 1647 1648 1679 1680 1681 
1578 1579 1580 1581 1582 1613 1614 1615 1646 1647 1648 1679 1680 1681 
b
2 0
0.663227 0.192214 0.0860558
1579 0 0 1
1614 0 0 1
b
2 0
0.0641713 0.348893 0.890233
1580 0 0 1
1647 0 0 1
b
2 0
0.0630958 0.457702 0.020023
1581 0 0 1
1680 0 0 1
g
0
0.3 2 0 0 1 2 0 2 4
t
2
32
10565.8 2079.38 100
10565.8 2079.38 -100
a
8
74
1582 1577 1615 1612 1648 1645 1681 1678 
1 1579 1 1614 0 1647 0 1646 0 2640 0.5 2641 0.5 
1 1578 1 1614 0 1613 0 2640 0.5 2641 0.5 
1 1580 1 1647 0 1680 0 2640 0.5 2641 0.5 
1 1581 1 1680 0 1679 0 2640 0.5 2641 0.5 
2 1614 1 1579 0 1578 0 2640 0.5 2641 0.5 
2 1613 1 1578 0 2640 0.5 2641 0.5 
2 1647 1 1579 0 1580 0 2640 0.5 2641 0.5 
2 1646 1 1579 0 2640 0.5 2641 0.5 
2 1680 1 1580 0 1581 0 2640 0.5 2641 0.5 
2 1679 1 1581 0 2640 0.5 2641 0.5 
0 2640 5 1579 0.5 1578 0.5 1580 0.5 1581 0.5 1614 0.5 1613 0.5 1647 0.5 1646 0.5 1680 0.5 1679 0.5 
0 2641 5 1579 0.5 1578 0.5 1580 0.5 1581 0.5 1614 0.5 1613 0.5 1647 0.5 1646 0.5 1680 0.5 1679 0.5 
NanList DIR 0
d
36
0 0 -10.4614 0 0 -10.4614 0 0 -10.4614 0 0 -10.4614 0 0 10.4614 0 0 10.4614 0 0 10.4614 0 0 10.4614 0 0 10.4614 0 0 10.4614 0 0 0 0 0 0 
s	17
1636 1640 1669 1673 
1636 1637 1638 1639 1640 1669 1670 1671 1672 1673 
b
2 0
0.902208 0.970634 0.23828
1637 0 0 1
1638 0 0 2
1639 0 0 2
1670 0 0 2
1671 0 0 2
1672 0 0 1
g
0
0.3 2 0 0 1 2 0 2 4
t
2
34
10826.1 1495.34 100
10826.1 1495.34 -100
a
4
82
1640 1635 1673 1668 
1 1637 1 1669 0 1670 0 2640 0.5 2641 0.5 
1 1638 1 1670 0 1671 0 2640 0.5 2641 0.5 
1 1639 1 1671 0 1672 0 2640 0.5 2641 0.5 
1 1636 1 1669 0 2640 0.5 2641 0.5 
2 1669 1 1637 0 1636 0 2640 0.5 2641 0.5 
2 1670 1 1637 0 1638 0 2640 0.5 2641 0.5 
2 1671 1 1638 0 1639 0 2640 0.5 2641 0.5 
2 1672 1 1639 0 2640 0.5 2641 0.5 
0 2640 4 1637 0.5 1638 0.5 1639 0.5 1636 0.5 1669 0.5 1670 0.5 1671 0.5 1672 0.5 
0 2641 4 1637 0.5 1638 0.5 1639 0.5 1636 0.5 1669 0.5 1670 0.5 1671 0.5 1672 0.5 
NanList DIR 0
d
30
0 0 -6.07993 0 0 -6.07993 0 0 -6.07993 0 0 -6.07993 0 0 6.07993 0 0 6.07993 0 0 6.07993 0 0 6.07993 0 0 0 0 0 0 
s	18
2009 2011 2039 2044 2075 2077 2106 2110 
2009 2010 2011 2039 2040 2041 2042 2043 2044 2075 2076 2077 2106 2107 2108 2109 2110 
b
4 0
0.53976 0.266666 0.85092
2010 0 0 2
2040 0 0 1
2041 0 0 3
2042 0 0 2
2043 0 0 1
2076 0 0 2
2107 0 0 2
2108 0 0 4
2109 0 0 1
g
0
0.3 2 0 0 1 2 0 2 4
t
2
36
13359.5 2245.86 100
13359.5 2245.86 -100
a
8
86
2011 2008 2044 2038 2077 2074 2110 2105 
1 2107 1 2040 0 2041 0 2010 0 2009 0 2042 0 2640 0.5 2641 0.5 
1 2108 1 2041 0 2010 0 2009 0 2042 0 2043 0 2640 0.5 2641 0.5 
1 2106 1 2040 0 2041 0 2640 0.5 2641 0.5 
1 2109 1 2010 0 2640 0.5 2641 0.5 
2 2040 1 2107 0 2076 0 2106 0 2075 0 2640 0.5 2641 0.5 
2 2041 1 2107 0 2108 0 2076 0 2106 0 2640 0.5 2641 0.5 
2 2042 1 2107 0 2108 0 2640 0.5 2641 0.5 
2 2039 1 2076 0 2640 0.5 2641 0.5 
2 2043 1 2108 0 2640 0.5 2641 0.5 
2 2010 1 2107 0 2108 0 2109 0 2640 0.5 2641 0.5 
2 2009 1 2107 0 2108 0 2640 0.5 2641 0.5 
1 2076 1 2040 0 2041 0 2039 0 2640 0.5 2641 0.5 
1 2075 1 2040 0 2640 0.5 2641 0.5 
0 2640 6.5 2107 0.5 2108 0.5 2106 0.5 2109 0.5 2040 0.5 2041 0.5 2042 0.5 2039 0.5 2043 0.5 2010 0.5 2009 0.5 2076 0.5 2075 0.5 
0 2641 6.5 2107 0.5 2108 0.5 2106 0.5 2109 0.5 2040 0.5 2041 0.5 2042 0.5 2039 0.5 2043 0.5 2010 0.5 2009 0.5 2076 0.5 2075 0.5 
NanList DIR 0
d
45
0 0 -13.0193 0 0 -13.0193 0 0 -13.0193 0 0 -13.0193 0 0 13.0193 0 0 13.0193 0 0 13.0193 0 0 13.0193 0 0 13.0193 0 0 13.0193 0 0 13.0193 0 0 -13.0193 0 0 -13.0193 0 0 0 0 0 0 
s	19
2093 2097 2129 2133 
2093 2094 2095 2096 2097 2129 2130 2131 2132 2133 
b
2 0
0.512535 0.760249 0.375207
2094 0 0 1
2095 0 0 3
2096 0 0 2
2130 0 0 2
2131 0 0 2
2132 0 0 2
g
0
0.3 2 0 0 1 2 0 2 4
t
2
38
13842.3 1298.82 100
13842.3 1298.82 -100
a
4
94
2097 2092 2133 2128 
1 2094 1 2131 0 2129 0 2130 0 2640 0.5 2641 0.5 
1 2095 1 2131 0 2130 0 2132 0 2640 0.5 2641 0.5 
1 2096 1 2131 0 2132 0 2640 0.5 2641 0.5 
1 2093 1 2129 0 2640 0.5 2641 0.5 
2 2131 1 2094 0 2095 0 2096 0 2640 0.5 2641 0.5 
2 2129 1 2094 0 2093 0 2640 0.5 2641 0.5 
2 2130 1 2094 0 2095 0 2640 0.5 2641 0.5 
2 2132 1 2095 0 2096 0 2640 0.5 2641 0.5 
0 2640 4 2094 0.5 2095 0.5 2096 0.5 2093 0.5 2131 0.5 2129 0.5 2130 0.5 2132 0.5 
0 2641 4 2094 0.5 2095 0.5 2096 0.5 2093 0.5 2131 0.5 2129 0.5 2130 0.5 2132 0.5 
NanList DIR 0
d
30
0 0 -5.9591 0 0 -5.9591 0 0 -5.9591 0 0 -5.9591 0 0 5.9591 0 0 5.9591 0 0 5.9591 0 0 5.9591 0 0 0 0 0 0 
s	20
2169 2174 2197 2207 2232 2242 2268 2275 
2169 2170 2171 2172 2173 2174 2197 2198 2199 2200 2201 2202 2203 2204 2205 2206 2207 2232 2233 2234 2235 2236 2237 2238 2239 2240 2241 2242 2268 2269 2270 2271 2272 2273 2274 2275 
b
4 0
0.0392803 0.531606 0.667724
2170 0 0 2
2171 0 0 3
2172 0 0 3
2173 0 0 2
2198 0 0 2
2199 0 0 3
2200 0 0 3
2201 0 0 3
2202 0 0 3
2203 0 0 4
2204 0 0 3
2205 0 0 3
2206 0 0 1
2233 0 0 2
2234 0 0 3
2235 0 0 3
2236 0 0 3
2237 0 0 2
2238 0 0 2
2239 0 0 2
2240 0 0 2
2241 0 0 2
2269 0 0 2
2270 0 0 3
2271 0 0 2
2272 0 0 4
2273 0 0 2
2274 0 0 1
g
0
0.3 2 0 0 1 2 0 2 4
t
2
40
14384.3 1943.72 100
14384.3 1943.72 -100
a
8
98
2174 2168 2207 2196 2242 2231 2275 2267 
1 2202 1 2236 0 2238 0 2269 0 2237 0 2268 0 2640 0.5 2641 0.5 
1 2203 1 2238 0 2239 0 2269 0 2270 0 2268 0 2640 0.5 2641 0.5 
1 2198 1 2233 0 2234 0 2232 0 2640 0.5 2641 0.5 
1 2199 1 2233 0 2234 0 2235 0 2640 0.5 2641 0.5 
1 2200 1 2234 0 2235 0 2236 0 2640 0.5 2641 0.5 
1 2201 1 2235 0 2236 0 2237 0 2640 0.5 2641 0.5 
1 2204 1 2271 0 2269 0 2270 0 2640 0.5 2641 0.5 
1 2205 1 2271 0 2272 0 2270 0 2640 0.5 2641 0.5 
1 2197 1 2233 0 2232 0 2640 0.5 2641 0.5 
1 2206 1 2272 0 2640 0.5 2641 0.5 
2 2233 1 2198 0 2199 0 2197 0 2640 0.5 2641 0.5 
2 2234 1 2198 0 2199 0 2200 0 2640 0.5 2641 0.5 
2 2235 1 2199 0 2200 0 2201 0 2640 0.5 2641 0.5 
2 2236 1 2202 0 2200 0 2201 0 2640 0.5 2641 0.5 
2 2238 1 2202 0 2203 0 2169 0 2640 0.5 2641 0.5 
2 2239 1 2203 0 2170 0 2169 0 2640 0.5 2641 0.5 
1 2241 1 2171 0 2170 0 2172 0 2640 0.5 2641 0.5 
2 2232 1 2198 0 2197 0 2640 0.5 2641 0.5 
2 2237 1 2202 0 2201 0 2640 0.5 2641 0.5 
2 2240 1 2171 0 2170 0 2640 0.5 2641 0.5 
2 2271 1 2171 0 2170 0 2204 0 2205 0 2640 0.5 2641 0.5 
2 2272 1 2171 0 2172 0 2205 0 2206 0 2640 0.5 2641 0.5 
2 2269 1 2202 0 2203 0 2204 0 2640 0.5 2641 0.5 
2 2270 1 2203 0 2204 0 2205 0 2640 0.5 2641 0.5 
2 2273 1 2171 0 2172 0 2173 0 2640 0.5 2641 0.5 
2 2268 1 2202 0 2203 0 2640 0.5 2641 0.5 
2 2274 1 2173 0 2640 0.5 2641 0.5 
3 2171 1 2271 0 2272 0 2241 0 2273 0 2240 0 2640 0.5 2641 0.5 
3 2170 1 2271 0 2239 0 2241 0 2240 0 2640 0.5 2641 0.5 
3 2172 1 2272 0 2241 0 2273 0 2640 0.5 2641 0.5 
3 2169 1 2238 0 2239 0 2640 0.5 2641 0.5 
3 2173 1 2273 0 2274 0 2640 0.5 2641 0.5 
0 2640 16 2202 0.5 2203 0.5 2198 0.5 2199 0.5 2200 0.5 2201 0.5 2204 0.5 2205 0.5 2197 0.5 2206 0.5 2233 0.5 2234 0.5 2235 0.5 2236 0.5 2238 0.5 2239 0.5 2241 0.5 2232 0.5 2237 0.5 2240 0.5 2271 0.5 2272 0.5 2269 0.5 2270 0.5 2273 0.5 2268 0.5 2274 0.5 2171 0.5 2170 0.5 2172 0.5 2169 0.5 2173 0.5 
0 2641 16 2202 0.5 2203 0.5 2198 0.5 2199 0.5 2200 0.5 2201 0.5 2204 0.5 2205 0.5 2197 0.5 2206 0.5 2233 0.5 2234 0.5 2235 0.5 2236 0.5 2238 0.5 2239 0.5 2241 0.5 2232 0.5 2237 0.5 2240 0.5 2271 0.5 2272 0.5 2269 0.5 2270 0.5 2273 0.5 2268 0.5 2274 0.5 2171 0.5 2170 0.5 2172 0.5 2169 0.5 2173 0.5 
NanList DIR 0
d
102
0 0 -28.8665 0 0 -28.8665 0 0 -28.8665 0 0 -28.8665 0 0 -28.8665 0 0 -28.8665 0 0 -28.8665 0 0 -28.8665 0 0 -28.8665 0 0 -28.8665 0 0 0 0 0 0 0 0 0 0 0 0 0 0 0 0 0 0 0 0 -28.8665 0 0 0 0 0 0 0 0 0 0 0 0 0 0 0 0 0 0 0 0 0 0 0 0 0 0 0 0 0 0 0 0 25.7705 0 0 25.7705 0 0 25.7705 0 0 25.7705 0 0 25.7705 0 0 0 0 0 0 
s	21
2363 2369 2395 2400 
2363 2364 2365 2366 2367 2368 2369 2395 2396 2397 2398 2399 2400 
b
2 0
0.93081 0.931835 0.437638
2364 0 0 2
2365 0 0 3
2366 0 0 2
2367 0 0 2
2368 0 0 1
2396 0 0 2
2397 0 0 3
2398 0 0 3
2399 0 0 2
g
0
0.3 2 0 0 1 2 0 2 4
t
2
42
15266.7 1812.99 100
15266.7 1812.99 -100
a
4
106
2369 2362 2400 2394 
1 2364 1 2396 0 2397 0 2395 0 2640 0.5 2641 0.5 
1 2365 1 2396 0 2397 0 2398 0 2640 0.5 2641 0.5 
1 2363 1 2396 0 2395 0 2640 0.5 2641 0.5 
1 2366 1 2397 0 2398 0 2640 0.5 2641 0.5 
1 2367 1 2398 0 2399 0 2640 0.5 2641 0.5 
1 2368 1 2399 0 2640 0.5 2641 0.5 
2 2396 1 2364 0 2365 0 2363 0 2640 0.5 2641 0.5 
2 2397 1 2364 0 2365 0 2366 0 2640 0.5 2641 0.5 
2 2398 1 2365 0 2366 0 2367 0 2640 0.5 2641 0.5 
2 2395 1 2364 0 2363 0 2640 0.5 2641 0.5 
2 2399 1 2367 0 2368 0 2640 0.5 2641 0.5 
0 2640 5.5 2364 0.5 2365 0.5 2363 0.5 2366 0.5 2367 0.5 2368 0.5 2396 0.5 2397 0.5 2398 0.5 2395 0.5 2399 0.5 
0 2641 5.5 2364 0.5 2365 0.5 2363 0.5 2366 0.5 2367 0.5 2368 0.5 2396 0.5 2397 0.5 2398 0.5 2395 0.5 2399 0.5 
NanList DIR 0
d
39
0 0 -13.7529 0 0 -13.7529 0 0 -13.7529 0 0 -13.7529 0 0 -13.7529 0 0 -13.7529 0 0 13.7529 0 0 13.7529 0 0 13.7529 0 0 13.7529 0 0 13.7529 0 0 0 0 0 0 
s	22
2404 2407 2438 2440 2471 2473 
2404 2405 2406 2407 2438 2439 2440 2471 2472 2473 
b
3 0
0.738534 0.284293 0.720952
2405 0 0 1
2406 0 0 2
2439 0 0 2
2472 0 0 1
g
0
0.3 2 0 0 1 2 0 2 4
t
2
44
15677.8 2374.93 100
15677.8 2374.93 -100
a
6
110
2407 2403 2440 2437 2473 2470 
1 2405 1 2439 0 2438 0 2471 0 2640 0.5 2641 0.5 
1 2406 1 2439 0 2471 0 2472 0 2640 0.5 2641 0.5 
1 2404 1 2439 0 2438 0 2640 0.5 2641 0.5 
2 2439 1 2405 0 2406 0 2404 0 2640 0.5 2641 0.5 
2 2438 1 2405 0 2404 0 2640 0.5 2641 0.5 
2 2471 1 2405 0 2406 0 2640 0.5 2641 0.5 
2 2472 1 2406 0 2640 0.5 2641 0.5 
0 2640 3.5 2405 0.5 2406 0.5 2404 0.5 2439 0.5 2438 0.5 2471 0.5 2472 0.5 
0 2641 3.5 2405 0.5 2406 0.5 2404 0.5 2439 0.5 2438 0.5 2471 0.5 2472 0.5 
NanList DIR 0
d
27
0 0 -13.4413 0 0 -13.4413 0 0 -13.4413 0 0 13.4413 0 0 13.4413 0 0 13.4413 0 0 13.4413 0 0 0 0 0 0 
