33 0.1 0.1 0.3 1 0 22 1
p
0
30
1000 0 0
1003.15 69.072 0
1006.29 138.144 0
1009.66 207.206 0
1013.38 276.251 0
1017.66 345.266 0
1022.75 414.229 0
1028.25 483.163 0
1034.23 552.064 0
1040.59 620.934 0
1047.27 689.779 0
1054.17 758.605 0
1061.21 827.419 0
1068.31 896.228 0
1075.4 965.038 0
1082.38 1033.86 0
1089.18 1102.69 0
1095.71 1171.55 0
1101.9 1240.44 0
1107.65 1309.35 0
1112.9 1378.31 0
1117.54 1447.3 0
1121.51 1516.33 0
1124.85 1585.39 0
1128.02 1654.47 0
1131.13 1723.54 0
1134.19 1792.62 0
1137.23 1861.69 0
1140.27 1930.77 0
1143.31 1999.85 0
1146.35 2068.92 0
p
1
30
1200 0 0
1199.07 68.9112 0
1198.14 137.822 0
1197.21 206.734 0
1196.28 275.645 0
1195.35 344.556 0
1194.42 413.467 0
1193.5 482.378 0
1192.57 551.289 0
1191.64 620.201 0
1190.71 689.112 0
1189.78 758.023 0
1188.85 826.934 0
1187.92 895.845 0
1186.99 964.757 0
1186.06 1033.67 0
1185.13 1102.58 0
1184.2 1171.49 0
1183.27 1240.4 0
1182.34 1309.31 0
1181.41 1378.22 0
1180.49 1447.13 0
1179.56 1516.05 0
1178.63 1584.96 0
1177.7 1653.87 0
1176.77 1722.78 0
1175.84 1791.69 0
1174.91 1860.6 0
1173.98 1929.51 0
1173.05 1998.42 0
1172.12 2067.34 0
p
2
30
1400 0 0
1393.72 77.9659 0
1387.44 155.932 0
1381.16 233.898 0
1374.88 311.863 0
1368.61 389.829 0
1362.33 467.795 0
1356.05 545.761 0
1349.77 623.727 0
1343.49 701.693 0
1337.21 779.659 0
1330.93 857.624 0
1324.65 935.59 0
1318.37 1013.56 0
1312.1 1091.52 0
1305.82 1169.49 0
1299.54 1247.45 0
1293.26 1325.42 0
1286.98 1403.39 0
1280.7 1481.35 0
1274.42 1559.32 0
1268.14 1637.28 0
1261.86 1715.25 0
1255.59 1793.21 0
1249.31 1871.18 0
1243.03 1949.15 0
1236.75 2027.11 0
1230.47 2105.08 0
1224.19 2183.04 0
1217.91 2261.01 0
1211.63 2338.98 0
p
3
30
1600 0 0
1600.6 84.0247 0
1601.21 168.049 0
1598.58 252.086 0
1591.56 335.97 0
1578.2 419.281 0
1562.64 502.33 0
1546.04 585.294 0
1531.3 668.648 0
1521.51 752.709 0
1516.77 837.16 0
1518.84 921.691 0
1528.53 1005.72 0
1546.28 1088.56 0
1572.09 1169.5 0
1605.57 1247.96 0
1645.97 1323.59 0
1692.25 1396.33 0
1743.12 1466.5 0
1797.14 1534.76 0
1852.74 1602.1 0
1908.22 1669.71 0
1961.81 1738.85 0
2011.59 1810.74 0
2056.95 1885.44 14.3944
2101.88 1960.54 14.3944
2146.82 2035.67 14.3944
2191.73 2110.82 14.3944
2236.65 2185.96 0
2281.57 2261.1 0
2326.5 2336.24 0
p
4
30
1800 0 0
1793.25 62.6063 0
1786.51 125.213 0
1780.44 187.904 0
1775.44 250.706 0
1772.13 313.652 0
1770.44 376.681 0
1770.85 439.768 0
1773.61 502.847 0
1778.92 565.826 0
1785.66 628.726 0
1793.85 691.536 0
1803.2 754.277 0
1813.48 816.976 0
1824.5 879.662 0
1836.12 942.361 0
1848.25 1005.09 0
1860.81 1067.88 0
1873.78 1130.72 0
1887.18 1193.62 0
1901.03 1256.57 0
1915.4 1319.54 0
1930.4 1382.5 0
1946.16 1445.41 0
1962.82 1508.22 0
1980.57 1570.84 0
1999.64 1633.19 0
2020.25 1695.14 0
2042.68 1756.55 14.3944
2067.18 1817.28 14.3944
2093.4 1877.35 14.3944
p
5
30
2000 0 0
2010.39 69.6123 0
2020.78 139.225 0
2031.26 208.808 0
2041.77 278.377 0
2051.93 348.002 0
2061.57 417.706 0
2070.48 487.51 0
2078.48 557.429 0
2085.39 627.471 0
2091.07 697.634 0
2095.4 767.906 0
2098.59 838.252 0
2100.65 908.658 0
2101.68 979.104 0
2101.78 1049.58 0
2101.08 1120.06 0
2099.73 1190.55 0
2097.87 1261.04 0
2095.67 1331.52 0
2093.3 1402.01 0
2090.92 1472.48 0
2088.71 1542.96 0
2086.85 1613.44 0
2085.5 1683.91 0
2084.84 1754.38 -12.5951
2085.22 1824.81 -12.5951
2087.14 1895.23 -12.5951
2089.29 1965.65 -12.5951
2091.49 2036.06 -12.5951
2093.91 2106.45 0
p
6
30
2200 0 0
2202.17 72.1133 0
2204.34 144.227 0
2206.18 216.348 0
2207.65 288.477 0
2208.77 360.608 0
2209.48 432.749 0
2209.76 504.895 0
2209.57 577.044 0
2208.88 649.193 0
2207.68 721.339 0
2205.96 793.477 0
2203.76 865.608 0
2201.08 937.726 0
2197.97 1009.83 0
2194.44 1081.92 0
2190.52 1153.99 0
2186.24 1226.05 0
2181.65 1298.09 0
2176.78 1370.11 0
2171.67 1442.12 0
2166.36 1514.11 0
2160.9 1586.09 0
2155.33 1658.07 0
2149.71 1730.03 0
2144.09 1802 0
2138.52 1873.97 0
2132.98 1945.94 -12.5951
2127.26 2017.9 -12.5951
2121.3 2089.85 -12.5951
2115.25 2161.8 0
p
7
30
2400 0 0
2410.37 78.333 0
2420.75 156.666 0
2429.09 235.169 0
2437.03 313.75 0
2444.35 392.417 0
2451.34 471.127 0
2458.25 549.849 0
2465.34 628.551 0
2472.89 707.199 0
2481.12 785.762 0
2490.27 864.208 0
2500.52 942.505 0
2512.03 1020.62 0
2524.93 1098.54 0
2539.29 1176.22 0
2555.14 1253.65 0
2572.45 1330.83 0
2591.13 1407.74 0
2611.04 1484.41 0
2631.96 1560.85 0
2653.61 1637.12 0
2675.64 1713.3 0
2697.61 1789.47 0
2719.03 1865.78 0
2739.3 1942.37 0
2757.78 2019.46 0
2774.34 2097.1 0
2790.92 2174.88 0
2808.5 2252.56 14.8749
2827.13 2330.12 14.8749
p
8
30
2600 0 0
2603.13 70.465 0
2606.27 140.93 0
2613.05 211.39 0
2620.39 281.751 0
2629.1 352.018 0
2638.72 422.226 0
2649.04 492.379 0
2659.8 562.487 0
2670.78 632.563 0
2681.77 702.621 0
2692.59 772.674 0
2703.09 842.736 0
2713.12 912.818 0
2722.57 982.935 0
2731.37 1053.1 0
2739.44 1123.32 0
2746.75 1193.6 0
2753.29 1263.96 0
2759.06 1334.4 0
2764.12 1404.93 0
2768.51 1475.54 0
2772.35 1546.23 0
2775.74 1617.01 0
2778.83 1687.84 0
2781.81 1758.73 0
2784.86 1829.66 0
2788.24 1900.59 0
2792.19 1971.49 0
2797 2042.32 -12.3957
2802.75 2113.03 -12.3957
p
9
30
2800 0 0
2798.29 79.2308 0
2796.58 158.462 0
2794.87 237.553 0
2794.4 316.734 0
2794.48 395.923 0
2795.39 475.118 0
2797.14 554.314 0
2799.72 633.509 0
2803.08 712.696 0
2807.13 791.875 0
2811.78 871.044 0
2816.9 950.204 0
2822.35 1029.36 0
2827.99 1108.5 0
2833.64 1187.65 0
2839.14 1266.8 0
2844.3 1345.96 0
2848.95 1425.13 0
2852.92 1504.32 0
2856.02 1583.53 0
2858.17 1662.75 -12.3957
2859.48 1741.97 -12.3957
2859.79 1821.21 -12.3957
2858.78 1900.48 -12.3957
2856.38 1979.77 -12.3957
2852.85 2059.08 -12.3957
2848.6 2138.37 -12.3957
2843.92 2217.63 -12.3957
2838.86 2296.86 -12.3957
2833.44 2376.05 -12.3957
p
10
30
3000 0 0
2993.04 71.8886 0
2986.07 143.777 0
2980.23 215.83 0
2974.6 287.875 0
2969.4 359.961 0
2964.58 432.085 0
2960.08 504.24 0
2955.85 576.421 0
2951.82 648.622 0
2947.96 720.838 0
2944.19 793.064 0
2940.46 865.293 0
2936.72 937.522 0
2932.91 1009.74 0
2928.98 1081.95 0
2924.86 1154.14 0
2920.51 1226.31 0
2915.86 1298.45 0
2910.86 1370.56 0
2905.45 1442.63 0
2899.58 1514.65 0
2893.24 1586.63 0
2886.54 1658.59 14.8749
2879.38 1730.5 14.8749
2871.55 1802.34 14.8749
2862.91 1874.08 14.8749
2853.34 1945.71 14.8749
2842.91 2017.23 14.8749
2831.92 2088.69 14.8749
2820.8 2160.16 14.8749
p
11
30
3200 0 0
3209.49 79.3987 0
3218.98 158.797 0
3228.4 238.199 0
3237.59 317.623 0
3246.23 397.103 0
3253.81 476.686 0
3259.57 556.418 0
3262.49 636.308 0
3261.56 716.267 0
3256.31 796.114 0
3246.7 875.645 0
3233.76 954.829 0
3218 1033.61 0
3200.34 1112.06 0
3181.76 1190.34 0
3163.3 1268.64 0
3146 1347.16 0
3130.82 1426.04 0
3118.65 1505.32 0
3110.48 1585.01 0
3106.92 1664.93 0
3108.34 1744.84 0
3114.77 1824.46 0
3125.93 1903.54 0
3141.16 1981.95 0
3159.5 2059.71 0
3179.67 2137.04 0
3200.19 2214.29 0
3219.52 2291.84 6.05755
3237.26 2369.9 6.05755
p
12
30
3400 0 0
3395.88 77.9739 0
3391.77 155.948 0
3387.49 233.926 0
3383.01 311.903 0
3378.22 389.88 0
3373.07 467.86 0
3367.56 545.856 0
3361.81 623.895 0
3356.29 702.043 0
3351.69 780.341 0
3348.09 858.758 0
3343.88 937.128 0
3339.35 1015.51 0
3334.37 1093.87 0
3328.92 1172.2 0
3323.04 1250.49 0
3316.83 1328.76 0
3310.47 1407.03 0
3304.25 1485.34 0
3297.73 1563.66 0
3291.13 1642.02 0
3284.53 1720.42 0
3278.01 1798.85 0
3271.72 1877.32 0
3265.88 1955.82 0
3260.78 2034.34 0
3256.82 2112.88 0
3254.56 2191.42 0
3254.75 2269.93 -15.1439
3257.61 2348.26 -15.1439
p
13
30
3600 0 0
3594.86 83.1322 0
3589.73 166.264 0
3585.23 249.426 0
3581.55 332.623 0
3578.98 415.855 0
3577.65 499.104 0
3577.39 582.338 0
3577.69 665.529 0
3577.84 748.657 0
3577.37 831.743 0
3575.81 914.792 0
3572.5 997.808 0
3566.97 1080.7 0
3558.82 1163.38 0
3547.79 1245.75 0
3533.74 1327.7 0
3516.71 1409.14 0
3496.91 1490 0
3474.69 1570.3 0
3450.59 1650.12 0
3425.24 1729.58 0
3399.41 1808.9 0
3373.92 1888.32 0
3349.66 1968.06 0
3327.48 2048.35 0
3308.2 2129.3 0
3292.52 2210.96 6.05755
3280.75 2293.2 6.05755
3271.72 2375.91 6.05755
3263.09 2458.74 0
p
14
30
3800 0 0
3801.38 73.2052 0
3802.75 146.41 0
3804.13 219.616 0
3805.5 292.821 0
3806.88 366.026 0
3808.25 439.231 0
3809.63 512.437 0
3811 585.642 0
3812.38 658.847 0
3813.75 732.052 0
3815.13 805.258 0
3816.5 878.463 0
3817.88 951.668 0
3819.25 1024.87 0
3820.63 1098.08 0
3822 1171.28 0
3823.38 1244.49 0
3824.76 1317.69 0
3826.13 1390.9 0
3827.51 1464.1 0
3828.88 1537.31 0
3830.26 1610.52 0
3831.63 1683.72 0
3833.01 1756.93 0
3834.38 1830.13 0
3835.76 1903.34 0
3837.13 1976.54 0
3838.51 2049.75 0
3839.88 2122.95 0
3841.26 2196.16 0
p
15
30
4000 0 0
4000.46 75.028 0
4000.92 150.056 0
4001.38 225.084 0
4001.83 300.112 0
4002.29 375.14 0
4002.75 450.168 0
4003.21 525.196 0
4003.67 600.224 0
4004.13 675.252 0
4004.59 750.28 0
4005.04 825.308 0
4005.5 900.336 0
4005.96 975.364 0
4006.42 1050.39 0
4006.88 1125.42 0
4007.34 1200.45 0
4007.8 1275.48 0
4008.26 1350.5 0
4008.71 1425.53 0
4009.17 1500.56 0
4009.63 1575.59 0
4010.09 1650.62 0
4010.55 1725.64 0
4011.01 1800.67 0
4011.47 1875.7 0
4011.92 1950.73 0
4012.38 2025.76 0
4012.84 2100.79 0
4013.3 2175.81 0
4013.76 2250.84 0
p
16
30
4200 0 0
4196.96 79.4923 0
4193.93 158.985 0
4190.89 238.477 0
4187.85 317.969 0
4184.81 397.462 0
4181.78 476.954 0
4178.74 556.446 0
4175.7 635.938 0
4172.66 715.431 0
4169.63 794.923 0
4166.59 874.415 0
4163.55 953.908 0
4160.51 1033.4 0
4157.48 1112.89 0
4154.44 1192.38 0
4151.4 1271.88 0
4148.36 1351.37 0
4145.33 1430.86 0
4142.29 1510.35 0
4139.25 1589.85 0
4136.21 1669.34 0
4133.18 1748.83 0
4130.14 1828.32 0
4127.1 1907.82 0
4124.06 1987.31 0
4121.03 2066.8 0
4117.99 2146.29 0
4114.95 2225.78 0
4111.91 2305.28 0
4108.88 2384.77 0
p
17
30
4400 0 0
4407.92 73.699 0
4415.84 147.398 0
4423.41 221.135 0
4430.57 294.916 0
4437.18 368.75 0
4443.11 442.645 0
4448.27 516.604 0
4452.54 590.624 0
4455.85 664.701 0
4458.11 738.825 0
4459.27 812.983 0
4459.25 887.16 0
4457.99 961.336 0
4455.44 1035.49 0
4451.54 1109.6 0
4446.21 1183.63 0
4439.46 1257.56 0
4431.22 1331.35 0
4421.94 1405.03 0
4411.71 1478.6 0
4400.71 1552.06 0
4389.11 1625.45 0
4377.1 1698.77 0
4364.83 1772.06 0
4352.46 1845.33 0
4340.18 1918.61 0
4328.13 1991.93 0
4316.5 2065.31 0
4305.45 2138.78 0
4295.01 2212.31 0
p
18
30
4600 0 0
4595.29 75.3986 0
4590.59 150.797 0
4585.87 226.193 0
4581.11 301.586 0
4576.31 376.974 0
4571.41 452.357 0
4566.41 527.73 0
4561.26 603.094 0
4555.93 678.444 0
4550.4 753.78 0
4544.64 829.097 0
4538.62 904.394 0
4532.32 979.669 0
4525.72 1054.92 0
4518.81 1130.14 0
4511.58 1205.34 0
4504.04 1280.5 0
4496.21 1355.64 0
4487.7 1430.72 0
4478.41 1505.7 0
4468.16 1580.57 0
4456.78 1655.28 0
4444.1 1729.8 0
4429.99 1804.06 0
4414.3 1878.02 0
4396.94 1951.62 0
4377.8 2024.8 0
4356.83 2097.49 0
4334.19 2169.72 0
4310.83 2241.72 0
p
19
30
4800 0 0
4792.93 72.5512 0
4785.87 145.102 0
4778.8 217.654 0
4771.73 290.205 0
4764.67 362.756 0
4757.6 435.307 0
4750.53 507.858 0
4743.47 580.409 0
4736.4 652.961 0
4729.33 725.512 0
4722.27 798.063 0
4715.2 870.614 0
4708.14 943.165 0
4701.07 1015.72 0
4694 1088.27 0
4686.94 1160.82 0
4679.87 1233.37 0
4672.8 1305.92 0
4665.74 1378.47 0
4658.67 1451.02 0
4651.6 1523.57 0
4644.54 1596.13 0
4637.47 1668.68 0
4630.4 1741.23 0
4623.34 1813.78 0
4616.27 1886.33 0
4609.2 1958.88 0
4602.14 2031.43 0
4595.07 2103.98 0
4588 2176.54 0
p
20
30
5000 0 0
5000.44 69.0228 0
5000.87 138.046 0
5001.1 207.071 0
5001.29 276.095 0
5001.4 345.121 0
5001.43 414.146 0
5001.39 483.172 0
5001.29 552.199 0
5001.15 621.226 0
5000.96 690.253 0
5000.75 759.28 0
5000.5 828.308 0
5000.25 897.335 0
4999.98 966.363 0
4999.72 1035.39 0
4999.47 1104.42 0
4999.24 1173.45 0
4999.04 1242.47 0
4998.88 1311.5 0
4998.76 1380.53 0
4998.69 1449.55 0
4998.69 1518.58 0
4998.76 1587.6 0
4998.91 1656.63 0
4999.15 1725.65 0
4999.48 1794.68 0
4999.92 1863.7 0
5000.48 1932.72 0
5001.16 2001.74 0
5001.95 2070.77 0
p
21
30
5200 0 0
5194.28 75.1188 0
5188.56 150.238 0
5182.85 225.357 0
5177.13 300.476 0
5171.42 375.595 0
5165.69 450.713 0
5159.96 525.831 0
5154.21 600.948 0
5148.44 676.063 0
5142.66 751.176 0
5136.84 826.288 0
5131 901.397 0
5125.12 976.504 0
5119.21 1051.61 0
5113.26 1126.71 0
5107.26 1201.81 0
5101.22 1276.9 0
5095.12 1351.99 0
5088.97 1427.08 0
5082.76 1502.16 0
5076.49 1577.23 0
5070.15 1652.31 0
5063.74 1727.37 0
5057.25 1802.43 0
5050.69 1877.49 0
5044.05 1952.54 0
5037.33 2027.58 0
5030.53 2102.61 0
5023.71 2177.65 0
5016.9 2252.69 0
p
22
30
5400 0 0
5404.99 76.7244 0
5409.98 153.449 0
5414.67 230.183 0
5421.49 306.805 0
5427.96 383.46 0
5434.24 460.167 0
5439.65 536.988 0
5443.4 613.966 0
5444.57 691.096 0
5444.94 768.315 0
5444.57 845.596 0
5444.13 922.906 0
5444.3 1000.21 0
5445.79 1077.47 0
5449.27 1154.59 0
5455.34 1231.48 0
5464.56 1307.98 0
5477.35 1383.92 0
5494.03 1459.08 0
5514.72 1533.26 0
5539.95 1606.12 0
5569.68 1677.38 0
5603.76 1746.83 0
5641.84 1814.34 0
5683.34 1879.97 0
5727.46 1943.97 0
5773.51 2006.64 10.0213
5821.7 2067.78 10.0213
5871.86 2127.45 10.0213
5922.73 2186.55 0
p
23
30
5600 0 0
5590.44 73.0835 0
5580.88 146.167 0
5570.49 219.124 0
5562.62 292.455 0
5554.8 365.804 0
5547.52 439.254 0
5540.54 512.782 0
5533.52 586.357 0
5526.06 659.939 0
5519.69 733.668 0
5514.55 807.529 0
5511.14 881.517 0
5509.92 955.595 0
5511.31 1029.69 0
5515.65 1103.68 0
5523.24 1177.43 0
5534.32 1250.75 0
5549.05 1323.46 0
5567.57 1395.33 0
5589.8 1466.19 0
5614.87 1536.14 0
5642.51 1605.16 0
5672.23 1673.37 0
5703.53 1740.92 0
5736.06 1807.98 10.0213
5770.07 1874.42 10.0213
5805.69 1940.08 10.0213
5842.3 2005.26 10.0213
5878.98 2070.41 0
5915.35 2135.71 0
p
24
30
5800 0 0
5803.69 69.5911 0
5807.39 139.182 0
5816.08 208.462 0
5829.57 277.157 0
5844.09 345.832 0
5859.61 414.507 0
5874.78 483.422 0
5888.35 552.761 0
5898.96 622.658 0
5906.55 692.848 0
5909.65 763.302 0
5906.4 833.726 0
5900.04 903.984 0
5890.06 973.911 0
5876.93 1043.4 0
5861.09 1112.36 0
5843 1180.75 0
5823.17 1248.55 0
5802.23 1315.87 0
5781.47 1383.31 0
5764.26 1451.74 0
5752.04 1521.05 0
5744.76 1590.78 0
5744.28 1660.82 0
5750.51 1730.69 0
5761.91 1800.03 -14.0298
5774.88 1869.16 -14.0298
5788.93 1938.17 -14.0298
5804.11 2007.03 -14.0298
5819.43 2075.85 -14.0298
p
25
30
6000 0 0
6005.22 87.338 0
6010.43 174.676 0
6007.79 262.078 0
6014.91 349.181 0
6029.35 435.471 0
6053.62 519.986 0
6087.15 602.065 0
6126.83 682.01 0
6167.09 761.584 0
6196.74 844.986 0
6209 932.202 0
6198.72 1019.99 0
6160.12 1100.53 0
6092.64 1162.41 0
6008.67 1203.51 0
5926.52 1248.33 0
5856.77 1308.74 0
5809.58 1385.55 0
5784.55 1470.67 0
5786.09 1558.78 0
5820.89 1640.25 0
5880.46 1707.31 0
5950.46 1764.88 0
6016.9 1826.45 0
6069.1 1899.47 8.86357
6117.23 1975.81 8.86357
6166.52 2051.76 8.86357
6216.2 2127.62 0
6265.88 2203.48 0
6315.55 2279.34 0
p
26
30
6200 0 0
6192.28 63.6676 0
6184.56 127.335 0
6185.26 192.555 0
6189.31 257.528 0
6194.01 322.452 0
6199.48 387.392 0
6205.05 452.386 0
6210.44 517.473 0
6215.63 582.67 0
6220.27 647.994 0
6224.6 713.44 0
6229.46 778.994 0
6232.88 844.595 0
6233.87 910.381 0
6237.44 977.027 0
6234.49 1043.19 0
6228.48 1109.27 0
6219.01 1174.89 0
6207.65 1240.13 0
6194.98 1305.12 0
6181.35 1370.06 0
6166.88 1435.12 0
6151.57 1500.34 0
6135.48 1565.64 0
6119.19 1630.99 0
6104.74 1696.65 0
6096.22 1763.28 8.86357
6098.05 1830.23 8.86357
6113.4 1894.8 8.86357
6137.08 1956.69 8.86357
p
27
30
6400 0 0
6390.45 75.981 0
6380.89 151.962 0
6374.05 228.237 0
6371.48 304.898 0
6372.17 381.7 0
6377.24 458.508 0
6387.13 535.03 0
6402.12 610.898 0
6422.25 685.72 0
6444.53 759.966 -13.0347
6468 833.794 -13.0347
6491.85 907.349 -13.0347
6509.94 982.345 0
6518.7 1058.69 0
6518.19 1135.25 0
6505.56 1210.8 0
6480.98 1283.47 0
6445.88 1351.95 -13.0347
6402.54 1415.88 -13.0347
6353.03 1475.46 -13.0347
6300.12 1532.21 0
6247.24 1588.91 0
6197.88 1648.33 0
6155.26 1712.3 0
6121.63 1780.96 -15.5112
6100.42 1854.24 -15.5112
6100.95 1931.16 -15.5112
6106.2 2008.2 -15.5112
6110.47 2085.17 0
6114.5 2162.12 0
p
28
30
6600 0 0
6604.45 71.7595 0
6608.91 143.519 0
6618.45 214.863 0
6625.13 286.572 0
6628.08 358.6 0
6624.41 430.713 0
6611.99 502.07 0
6593.44 572.404 0
6569.24 641.381 0
6541.36 709.272 0
6512.15 776.789 13.0347
6483.86 844.718 13.0347
6457.63 913.3 13.0347
6434.79 982.776 0
6416.64 1053.23 0
6404.13 1124.46 0
6397.8 1196.32 0
6397.36 1268.22 0
6401.82 1339.81 13.0347
6409.7 1410.99 13.0347
6419.99 1481.82 13.0347
6432.23 1552.33 0
6445.64 1622.62 0
6459.25 1692.86 0
6472.2 1763.22 0
6483.78 1833.79 0
6493.51 1904.62 0
6501.23 1975.67 18.2765
6507.64 2046.84 18.2765
6514.91 2118.26 18.2765
p
29
30
6800 0 0
6794.61 67.7658 0
6789.22 135.532 0
6782.99 203.342 0
6775.6 271.013 0
6767.08 338.59 0
6757.81 406.131 0
6748.95 473.84 0
6740.18 541.605 0
6731.67 609.498 0
6723.44 677.538 0
6715.44 745.736 0
6707.59 814.099 0
6699.77 882.629 0
6691.91 951.33 0
6683.92 1020.21 0
6675.83 1089.29 0
6667.32 1158.27 0
6658.57 1227.24 0
6649.63 1296.19 0
6640.58 1365.08 0
6631.5 1433.91 0
6622.49 1502.67 0
6613.67 1571.36 0
6605.12 1639.99 0
6596.91 1708.55 0
6588.98 1777.04 0
6581.08 1845.44 0
6572.59 1913.67 18.2765
6562.8 1981.54 18.2765
6552.4 2048.97 18.2765
p
30
30
7000 0 0
7011.74 71.3307 0
7023.49 142.661 0
7020.52 216.652 0
7013.38 290.183 0
7001.71 363.246 0
6987.3 435.697 0
6970.94 507.641 0
6956.24 579.874 0
6942.77 652.513 0
6930.84 725.63 0
6920.67 799.158 0
6912.8 872.961 0
6908.48 946.866 0
6910.06 1020.52 0
6919.1 1093.3 0
6930.35 1165.67 0
6939.8 1238.29 0
6949.33 1311.27 0
6955.11 1385.11 0
6952.68 1459.29 0
6939 1532.19 0
6912.64 1601.47 0
6873.62 1664.68 0
6827.27 1723.06 0
6775.49 1777.23 0
6721.14 1829.28 0
6666.95 1881.68 0
6615.62 1936.84 -23.6925
6569.52 1996.6 -23.6925
6528.9 2060.36 -23.6925
p
31
30
7200 0 0
7190.19 84.7374 0
7180.39 169.475 0
7173.44 254.29 0
7161.71 338.641 0
7143.39 421.884 0
7116.37 502.985 0
7080.7 581.067 0
7043.16 658.582 0
7007.14 736.83 0
6976.96 817.341 0
6956.03 900.61 0
6945.9 985.969 0
6946.48 1072.27 0
6958.99 1157.98 0
6984.45 1241.32 0
7022.31 1320.24 0
7060.79 1398.75 0
7094.41 1479.13 0
7115.49 1563.1 0
7116.96 1649.12 0
7094.21 1731.82 0
7047.14 1803.79 0
6980.45 1859.19 0
6902.16 1898.53 0
6818.4 1926.76 0
6733.74 1953.24 0
6652.75 1989.13 -9.64529
6581.26 2040.85 -9.64529
6516.12 2100.91 -9.64529
6452.49 2162.82 -9.64529
p
32
30
7400 0 0
7402.78 73.4771 0
7405.56 146.954 0
7408.34 220.431 0
7411.12 293.909 0
7413.9 367.386 0
7416.68 440.863 0
7419.46 514.34 0
7422.24 587.817 0
7425.03 661.294 0
7427.81 734.771 0
7430.59 808.249 0
7433.37 881.726 0
7436.15 955.203 0
7438.93 1028.68 0
7441.71 1102.16 0
7444.49 1175.63 0
7447.27 1249.11 0
7450.05 1322.59 0
7452.83 1396.07 0
7455.61 1469.54 0
7458.39 1543.02 0
7461.17 1616.5 0
7463.95 1689.97 0
7466.73 1763.45 0
7469.51 1836.93 0
7472.3 1910.41 0
7475.08 1983.88 0
7477.86 2057.36 0
7480.64 2130.84 0
7483.42 2204.31 0
p
33
30
7600 0 0
7598.23 74.0436 0
7596.47 148.087 0
7594.7 222.131 0
7592.94 296.174 0
7591.17 370.218 0
7589.4 444.262 0
7587.64 518.305 0
7585.87 592.349 0
7584.11 666.392 0
7582.34 740.436 0
7580.57 814.48 0
7578.81 888.523 0
7577.04 962.567 0
7575.28 1036.61 0
7573.51 1110.65 0
7571.74 1184.7 0
7569.98 1258.74 0
7568.21 1332.78 0
7566.45 1406.83 0
7564.68 1480.87 0
7562.91 1554.92 0
7561.15 1628.96 0
7559.38 1703 0
7557.62 1777.05 0
7555.85 1851.09 0
7554.08 1925.13 0
7552.32 1999.18 0
7550.55 2073.22 0
7548.79 2147.26 0
7547.02 2221.31 0
p
34
30
7800 0 0
7797.77 75.1693 0
7795.54 150.339 0
7793.31 225.508 0
7791.09 300.677 0
7788.86 375.847 0
7786.63 451.016 0
7784.4 526.185 0
7782.17 601.355 0
7779.94 676.524 0
7777.71 751.693 0
7775.49 826.863 0
7773.26 902.032 0
7771.03 977.201 0
7768.8 1052.37 0
7766.57 1127.54 0
7764.34 1202.71 0
7762.11 1277.88 0
7759.88 1353.05 0
7757.66 1428.22 0
7755.43 1503.39 0
7753.2 1578.56 0
7750.97 1653.73 0
7748.74 1728.89 0
7746.51 1804.06 0
7744.28 1879.23 0
7742.06 1954.4 0
7739.83 2029.57 0
7737.6 2104.74 0
7735.37 2179.91 0
7733.14 2255.08 0
p
35
30
8000 0 0
7999.92 78.8173 0
7999.84 157.635 0
7999.74 236.322 0
7999.91 314.867 0
8001.24 393.361 0
8003.66 471.917 0
8007.48 550.444 0
8012.8 628.924 0
8019.66 707.342 0
8027.99 785.685 0
8037.63 863.948 0
8048.34 942.133 0
8059.81 1020.26 0
8071.67 1098.34 0
8083.5 1176.42 0
8094.83 1254.52 0
8105.19 1332.69 0
8114.1 1410.95 0
8121.12 1489.32 11.0062
8126.2 1567.84 11.0062
8130.5 1646.43 11.0062
8134.38 1725.07 11.0062
8137.86 1803.78 0
8141.27 1882.56 0
8144.67 1961.33 0
8148.07 2040.1 0
8151.48 2118.87 0
8154.88 2197.65 0
8158.29 2276.42 0
8161.69 2355.19 0
p
36
30
8200 0 0
8203.09 68.0962 0
8206.18 136.192 0
8210.27 204.395 0
8212.04 272.94 0
8211.11 341.735 0
8211.31 410.49 0
8211.92 479.306 0
8212.98 548.136 0
8213.72 616.974 0
8215.63 685.83 0
8218.1 754.754 0
8220.95 823.785 0
8223.89 892.952 0
8226.53 962.261 0
8228.28 1031.68 0
8228.32 1101.12 0
8225.45 1170.41 0
8217.93 1239.19 -12.8406
8206.15 1307.34 -12.8406
8198.84 1375.52 -12.8406
8197.3 1443.72 -12.8406
8198.24 1511.87 0
8200.7 1579.97 0
8203.93 1648.03 0
8207.09 1716.07 0
8209.58 1784.14 11.0062
8211.78 1852.22 11.0062
8213.81 1920.31 11.0062
8215.48 1988.43 11.0062
8216.71 2056.6 0
p
37
30
8400 0 0
8411.43 89.2797 0
8422.86 178.559 0
8439.62 267.078 0
8462.05 354.539 0
8490.22 440.555 0
8521.11 525.782 0
8552.53 610.815 0
8580.27 696.931 0
8597.96 785.457 0
8596.4 875.902 0
8569.51 963.165 0
8510.46 1035.26 0
8438.53 1097.47 0
8360.69 1154.22 0
8287.26 1216.32 12.8406
8228.08 1290.49 12.8406
8185.72 1374.05 12.8406
8160.46 1462.89 12.8406
8150.39 1553.46 -14.675
8152.32 1643.77 -14.675
8164.97 1732.9 -14.675
8187.49 1820.08 -14.675
8216.81 1905.45 -14.675
8249.47 1989.92 -14.675
8280.48 2075.15 0
8303.53 2162.71 -19.5482
8322.27 2251.73 -19.5482
8340.28 2341.01 -19.5482
8358.49 2430.26 -19.5482
8376.99 2519.49 0
p
38
30
8600 0 0
8600.48 72.1944 0
8600.97 144.389 0
8606.06 216.588 0
8613.97 288.572 0
8624.3 360.382 0
8634.49 432.402 0
8643.77 504.713 0
8650.97 577.42 0
8651.16 650.956 0
8648.89 724.489 0
8635.05 797.529 0
8625.49 873.052 0
8612.18 947.768 0
8597.73 1022.4 0
8582.66 1096.61 0
8567.1 1170.15 0
8551.13 1243 0
8534.76 1315.36 0
8517.87 1387.53 0
8500.31 1459.8 0
8481.88 1532.32 0
8462.43 1605.08 0
8441.93 1677.92 0
8420.53 1750.59 0
8398.66 1822.9 0
8377.17 1894.83 0
8357.46 1966.67 0
8341.82 2038.91 0
8333.42 2111.91 22.2312
8333.05 2185.13 22.2312
p
39
30
8800 0 0
8793.11 97.5625 0
8786.22 195.125 0
8784.01 293.009 0
8786.75 391.005 0
8796.4 488.801 0
8812.06 586.069 0
8835.16 682.166 0
8867.56 775.953 0
8911.32 865.61 0
8953.61 955.627 0
8984.82 1049.45 0
8995.45 1146.56 0
8984.13 1243.8 0
8949.43 1335.83 0
8894.67 1418.71 0
8825.49 1491.56 0
8748.17 1556.95 0
8668.55 1619.73 0
8591.83 1685.17 0
8522.64 1757.14 0
8464.63 1837.1 0
8419.65 1924.16 0
8386.93 2016.09 0
8364.17 2110.88 6.74604
8350.56 2207.72 6.74604
8340.4 2305.47 6.74604
8330.72 2403.42 6.74604
8320.44 2501.28 6.74604
8309.98 2599.11 0
8299.53 2696.94 0
p
40
30
9000 0 0
9003.21 72.695 0
9006.43 145.39 0
9009.64 218.085 0
9012.86 290.78 0
9016.07 363.475 0
9019.29 436.17 0
9022.5 508.865 0
9025.71 581.56 0
9028.93 654.255 0
9032.14 726.95 0
9035.36 799.645 0
9038.57 872.34 0
9041.78 945.035 0
9045 1017.73 0
9048.21 1090.42 0
9051.43 1163.12 0
9054.64 1235.81 0
9057.86 1308.51 0
9061.07 1381.2 0
9064.28 1453.9 0
9067.5 1526.59 0
9070.71 1599.29 0
9073.93 1671.98 0
9077.14 1744.68 0
9080.36 1817.37 0
9083.57 1890.07 0
9086.78 1962.76 0
9090 2035.46 0
9093.21 2108.15 0
9096.43 2180.85 0
p
41
30
9200 0 0
9203.24 70.9466 0
9206.49 141.893 0
9209.73 212.84 0
9212.97 283.786 0
9216.22 354.733 0
9219.46 425.68 0
9222.71 496.626 0
9225.95 567.573 0
9229.19 638.52 0
9232.44 709.466 0
9235.68 780.413 0
9238.92 851.359 0
9242.17 922.306 0
9245.41 993.253 0
9248.65 1064.2 0
9251.9 1135.15 0
9255.14 1206.09 0
9258.39 1277.04 0
9261.63 1347.99 0
9264.87 1418.93 0
9268.12 1489.88 0
9271.36 1560.83 0
9274.6 1631.77 0
9277.85 1702.72 0
9281.09 1773.67 0
9284.33 1844.61 0
9287.58 1915.56 0
9290.82 1986.51 -11.357
9294.07 2057.45 -11.357
9297.31 2128.4 -11.357
p
42
30
9400 0 0
9409.6 72.1937 0
9419.19 144.387 0
9427.87 216.71 0
9435.52 289.16 0
9441.87 361.752 0
9446.74 434.48 0
9450.01 507.321 0
9451.63 580.245 0
9451.58 653.214 0
9450.33 726.19 0
9447.95 799.16 0
9444.59 872.113 0
9440.38 945.042 0
9435.46 1017.95 0
9429.9 1090.82 0
9423.8 1163.67 0
9417.21 1236.49 0
9410.18 1309.28 0
9402.74 1382.05 0
9394.92 1454.79 0
9386.71 1527.5 0
9378.13 1600.18 0
9369.17 1672.84 0
9359.8 1745.45 0
9350 1818.02 0
9339.74 1890.55 0
9328.98 1963.03 0
9317.67 2035.44 11.357
9305.77 2107.78 11.357
9293.33 2180.04 11.357
p
43
30
9600 0 0
9602.55 78.9699 0
9605.1 157.94 0
9607.4 236.916 0
9609.32 315.902 0
9610.66 394.901 0
9611.19 473.911 0
9610.65 552.926 0
9608.79 631.929 0
9605.36 710.89 0
9600.64 789.802 0
9594.52 868.638 0
9587.03 947.379 0
9578.22 1026.01 0
9568.11 1104.51 0
9556.75 1182.87 0
9544.21 1261.08 0
9530.53 1339.13 0
9515.77 1417.02 0
9500.01 1494.75 0
9483.31 1572.32 0
9465.75 1649.72 0
9447.39 1726.97 0
9428.34 1804.08 0
9408.66 1881.06 0
9388.44 1957.93 0
9367.77 2034.69 0
9346.75 2111.37 0
9325.47 2188 0
9304.08 2264.6 0
9282.68 2341.21 0
p
44
30
9800 0 0
9800.37 70.7229 0
9800.75 141.446 0
9801.12 212.169 0
9801.5 282.892 0
9801.87 353.614 0
9802.25 424.337 0
9802.62 495.06 0
9803 565.783 0
9803.37 636.506 0
9803.74 707.229 0
9804.12 777.952 0
9804.49 848.675 0
9804.87 919.398 0
9805.24 990.12 0
9805.62 1060.84 0
9805.99 1131.57 0
9806.36 1202.29 0
9806.74 1273.01 0
9807.11 1343.73 0
9807.49 1414.46 0
9807.86 1485.18 0
9808.24 1555.9 0
9808.61 1626.63 0
9808.99 1697.35 0
9809.36 1768.07 0
9809.73 1838.8 0
9810.11 1909.52 0
9810.48 1980.24 0
9810.86 2050.96 0
9811.23 2121.69 0
p
45
30
10000 0 0
10001.1 75.0331 0
10002.2 150.066 0
10003.3 225.099 0
10004.5 300.133 0
10005.6 375.166 0
10006.7 450.199 0
10007.8 525.232 0
10008.9 600.265 0
10010 675.298 0
10011.1 750.331 0
10012.3 825.364 0
10013.4 900.398 0
10014.5 975.431 0
10015.6 1050.46 0
10016.7 1125.5 0
10017.8 1200.53 0
10019 1275.56 0
10020.1 1350.6 0
10021.2 1425.63 0
10022.3 1500.66 0
10023.4 1575.7 0
10024.5 1650.73 0
10025.6 1725.76 0
10026.8 1800.8 0
10027.9 1875.83 0
10029 1950.86 0
10030.1 2025.89 0
10031.2 2100.93 0
10032.3 2175.96 0
10033.4 2250.99 0
p
46
30
10200 0 0
10196.9 83.9832 0
10193.7 167.966 0
10190.6 251.949 0
10187.5 335.933 0
10184.3 419.916 0
10181.2 503.899 0
10178.1 587.882 0
10174.9 671.865 0
10171.8 755.848 0
10168.7 839.832 0
10165.5 923.815 0
10162.4 1007.8 0
10159.2 1091.78 0
10156.1 1175.76 0
10153 1259.75 0
10149.8 1343.73 0
10146.7 1427.71 0
10143.6 1511.7 0
10140.4 1595.68 0
10137.3 1679.66 0
10134.2 1763.65 0
10131 1847.63 0
10127.9 1931.61 0
10124.8 2015.6 0
10121.6 2099.58 0
10118.5 2183.56 0
10115.4 2267.55 0
10112.2 2351.53 0
10109.1 2435.51 0
10106 2519.49 0
p
47
30
10400 0 0
10395.6 78.2749 0
10391.2 156.55 0
10386.9 234.825 0
10382.5 313.1 0
10378.1 391.375 0
10373.7 469.65 0
10369.3 547.925 0
10364.9 626.199 0
10360.6 704.474 0
10356.2 782.749 0
10351.8 861.024 0
10347.4 939.299 0
10343 1017.57 0
10338.6 1095.85 0
10334.3 1174.12 0
10329.9 1252.4 0
10325.5 1330.67 0
10321.1 1408.95 0
10316.7 1487.22 0
10312.4 1565.5 0
10308 1643.77 0
10303.6 1722.05 0
10299.2 1800.32 0
10294.8 1878.6 0
10290.4 1956.87 0
10286.1 2035.15 0
10281.7 2113.42 0
10277.3 2191.7 0
10272.9 2269.97 0
10268.5 2348.25 0
p
48
30
10600 0 0
10609.6 79.0568 0
10619.3 158.114 0
10627.8 237.105 0
10636.3 316.205 0
10644.5 395.334 0
10652.6 474.474 0
10660.8 553.608 0
10669.1 632.721 0
10677.8 711.795 0
10686.9 790.813 0
10696.6 869.758 0
10707.1 948.615 0
10718.4 1027.37 0
10730.8 1105.99 0
10744.2 1184.48 0
10759 1262.81 0
10775.1 1340.97 0
10792.8 1419 -14.1521
10811.4 1496.93 -14.1521
10830.6 1574.81 -14.1521
10850 1652.68 -14.1521
10869.4 1730.54 -14.1521
10888.8 1808.4 -14.1521
10908.2 1886.27 -14.1521
10927.6 1964.13 -14.1521
10947 2042 -14.1521
10966.4 2119.86 0
10985.8 2197.73 0
11005.2 2275.6 0
11024.7 2353.46 0
p
49
30
10800 0 0
10803.3 65.9417 0
10806.7 131.883 0
10806.8 198.444 0
10805.6 264.857 0
10804.3 331.225 0
10802.9 397.598 0
10801.8 463.989 0
10801.2 530.409 0
10801 596.868 0
10801.3 663.367 0
10802 729.898 0
10802.7 796.449 0
10803.3 863.003 0
10803.5 929.54 0
10803 996.045 -10.7883
10802.2 1062.55 -10.7883
10802.9 1129.04 -10.7883
10805.8 1195.44 -10.7883
10810.5 1261.74 -10.7883
10816.8 1327.91 -10.7883
10824.7 1393.95 -10.7883
10833.7 1459.85 14.1521
10843.3 1525.7 14.1521
10853 1591.54 14.1521
10862.8 1657.37 14.1521
10872.6 1723.19 14.1521
10882.4 1789.02 14.1521
10892.3 1854.84 14.1521
10902.1 1920.66 14.1521
10911.9 1986.48 14.1521
p
50
30
11000 0 0
11004.8 85.0142 0
11009.6 170.028 0
11024.4 254.285 0
11038.1 338.608 0
11047.8 423.454 0
11049.8 508.691 0
11039.7 593.41 0
11014.6 675.455 0
10972.2 751.063 0
10927.6 825.919 0
10884.6 901.673 0
10849.5 980.885 12.5864
10827.4 1063.92 12.5864
10818.3 1148.95 12.5864
10823.2 1234.13 12.5864
10841.7 1317.5 12.5864
10871.5 1397.76 12.5864
10909.8 1474.6 0
10954 1548.45 0
11001.9 1620.34 0
11050.8 1691.69 0
11098.2 1764.05 0
11141.4 1838.78 0
11177.7 1916.74 0
11206.5 1997.52 -11.5191
11233.2 2079.29 -11.5191
11259.8 2161.24 -11.5191
11286.6 2243.13 -11.5191
11313.5 2325 0
11340.3 2406.86 0
p
51
30
11200 0 0
11205.4 64.893 0
11210.8 129.786 0
11216.4 194.68 0
11221.4 259.612 0
11225.8 324.633 0
11229.4 389.751 0
11231.6 455.013 0
11234.3 520.37 0
11233.5 586.284 0
11235.3 652.236 0
11232.4 718.801 0
11231.3 785.496 0
11230.3 852.522 0
11229.6 919.751 0
11228.7 987.03 0
11228 1054.23 0
11227.2 1121.25 0
11226.2 1188.08 0
11224.9 1254.76 0
11223.4 1321.36 0
11221.8 1388.01 0
11220.1 1454.83 0
11218.6 1521.88 0
11217.5 1589.2 0
11217.3 1656.72 0
11218.1 1724.34 0
11220.5 1791.89 0
11224.6 1859.17 0
11230.3 1926.06 0
11236.7 1992.48 0
p
52
30
11400 0 0
11395 75.9042 0
11389.9 151.808 0
11387.6 227.905 0
11379.9 303.804 0
11372.9 379.829 0
11366.1 455.951 0
11360.8 532.203 0
11358.9 608.596 0
11362.7 684.922 0
11378.6 760.037 0
11405.3 832.443 0
11435.6 903.984 0
11467.7 975.201 0
11498.5 1047.13 0
11524.7 1120.65 0
11543.3 1195.99 0
11552.1 1272.6 0
11549.9 1349.09 0
11538.5 1424.37 0
11518.8 1497.76 0
11489.9 1568.14 0
11450.2 1633.6 0
11403.8 1694.82 0
11356.1 1755.21 0
11313.5 1818.94 0
11282.3 1888.91 0
11266.5 1964.09 0
11257.7 2041.15 15.3587
11250.1 2118.67 15.3587
11242.4 2196.16 15.3587
p
53
30
11600 0 0
11593.1 72.5624 0
11586.2 145.125 0
11580.6 217.787 0
11575.1 290.528 0
11570.9 363.341 0
11568 436.244 0
11567 509.226 0
11568 582.237 0
11572.4 655.103 0
11577.7 728.039 0
11584 800.962 0
11590.4 873.893 0
11596.2 946.851 0
11600.4 1019.84 0
11602.5 1092.83 0
11601.4 1165.75 0
11596.6 1238.43 0
11587.9 1310.77 0
11576.9 1382.91 0
11564 1454.8 0
11549.6 1526.4 0
11534.8 1597.87 0
11520 1669.35 0
11505.3 1740.82 0
11490.5 1812.29 0
11475.7 1883.76 0
11461 1955.24 0
11446.2 2026.71 0
11431.5 2098.18 0
11416.7 2169.65 0
p
54
30
11800 0 0
11799.3 71.9244 0
11798.6 143.849 0
11797.8 215.773 0
11797.1 287.698 0
11796.4 359.622 0
11795.7 431.547 0
11795 503.471 0
11794.2 575.396 0
11793.5 647.32 0
11792.8 719.244 0
11792.1 791.169 0
11791.4 863.093 0
11790.7 935.018 0
11789.9 1006.94 0
11789.2 1078.87 0
11788.5 1150.79 0
11787.8 1222.72 0
11787.1 1294.64 0
11786.3 1366.56 0
11785.6 1438.49 0
11784.9 1510.41 0
11784.2 1582.34 0
11783.5 1654.26 0
11782.7 1726.19 0
11782 1798.11 0
11781.3 1870.04 0
11780.6 1941.96 0
11779.9 2013.88 0
11779.1 2085.81 0
11778.4 2157.73 0
p
55
30
12000 0 0
12004 74.8319 0
12008 149.664 0
12012.1 224.496 0
12016.1 299.328 0
12020.1 374.159 0
12024.1 448.991 0
12028.2 523.823 0
12032.2 598.655 0
12036.2 673.487 0
12040.2 748.319 0
12044.2 823.151 0
12048.3 897.983 0
12052.3 972.814 0
12056.3 1047.65 0
12060.3 1122.48 0
12064.4 1197.31 0
12068.4 1272.14 0
12072.4 1346.97 0
12076.4 1421.81 0
12080.4 1496.64 0
12084.5 1571.47 0
12088.5 1646.3 0
12092.5 1721.13 0
12096.5 1795.97 0
12100.6 1870.8 0
12104.6 1945.63 0
12108.6 2020.46 0
12112.6 2095.29 0
12116.6 2170.12 0
12120.7 2244.96 0
p
56
30
12200 0 0
12209.9 70.084 0
12219.8 140.168 0
12229.2 210.32 0
12238.1 280.547 0
12246.2 350.867 0
12253.5 421.292 0
12259.7 491.825 0
12264.8 562.461 0
12268.6 633.189 0
12271 703.992 0
12272.1 774.842 0
12271.9 845.717 0
12270.6 916.596 0
12268.3 987.466 0
12265 1058.31 0
12260.8 1129.13 0
12255.9 1199.92 0
12250.4 1270.68 0
12244.2 1341.4 0
12237.6 1412.08 0
12230.5 1482.74 0
12223 1553.36 0
12215.2 1623.97 0
12207.1 1694.55 0
12198.9 1765.12 0
12190.6 1835.68 0
12182.1 1906.25 0
12173.7 1976.82 0
12165.4 2047.4 0
12157.2 2117.99 0
p
57
30
12400 0 0
12401.6 74.7279 0
12403.2 149.456 0
12404.6 224.184 0
12405.9 298.915 0
12406.9 373.649 0
12407.5 448.388 0
12407.4 523.129 0
12406.7 597.869 0
12405.1 672.598 0
12402.6 747.304 0
12399.2 821.984 0
12394.9 896.629 0
12389.7 971.225 0
12383.5 1045.76 0
12376.4 1120.22 0
12368.3 1194.6 0
12359.2 1268.88 0
12349.1 1343.05 0
12338 1417.1 0
12325.9 1491.01 0
12312.9 1564.78 0
12298.9 1638.4 0
12284 1711.86 0
12268.3 1785.16 0
12251.7 1858.29 0
12234.3 1931.25 0
12216.1 2004.06 0
12197.4 2076.72 0
12178.3 2149.31 0
12159.1 2221.89 0
p
58
30
12600 0 0
12597.4 63.8383 0
12594.8 127.677 0
12592.1 191.515 0
12589.5 255.353 0
12586.9 319.192 0
12584.3 383.03 0
12581.6 446.868 0
12579 510.707 0
12576.4 574.545 0
12573.8 638.383 0
12571.1 702.222 0
12568.5 766.06 0
12565.9 829.898 0
12563.3 893.737 0
12560.6 957.575 0
12558 1021.41 0
12555.4 1085.25 0
12552.8 1149.09 0
12550.1 1212.93 0
12547.5 1276.77 0
12544.9 1340.6 0
12542.3 1404.44 0
12539.6 1468.28 0
12537 1532.12 0
12534.4 1595.96 0
12531.8 1659.8 0
12529.1 1723.63 0
12526.5 1787.47 0
12523.9 1851.31 0
12521.3 1915.15 0
p
59
30
12800 0 0
12800.9 77.841 0
12801.9 155.682 0
12802.8 233.523 0
12803.8 311.364 0
12804.7 389.205 0
12805.7 467.046 0
12806.6 544.887 0
12807.5 622.728 0
12808.5 700.569 0
12809.4 778.41 0
12810.4 856.251 0
12811.3 934.092 0
12812.3 1011.93 0
12813.2 1089.77 0
12814.1 1167.61 0
12815.1 1245.46 0
12816 1323.3 0
12817 1401.14 0
12817.9 1478.98 0
12818.9 1556.82 0
12819.8 1634.66 0
12820.7 1712.5 0
12821.7 1790.34 0
12822.6 1868.18 0
12823.6 1946.02 0
12824.5 2023.87 0
12825.5 2101.71 0
12826.4 2179.55 0
12827.3 2257.39 0
12828.3 2335.23 0
p
60
30
13000 0 0
12997 75.4751 0
12994 150.95 0
12990.4 226.397 0
12986.2 301.81 0
12981.3 377.183 0
12976.4 452.569 0
12972 527.988 0
12968.6 603.472 0
12966.9 679.035 0
12967.4 754.65 0
12970.9 830.234 0
12976.8 905.701 0
12985.2 980.971 0
12995.8 1056 0
13007.9 1130.82 0
13021.7 1205.4 0
13036.7 1279.77 0
13052.6 1353.94 0
13069.4 1427.97 0
13086.6 1501.88 0
13104.1 1575.72 0
13121.7 1649.54 0
13139 1723.4 0
13155.9 1797.33 0
13172 1871.39 0
13187.2 1945.63 0
13201.1 2020.07 0
13213.6 2094.76 0
13224.1 2169.71 11.3521
13233 2244.84 11.3521
p
61
30
13200 0 0
13191.5 74.2288 0
13183 148.458 0
13173.9 222.618 0
13164.2 296.693 0
13153.6 370.65 0
13142.6 444.556 0
13131.3 518.416 0
13120.1 592.271 0
13109.5 666.196 0
13100.5 740.302 0
13094.1 814.676 0
13090.8 889.241 0
13091.4 963.906 0
13096 1038.49 0
13104.5 1112.83 0
13116.8 1186.74 0
13132.4 1260.12 0
13150.8 1332.94 0
13171.3 1405.28 0
13193.2 1477.26 0
13215.6 1549.08 0
13237.8 1620.94 0
13259 1693.04 0
13278.5 1765.55 0
13295.6 1838.55 0
13309.8 1912.07 0
13320.7 1986.06 0
13328.2 2060.41 11.3521
13332.5 2135.07 11.3521
13334.7 2209.84 11.3521
p
62
30
13400 0 0
13408.8 66.3186 0
13417.7 132.637 0
13425.3 199.144 0
13431.5 265.829 0
13435.8 332.703 0
13439 399.654 0
13441.1 466.679 0
13442.3 533.748 0
13442.8 600.843 0
13442.8 667.959 0
13442.7 735.105 0
13441 802.37 0
13438.4 869.761 0
13434.8 937.325 0
13429.7 1005.1 0
13426.2 1073.03 0
13423.5 1141.12 0
13421.5 1209.36 0
13419.5 1277.76 0
13419.4 1346.38 0
13420.5 1415.3 0
13422.5 1484.58 0
13425.4 1554.23 0
13428.6 1624.25 0
13431.7 1694.62 0
13433.7 1765.25 0
13433.1 1836 0
13427 1906.45 0
13411.2 1975.24 0
13383.8 2040.4 0
p
63
30
13600 0 0
13594.2 91.4519 0
13588.5 182.904 0
13580.7 274.218 0
13570.2 365.292 0
13555.9 455.902 0
13539.1 546.127 0
13520.1 635.923 0
13500 725.463 0
13481.2 815.186 0
13467.9 905.733 0
13466.6 997.149 0
13486.5 1086.8 0
13530 1168.68 0
13594.5 1237.1 0
13672.4 1291.91 0
13748.4 1349.24 0
13811.3 1419.37 10.4567
13850.7 1503.62 10.4567
13869.6 1594.41 10.4567
13865.4 1687.21 0
13822.3 1770.11 0
13749.9 1830.96 0
13663.4 1872.73 0
13573.7 1909.23 0
13490 1958.34 0
13423 2028.42 0
13364 2106.28 -14.1902
13305.6 2185.32 -14.1902
13245.5 2262.89 -14.1902
13183.6 2339.15 -14.1902
p
64
30
13800 0 0
13789.4 74.7693 0
13778.8 149.539 0
13768.1 224.298 0
13757.2 299.044 0
13746.3 373.773 0
13736.1 448.623 0
13727.1 523.642 0
13720.1 598.899 0
13715.9 674.423 0
13715.6 750.159 0
13720.4 825.886 0
13728 901.47 0
13738.9 976.796 0
13752.6 1051.78 0
13768.9 1126.36 -14.9381
13787.5 1200.51 -14.9381
13807.8 1274.28 -14.9381
13829.3 1347.72 -14.9381
13851.6 1420.91 -14.9381
13873.5 1494.21 -14.9381
13893.3 1568.02 -14.9381
13910.8 1642.27 0
13927.8 1716.5 0
13944.8 1790.72 0
13961.8 1864.95 0
13978.8 1939.18 0
13995.8 2013.41 0
14012.8 2087.64 0
14029.8 2161.87 0
14046.8 2236.1 0
p
65
30
14000 0 0
13996 76.1758 0
13992.1 152.352 0
13988.3 228.517 0
13984.6 304.67 0
13980.5 380.792 0
13974.5 456.798 0
13965.7 532.548 0
13952.9 607.779 0
13935 682.05 0
13911 754.73 0
13885.3 826.893 0
13859.4 899.04 0
13836.3 972.049 0
13819 1046.5 0
13809.9 1122.26 10.4567
13810.3 1198.45 10.4567
13819.8 1274.01 10.4567
13838.4 1347.99 10.4567
13865.3 1419.62 10.4567
13898.7 1488.74 10.4567
13936.6 1555.7 10.4567
13977.7 1620.97 0
14019.6 1685.76 0
14059.7 1751.57 0
14095.4 1819.64 0
14124.2 1890.64 0
14143.8 1964.47 0
14154.6 2040.04 9.74036
14163.7 2115.94 9.74036
14173 2191.85 9.74036
p
66
30
14200 0 0
14204.8 65.8428 0
14209.6 131.686 0
14214.1 197.563 0
14218.3 263.473 0
14222 329.422 0
14225.2 395.407 0
14227.8 461.431 0
14229.7 527.497 0
14230.8 593.609 0
14230.5 659.783 0
14230.2 725.961 0
14229.7 792.166 0
14229.2 858.406 0
14228.7 924.696 0
14227.8 991.075 0
14225.5 1057.61 0
14221 1124.32 0
14217.6 1191.09 0
14214.6 1257.97 0
14212.3 1324.96 0
14210.5 1392.09 0
14208.3 1459.44 0
14207.6 1527.1 0
14207.5 1595.12 0
14207.7 1663.5 0
14207.7 1732.18 0
14206.8 1801.02 0
14203.6 1869.78 0
14196 1938.03 9.74036
14183 2005.04 9.74036
p
67
30
14400 0 0
14385.1 76.5833 0
14370.2 153.167 0
14356.2 229.91 0
14343.3 306.866 0
14332.1 384.115 0
14322.1 461.522 0
14313.5 539.127 0
14306.6 616.928 0
14302 694.924 0
14300.5 773.094 0
14302.1 851.288 0
14308 929.343 0
14319.9 1006.86 0
14339.6 1083.05 0
14368.8 1156.59 0
14408 1226.1 0
14454.6 1291.53 0
14500.4 1357.81 0
14540.4 1427.46 0
14567.9 1502.22 -5.24187
14577.4 1580.51 -5.24187
14567 1658.07 -5.24187
14536.3 1729.88 -5.24187
14485.6 1789.79 0
14421.8 1836.69 0
14352.8 1876.29 0
14285.1 1918.35 0
14226.9 1972.81 -16.2339
14184.7 2040.92 -16.2339
14144.5 2110.47 -16.2339
p
68
30
14600 0 0
14596.1 74.1313 0
14592.3 148.263 0
14588.9 222.411 0
14586.1 296.585 0
14584.3 370.787 0
14583.2 445.009 0
14583 519.245 0
14583.7 593.482 0
14585.5 667.702 0
14588.6 741.874 0
14592.3 816.038 0
14596.5 890.182 0
14600.8 964.32 0
14605 1038.46 0
14608.6 1112.63 0
14611.5 1186.82 0
14613.2 1261.03 0
14613.6 1335.24 0
14612.2 1409.43 0
14608.9 1483.56 0
14603.5 1557.6 6.98916
14596.3 1631.55 6.98916
14587.7 1705.36 6.98916
14578.7 1779.08 0
14569.8 1852.79 0
14560.9 1926.51 0
14552 2000.23 0
14543 2073.94 0
14534.1 2147.66 0
14525.2 2221.37 0
p
69
30
14800 0 0
14797.7 69.5146 0
14795.4 139.029 0
14793.2 208.544 0
14790.9 278.058 0
14788.6 347.573 0
14786.3 417.088 0
14784.1 486.602 0
14781.8 556.117 0
14779.5 625.631 0
14777.2 695.146 0
14774.9 764.661 0
14772.7 834.175 0
14770.4 903.69 0
14768.1 973.204 0
14765.8 1042.72 0
14763.6 1112.23 0
14761.3 1181.75 0
14759 1251.26 0
14756.7 1320.78 0
14754.4 1390.29 0
14752.2 1459.81 0
14749.9 1529.32 0
14747.6 1598.84 0
14745.3 1668.35 0
14743.1 1737.87 0
14740.8 1807.38 0
14738.5 1876.89 0
14736.2 1946.41 0
14733.9 2015.92 0
14731.7 2085.44 0
p
70
30
15000 0 0
15001 82.7982 0
15002 165.596 0
15002.9 248.391 0
15003.6 331.182 0
15004.1 413.97 0
15004.5 496.754 0
15004.9 579.535 0
15004.9 662.31 0
15003.5 745.07 0
14999.9 827.763 0
14992.6 910.242 0
14980.2 992.137 0
14961.9 1073.05 0
14941.5 1153.67 0
14920.2 1234.21 0
14900.5 1315.22 0
14884.9 1397.13 0
14876.2 1479.97 0
14876.6 1563.2 0
14888 1645.63 0
14911.5 1725.58 0
14947.2 1801.21 0
14994.2 1870.94 0
15050.8 1933.99 0
15114.7 1990.71 0
15183.1 2042.76 0
15253.4 2093.04 0
15323.1 2144.48 10.3766
15392.2 2197.04 10.3766
15461.7 2249.17 10.3766
p
71
30
15200 0 0
15205.2 61.3979 0
15210.3 122.796 0
15215.6 184.192 0
15221.1 245.578 0
15226.9 306.947 0
15233.1 368.288 0
15239.8 429.591 0
15246.9 490.853 0
15254.2 552.141 0
15261.4 613.48 0
15268.2 674.98 0
15274.5 736.737 0
15275.5 799.569 0
15277.9 862.3 0
15280 925.288 0
15283.5 988.325 0
15287.8 1051.31 0
15292.9 1114.15 0
15298.5 1176.83 0
15304.4 1239.36 0
15310.3 1301.84 0
15315.9 1364.36 0
15320.9 1427.02 0
15325.1 1489.87 0
15328 1552.93 0
15329.4 1616.15 0
15328.5 1679.41 0
15324.6 1742.52 0
15316.4 1805.14 0
15303.6 1866.96 0
p
72
30
15400 0 0
15393.6 79.1858 0
15387.1 158.372 0
15379.5 237.445 0
15370.8 316.399 0
15361.2 395.231 0
15351.4 474.012 0
15343.1 552.923 0
15338.8 632.104 0
15344.5 711.347 0
15363.7 788.826 0
15399.1 861.165 0
15451.4 923.822 0
15512.5 978.948 0
15572 1035.88 0
15622.7 1100.06 0
15659.4 1172.02 -13.3708
15680.7 1249.31 -13.3708
15682.8 1329.12 -13.3708
15664.9 1407.02 -13.3708
15630.1 1479.45 -13.3708
15583.3 1545.52 -13.3708
15528.2 1605.65 0
15470.2 1663.16 0
15414.7 1722.82 0
15367.6 1788.78 0
15333.8 1861.98 0
15313.4 1940.14 -12.9707
15314.8 2022.06 -12.9707
15339.6 2101.6 -12.9707
15381 2175.35 -12.9707
p
73
30
15600 0 0
15601.9 60.1518 0
15603.8 120.304 0
15605.9 180.47 0
15608.2 240.645 0
15610.8 300.829 0
15613.9 361.029 0
15617.5 421.259 0
15620.7 481.624 0
15624.2 541.939 0
15628 602.282 0
15632.1 662.682 0
15636.5 723.195 0
15641.9 783.775 0
15648.2 844.473 0
15655.4 905.299 0
15663.2 966.256 0
15671.4 1027.35 0
15679.2 1088.61 0
15685.9 1150.1 11.4607
15689.6 1211.89 11.4607
15689.1 1273.69 11.4607
15683.6 1335.02 11.4607
15672.9 1395.55 11.4607
15657.9 1455.16 11.4607
15639.4 1513.85 11.4607
15618.3 1571.55 0
15593.9 1628.07 0
15565.8 1683.03 0
15533.8 1735.97 0
15498.2 1786.8 0
p
74
30
15800 0 0
15791.7 74.0087 0
15783.4 148.017 0
15776.5 222.181 0
15771.9 296.544 0
15770.9 371.113 0
15775.5 445.693 0
15787.8 519.678 0
15810.2 591.736 0
15836.1 663.017 0
15864.3 733.768 0
15892 804.917 0
15916.3 877.283 0
15936.1 950.863 0
15949.2 1025.64 0
15954.3 1101.08 0
15950.5 1176.34 0
15937.4 1250.37 0
15915 1322.12 0
15884 1390.7 0
15845.4 1455.53 0
15800.5 1516.5 0
15750.6 1573.95 0
15697.3 1628.71 0
15642.2 1681.99 0
15587 1735.26 0
15532.8 1789.59 0
15479.2 1844.61 0
15426.4 1900.48 0
15375 1957.51 10.3766
15324.8 2015.65 10.3766
p
75
30
16000 0 0
16004.7 64.7229 0
16009.3 129.446 0
16014 194.169 0
16018.6 258.892 0
16023.3 323.614 0
16027.9 388.337 0
16032.6 453.06 0
16037.2 517.783 0
16041.9 582.506 0
16046.5 647.229 0
16051.2 711.952 0
16055.9 776.675 0
16060.5 841.397 0
16065.2 906.12 0
16069.8 970.843 0
16074.5 1035.57 0
16079.1 1100.29 0
16083.8 1165.01 0
16088.4 1229.73 0
16093.1 1294.46 0
16097.7 1359.18 0
16102.4 1423.9 0
16107.1 1488.63 0
16111.7 1553.35 0
16116.4 1618.07 0
16121 1682.79 0
16125.7 1747.52 0
16130.3 1812.24 0
16135 1876.96 0
16139.6 1941.69 0
p
76
30
16200 0 0
16201.9 79.6474 0
16203.7 159.295 0
16205.6 238.942 0
16207.4 318.59 0
16209.3 398.237 0
16211.2 477.884 0
16213 557.532 0
16214.9 637.179 0
16216.8 716.827 0
16218.6 796.474 0
16220.5 876.121 0
16222.3 955.769 0
16224.2 1035.42 0
16226.1 1115.06 0
16227.9 1194.71 0
16229.8 1274.36 0
16231.6 1354.01 0
16233.5 1433.65 0
16235.4 1513.3 0
16237.2 1592.95 0
16239.1 1672.6 0
16240.9 1752.24 0
16242.8 1831.89 0
16244.7 1911.54 0
16246.5 1991.18 0
16248.4 2070.83 0
16250.3 2150.48 0
16252.1 2230.13 0
16254 2309.77 0
16255.8 2389.42 0
p
77
30
16400 0 0
16400.2 81.834 0
16400.5 163.668 0
16400.2 245.498 0
16399.1 327.322 0
16397.2 409.129 0
16394.1 490.903 0
16390.7 572.665 0
16387.2 654.418 0
16384.2 736.182 0
16382.2 817.967 0
16382.1 899.764 0
16384.7 981.508 0
16391.1 1063.05 0
16402 1144.1 0
16417.9 1224.35 0
16438 1303.7 0
16462.4 1381.98 0
16490.5 1459.09 0
16521.7 1535.1 0
16555.4 1610.15 0
16590.7 1684.52 0
16626.7 1758.54 0
16662.7 1832.59 0
16697.8 1907.06 0
16731 1982.28 0
16761.6 2058.5 0
16788.8 2135.89 -13.6585
16812 2214.4 -13.6585
16831.6 2293.99 -13.6585
16850.2 2373.87 -13.6585
p
78
30
16600 0 0
16601.6 74.5853 0
16603.1 149.171 0
16605 223.757 0
16607.3 298.339 0
16610.2 372.911 0
16613.8 447.465 0
16618.2 521.984 0
16623.5 596.457 0
16629.8 670.872 0
16637.1 745.219 0
16645.4 819.489 0
16654.6 893.682 0
16664.7 967.81 0
16675.5 1041.94 0
16685.3 1116.39 0
16692.6 1191.44 0
16701.2 1266.31 0
16710.3 1341.19 0
16720 1416.04 0
16729.8 1490.92 0
16740.8 1565.69 0
16752.8 1640.45 0
16765.4 1715.27 0
16778.7 1790.16 0
16792.2 1865.17 0
16805.3 1940.33 0
16817.2 2015.71 0
16826.2 2091.39 0
16830.3 2167.4 13.6585
16829.2 2243.19 13.6585
p
79
30
16800 0 0
16786 82.779 0
16772.1 165.558 0
16758.2 248.352 0
16744.7 331.193 0
16731.7 414.128 0
16719.9 497.223 0
16709.3 580.501 0
16700.9 664.034 0
16695.6 747.852 0
16694.7 831.889 0
16700 915.868 0
16713.4 999.13 0
16737.1 1080.39 0
16773.4 1157.45 0
16823.2 1227.45 0
16883 1289.95 0
16944.8 1351.15 0
17003.7 1414.89 0
17053.6 1485.21 0
17088.1 1563.32 0
17103.5 1646.53 0
17100.5 1730.61 0
17080.5 1812.18 0
17045.9 1888.92 0
17001.8 1960.94 0
16954 2030.86 0
16909.2 2102.72 0
16874.5 2179.99 0
16853.5 2262.18 13.6585
16833.8 2344.91 13.6585
s	0
123 127 160 163 190 195 225 228 
123 124 125 126 127 160 161 162 163 190 191 192 193 194 195 225 226 227 228 
b
4 0
0.783099 0.394383 0.840188
124 0 0 3
125 0 0 4
126 0 0 1
161 0 0 2
162 0 0 3
191 0 0 2
192 0 0 3
193 0 0 3
194 0 0 2
226 0 0 1
227 0 0 2
g
0
0.1 2 0 0 1 2 0 2 5
t
2
0
2101.19 1930.17 100
2101.5 1932.96 -100
a
8
0
127 122 163 159 195 189 228 224 
1 191 1 123 0 161 0 162 0 160 0 2640 0.437025 2641 0.562975 
1 192 1 124 0 123 0 161 0 162 0 2640 0.437025 2641 0.562975 
1 193 1 124 0 125 0 123 0 162 0 2640 0.437025 2641 0.562975 
1 190 1 161 0 160 0 2640 0.437025 2641 0.562975 
1 194 1 124 0 2640 0.437025 2641 0.562975 
2 124 1 192 0 193 0 225 0 226 0 194 0 2640 0.571972 2641 0.428028 
2 125 1 193 0 225 0 226 0 227 0 2640 0.571972 2641 0.428028 
2 123 1 191 0 192 0 193 0 2640 0.571972 2641 0.428028 
2 126 1 227 0 2640 0.571972 2641 0.428028 
2 161 1 191 0 192 0 190 0 2640 0.571972 2641 0.428028 
2 162 1 191 0 192 0 193 0 2640 0.571972 2641 0.428028 
2 160 1 191 0 190 0 2640 0.571972 2641 0.428028 
1 225 1 124 0 125 0 2640 0.437025 2641 0.562975 
1 226 1 124 0 125 0 2640 0.437025 2641 0.562975 
1 227 1 125 0 126 0 2640 0.437025 2641 0.562975 
0 2640 7.5 191 0.437025 192 0.437025 193 0.437025 190 0.437025 194 0.437025 124 0.571972 125 0.571972 123 0.571972 126 0.571972 161 0.571972 162 0.571972 160 0.571972 225 0.437025 226 0.437025 227 0.437025 
0 2641 7.5 191 0.562975 192 0.562975 193 0.562975 190 0.562975 194 0.562975 124 0.428028 125 0.428028 123 0.428028 126 0.428028 161 0.428028 162 0.428028 160 0.428028 225 0.562975 226 0.562975 227 0.562975 
NanList HYP 0
d
51
0 0 -12.5951 0 0 -12.5951 0 0 -12.5951 0 0 -12.5951 0 0 -12.5951 0 0 14.3944 0 0 14.3944 0 0 14.3944 0 0 14.3944 0 0 14.3944 0 0 14.3944 0 0 14.3944 0 0 -12.5951 0 0 -12.5951 0 0 -12.5951 -0.157756 -1.39094 0 0.157768 1.39087 0 
s	1
260 261 262 293 294 295 318 319 320 321 322 323 324 325 326 327 328 353 354 355 356 357 358 359 360 361 
260 261 262 293 294 295 318 319 320 321 322 323 324 325 326 327 328 353 354 355 356 357 358 359 360 361 
b
2 0
0.197551 0.911647 0.79844
261 0 0 2
326 0 0 1
327 0 0 1
b
3 0
0.277775 0.76823 0.335223
294 0 0 1
319 0 0 2
320 0 0 3
321 0 0 3
322 0 0 3
323 0 0 2
324 0 0 2
325 0 0 1
354 0 0 2
355 0 0 3
356 0 0 3
357 0 0 2
358 0 0 2
359 0 0 2
360 0 0 3
g
0
0.1 2 0 0 1 2 0 2 5
t
2
2
2845.63 2006.61 100
2844.82 2012.44 -100
a
8
8
262 259 295 292 328 317 361 352 
1 319 1 354 0 355 0 353 0 2640 0.438021 2641 0.561979 
1 320 1 354 0 355 0 356 0 2640 0.438021 2641 0.561979 
1 321 1 355 0 356 0 357 0 2640 0.438021 2641 0.561979 
1 322 1 356 0 357 0 358 0 2640 0.438021 2641 0.561979 
1 318 1 354 0 353 0 2640 0.438021 2641 0.561979 
1 323 1 359 0 358 0 2640 0.438021 2641 0.561979 
1 324 1 359 0 360 0 2640 0.438021 2641 0.561979 
1 325 1 360 0 260 0 2640 0.438021 2641 0.561979 
1 326 1 260 0 261 0 2640 0.438021 2641 0.561979 
1 327 1 261 0 2640 0.438021 2641 0.561979 
2 359 1 294 0 323 0 324 0 293 0 2640 0.574374 2641 0.425626 
2 354 1 319 0 320 0 318 0 2640 0.574374 2641 0.425626 
2 355 1 319 0 320 0 321 0 2640 0.574374 2641 0.425626 
2 356 1 320 0 321 0 322 0 2640 0.574374 2641 0.425626 
2 360 1 294 0 324 0 325 0 2640 0.574374 2641 0.425626 
2 353 1 319 0 318 0 2640 0.574374 2641 0.425626 
2 357 1 321 0 322 0 2640 0.574374 2641 0.425626 
2 358 1 322 0 323 0 2640 0.574374 2641 0.425626 
2 260 1 325 0 326 0 2640 0.574374 2641 0.425626 
2 261 1 326 0 327 0 2640 0.574374 2641 0.425626 
1 294 1 359 0 360 0 2640 0.438021 2641 0.561979 
1 293 1 359 0 2640 0.438021 2641 0.561979 
0 2640 11 319 0.438021 320 0.438021 321 0.438021 322 0.438021 318 0.438021 323 0.438021 324 0.438021 325 0.438021 326 0.438021 327 0.438021 359 0.574374 354 0.574374 355 0.574374 356 0.574374 360 0.574374 353 0.574374 357 0.574374 358 0.574374 260 0.574374 261 0.574374 294 0.438021 293 0.438021 
0 2641 11 319 0.561979 320 0.561979 321 0.561979 322 0.561979 318 0.561979 323 0.561979 324 0.561979 325 0.561979 326 0.561979 327 0.561979 359 0.425626 354 0.425626 355 0.425626 356 0.425626 360 0.425626 353 0.425626 357 0.425626 358 0.425626 260 0.425626 261 0.425626 294 0.561979 293 0.561979 
NanList HYP 0
d
72
0 0 -12.3957 0 0 -12.3957 0 0 -12.3957 0 0 -12.3957 0 0 -12.3957 0 0 -12.3957 0 0 -12.3957 0 0 -12.3957 0 0 -12.3957 0 0 -12.3957 0 0 14.8749 0 0 14.8749 0 0 14.8749 0 0 14.8749 0 0 14.8749 0 0 14.8749 0 0 14.8749 0 0 14.8749 0 0 14.8749 0 0 14.8749 0 0 -12.3957 0 0 -12.3957 0.405408 -2.91604 0 -0.405453 2.91608 0 
s	2
392 394 425 427 456 459 
392 393 394 425 426 427 456 457 458 459 
b
3 0
0.628871 0.477397 0.55397
393 0 0 1
426 0 0 3
457 0 0 1
458 0 0 1
g
0
0.1 2 0 0 1 2 0 2 5
t
2
4
3259.34 2308.54 100
3258.98 2308.6 -100
a
6
16
394 391 427 424 459 455 
1 426 1 392 0 457 0 393 0 458 0 2640 0.424281 2641 0.575719 
1 425 1 392 0 457 0 456 0 2640 0.424281 2641 0.575719 
2 457 1 426 0 425 0 2640 0.530288 2641 0.469712 
2 456 1 425 0 2640 0.530288 2641 0.469712 
2 458 1 426 0 2640 0.530288 2641 0.469712 
2 392 1 426 0 425 0 2640 0.530288 2641 0.469712 
2 393 1 426 0 2640 0.530288 2641 0.469712 
0 2640 3.5 426 0.424281 425 0.424281 457 0.530288 456 0.530288 458 0.530288 392 0.530288 393 0.530288 
0 2641 3.5 426 0.575719 425 0.575719 457 0.469712 456 0.469712 458 0.469712 392 0.469712 393 0.469712 
NanList HYP 0
d
27
0 0 -15.1439 0 0 -15.1439 0 0 6.05755 0 0 6.05755 0 0 6.05755 0 0 6.05755 0 0 6.05755 0.180653 -0.0318202 0 -0.18055 0.031611 0 
s	3
753 754 755 756 784 785 786 787 788 818 819 820 821 822 823 
753 754 755 756 784 785 786 787 788 818 819 820 821 822 823 
b
2 0
0.95223 0.513401 0.364784
754 0 0 1
755 0 0 1
822 0 0 2
b
2 0
0.717297 0.635712 0.916195
785 0 0 2
786 0 0 3
787 0 0 2
819 0 0 2
820 0 0 3
821 0 0 2
g
0
0.1 2 0 0 1 2 0 2 5
t
2
6
5798.31 1962.19 100
5796.77 1957.79 -100
a
6
22
756 752 788 783 823 817 
1 821 1 786 0 753 0 754 0 787 0 2640 0.429851 2641 0.570149 
1 819 1 785 0 786 0 784 0 2640 0.429851 2641 0.570149 
1 820 1 785 0 786 0 787 0 2640 0.429851 2641 0.570149 
1 822 1 753 0 754 0 755 0 2640 0.429851 2641 0.570149 
1 818 1 785 0 784 0 2640 0.429851 2641 0.570149 
2 785 1 819 0 820 0 818 0 2640 0.550107 2641 0.449893 
2 786 1 821 0 819 0 820 0 2640 0.550107 2641 0.449893 
2 784 1 819 0 818 0 2640 0.550107 2641 0.449893 
2 787 1 821 0 820 0 2640 0.550107 2641 0.449893 
2 753 1 821 0 822 0 2640 0.550107 2641 0.449893 
2 754 1 821 0 822 0 2640 0.550107 2641 0.449893 
2 755 1 822 0 2640 0.550107 2641 0.449893 
0 2640 6 821 0.429851 819 0.429851 820 0.429851 822 0.429851 818 0.429851 785 0.550107 786 0.550107 784 0.550107 787 0.550107 753 0.550107 754 0.550107 755 0.550107 
0 2641 6 821 0.570149 819 0.570149 820 0.570149 822 0.570149 818 0.570149 785 0.449893 786 0.449893 784 0.449893 787 0.449893 753 0.449893 754 0.449893 755 0.449893 
NanList HYP 0
d
42
0 0 -14.0298 0 0 -14.0298 0 0 -14.0298 0 0 -14.0298 0 0 -14.0298 0 0 10.0213 0 0 10.0213 0 0 10.0213 0 0 10.0213 0 0 10.0213 0 0 10.0213 0 0 10.0213 0.77009 2.19858 0 -0.770286 -2.19867 0 
s	4
850 853 885 889 916 920 
850 851 852 853 885 886 887 888 889 916 917 918 919 920 
b
3 0
0.0163006 0.606969 0.141603
851 0 0 2
852 0 0 1
886 0 0 2
887 0 0 2
888 0 0 1
917 0 0 2
918 0 0 4
919 0 0 2
g
0
0.1 2 0 0 1 2 0 2 5
t
2
8
6111.9 1905.18 100
6111.15 1903.3 -100
a
6
28
853 849 889 884 920 915 
1 918 1 850 0 886 0 887 0 851 0 888 0 2640 0.422444 2641 0.577556 
1 917 1 850 0 886 0 887 0 885 0 2640 0.422444 2641 0.577556 
1 916 1 886 0 887 0 885 0 2640 0.422444 2641 0.577556 
1 919 1 850 0 851 0 852 0 2640 0.422444 2641 0.577556 
2 886 1 918 0 917 0 916 0 2640 0.544318 2641 0.455682 
2 887 1 918 0 917 0 916 0 2640 0.544318 2641 0.455682 
2 885 1 917 0 916 0 2640 0.544318 2641 0.455682 
2 888 1 918 0 2640 0.544318 2641 0.455682 
2 850 1 918 0 917 0 919 0 2640 0.544318 2641 0.455682 
2 851 1 918 0 919 0 2640 0.544318 2641 0.455682 
2 852 1 919 0 2640 0.544318 2641 0.455682 
0 2640 5.5 918 0.422444 917 0.422444 916 0.422444 919 0.422444 886 0.544318 887 0.544318 885 0.544318 888 0.544318 850 0.544318 851 0.544318 852 0.544318 
0 2641 5.5 918 0.577556 917 0.577556 916 0.577556 919 0.577556 886 0.455682 887 0.455682 885 0.455682 888 0.455682 850 0.455682 851 0.455682 852 0.455682 
NanList HYP 0
d
39
0 0 -15.5112 0 0 -15.5112 0 0 -15.5112 0 0 -15.5112 0 0 8.86357 0 0 8.86357 0 0 8.86357 0 0 8.86357 0 0 8.86357 0 0 8.86357 0 0 8.86357 0.374616 0.939251 0 -0.374758 -0.93918 0 
s	5
901 904 935 938 
901 902 903 904 935 936 937 938 
b
2 0
0.804177 0.137232 0.242887
902 0 0 2
903 0 0 2
936 0 0 2
937 0 0 2
g
0
0.1 2 0 0 1 2 0 2 5
t
2
10
6477.41 840.051 100
6475.27 838.587 -100
a
4
34
904 900 938 934 
1 902 1 936 0 935 0 937 0 2640 0.434826 2641 0.565174 
1 901 1 936 0 935 0 2640 0.434826 2641 0.565174 
1 903 1 936 0 937 0 2640 0.434826 2641 0.565174 
2 936 1 902 0 901 0 903 0 2640 0.565174 2641 0.434826 
2 935 1 902 0 901 0 2640 0.565174 2641 0.434826 
2 937 1 902 0 903 0 2640 0.565174 2641 0.434826 
0 2640 3 902 0.434826 901 0.434826 903 0.434826 936 0.565174 935 0.565174 937 0.565174 
0 2641 3 902 0.565174 901 0.565174 903 0.565174 936 0.434826 935 0.434826 937 0.434826 
NanList HYP 0
d
24
0 0 -13.0347 0 0 -13.0347 0 0 -13.0347 0 0 13.0347 0 0 13.0347 0 0 13.0347 1.07039 0.732072 0 -1.06991 -0.732078 0 
s	6
909 912 943 946 
909 910 911 912 943 944 945 946 
b
2 0
0.12979 0.400944 0.156679
910 0 0 2
911 0 0 2
944 0 0 2
945 0 0 2
g
0
0.1 2 0 0 1 2 0 2 5
t
2
12
6406.15 1412.42 100
6404.84 1412.88 -100
a
4
38
912 908 946 942 
1 910 1 944 0 943 0 945 0 2640 0.434826 2641 0.565174 
1 909 1 944 0 943 0 2640 0.434826 2641 0.565174 
1 911 1 944 0 945 0 2640 0.434826 2641 0.565174 
2 944 1 910 0 909 0 911 0 2640 0.565174 2641 0.434826 
2 943 1 910 0 909 0 2640 0.565174 2641 0.434826 
2 945 1 910 0 911 0 2640 0.565174 2641 0.434826 
0 2640 3 910 0.434826 909 0.434826 911 0.434826 944 0.565174 943 0.565174 945 0.565174 
0 2641 3 910 0.565174 909 0.565174 911 0.565174 944 0.434826 943 0.434826 945 0.434826 
NanList HYP 0
d
24
0 0 -13.0347 0 0 -13.0347 0 0 -13.0347 0 0 13.0347 0 0 13.0347 0 0 13.0347 0.65321 -0.231746 0 -0.652872 0.231857 0 
s	7
952 955 985 988 1018 1021 1050 1054 
952 953 954 955 985 986 987 988 1018 1019 1020 1021 1050 1051 1052 1053 1054 
b
4 0
0.218257 0.998924 0.108809
953 0 0 1
954 0 0 3
986 0 0 2
987 0 0 4
1019 0 0 2
1020 0 0 5
1051 0 0 1
1052 0 0 3
1053 0 0 1
g
0
0.1 2 0 0 1 2 0 2 5
t
2
14
6545.9 2027.78 100
6550.76 2029.52 -100
a
8
42
955 951 988 984 1021 1017 1054 1049 
1 1020 1 953 0 986 0 1051 0 987 0 1052 0 954 0 952 0 2640 0.381537 2641 0.618463 
1 1019 1 953 0 986 0 1051 0 987 0 985 0 2640 0.381537 2641 0.618463 
1 1018 1 986 0 985 0 2640 0.381537 2641 0.618463 
2 1051 1 1020 0 953 0 986 0 1019 0 987 0 2640 0.451774 2641 0.548226 
2 1052 1 1020 0 953 0 987 0 954 0 2640 0.451774 2641 0.548226 
2 1053 1 953 0 954 0 2640 0.451774 2641 0.548226 
2 1050 1 986 0 2640 0.451774 2641 0.548226 
3 986 1 1020 0 1019 0 1051 0 1018 0 1050 0 2640 0.591382 2641 0.408618 
3 987 1 1020 0 1019 0 1051 0 1052 0 2640 0.591382 2641 0.408618 
3 985 1 1019 0 1018 0 2640 0.591382 2641 0.408618 
3 953 1 1020 0 1019 0 1051 0 1052 0 1053 0 2640 0.591382 2641 0.408618 
3 954 1 1020 0 1052 0 1053 0 2640 0.591382 2641 0.408618 
3 952 1 1020 0 2640 0.591382 2641 0.408618 
0 2640 6.5 1020 0.381537 1019 0.381537 1018 0.381537 1051 0.451774 1052 0.451774 1053 0.451774 1050 0.451774 986 0.591382 987 0.591382 985 0.591382 953 0.591382 954 0.591382 952 0.591382 
0 2641 6.5 1020 0.618463 1019 0.618463 1018 0.618463 1051 0.548226 1052 0.548226 1053 0.548226 1050 0.548226 986 0.408618 987 0.408618 985 0.408618 953 0.408618 954 0.408618 952 0.408618 
NanList HYP 0
d
45
0 0 -23.6925 0 0 -23.6925 0 0 -23.6925 0 0 -9.64529 0 0 -9.64529 0 0 -9.64529 0 0 -9.64529 0 0 18.2765 0 0 18.2765 0 0 18.2765 0 0 18.2765 0 0 18.2765 0 0 18.2765 -2.4296 -0.871864 0 2.42998 0.871889 0 
s	8
1174 1175 1176 1177 1178 1214 1215 1216 1217 1218 1240 1241 1242 1243 1244 1245 1246 
1174 1175 1176 1177 1178 1214 1215 1216 1217 1218 1240 1241 1242 1243 1244 1245 1246 
b
2 0
0.61264 0.839112 0.512932
1175 0 0 1
1176 0 0 2
1177 0 0 2
1241 0 0 3
1242 0 0 2
b
2 0
0.524287 0.637552 0.296032
1215 0 0 2
1216 0 0 2
1217 0 0 2
1243 0 0 1
1244 0 0 3
1245 0 0 2
g
0
0.1 2 0 0 1 2 0 2 5
t
2
16
8176.41 1756.79 100
8178.49 1760.26 -100
a
5
50
1178 1173 1218 1213 1246 
1 1240 1 1176 0 1175 0 1174 0 2640 0.426625 2641 0.573375 
1 1241 1 1176 0 1175 0 1177 0 2640 0.426625 2641 0.573375 
1 1243 1 1216 0 1214 0 1215 0 2640 0.426625 2641 0.573375 
1 1244 1 1216 0 1215 0 1217 0 2640 0.426625 2641 0.573375 
1 1242 1 1176 0 1214 0 2640 0.426625 2641 0.573375 
1 1245 1 1216 0 1217 0 2640 0.426625 2641 0.573375 
2 1216 1 1243 0 1244 0 1245 0 2640 0.555031 2641 0.444969 
2 1214 1 1243 0 1242 0 2640 0.555031 2641 0.444969 
2 1215 1 1243 0 1244 0 2640 0.555031 2641 0.444969 
2 1217 1 1244 0 1245 0 2640 0.555031 2641 0.444969 
2 1176 1 1240 0 1241 0 1242 0 2640 0.555031 2641 0.444969 
2 1175 1 1240 0 1241 0 2640 0.555031 2641 0.444969 
2 1174 1 1240 0 2640 0.555031 2641 0.444969 
2 1177 1 1241 0 2640 0.555031 2641 0.444969 
0 2640 7 1240 0.426625 1241 0.426625 1243 0.426625 1244 0.426625 1242 0.426625 1245 0.426625 1216 0.555031 1214 0.555031 1215 0.555031 1217 0.555031 1176 0.555031 1175 0.555031 1174 0.555031 1177 0.555031 
0 2641 7 1240 0.573375 1241 0.573375 1243 0.573375 1244 0.573375 1242 0.573375 1245 0.573375 1216 0.444969 1214 0.444969 1215 0.444969 1217 0.444969 1176 0.444969 1175 0.444969 1174 0.444969 1177 0.444969 
NanList HYP 0
d
48
0 0 -14.675 0 0 -14.675 0 0 -14.675 0 0 -14.675 0 0 -14.675 0 0 -14.675 0 0 11.0062 0 0 11.0062 0 0 11.0062 0 0 11.0062 0 0 11.0062 0 0 11.0062 0 0 11.0062 0 0 11.0062 -1.0412 -1.73228 0 1.04081 1.73227 0 
s	9
1206 1210 1236 1240 
1206 1207 1208 1209 1210 1236 1237 1238 1239 1240 
b
2 0
0.292517 0.972775 0.493583
1207 0 0 2
1208 0 0 2
1209 0 0 2
1237 0 0 1
1238 0 0 3
1239 0 0 2
g
0
0.1 2 0 0 1 2 0 2 5
t
2
18
8210.88 1338.34 100
8209.55 1339.04 -100
a
4
55
1210 1205 1240 1235 
1 1208 1 1237 0 1238 0 1239 0 2640 0.435797 2641 0.564203 
1 1206 1 1237 0 1236 0 2640 0.435797 2641 0.564203 
1 1207 1 1237 0 1238 0 2640 0.435797 2641 0.564203 
1 1209 1 1238 0 2640 0.435797 2641 0.564203 
2 1237 1 1208 0 1206 0 1207 0 2640 0.564203 2641 0.435797 
2 1238 1 1208 0 1207 0 1209 0 2640 0.564203 2641 0.435797 
2 1236 1 1206 0 2640 0.564203 2641 0.435797 
2 1239 1 1208 0 2640 0.564203 2641 0.435797 
0 2640 4 1208 0.435797 1206 0.435797 1207 0.435797 1209 0.435797 1237 0.564203 1238 0.564203 1236 0.564203 1239 0.564203 
0 2641 4 1208 0.564203 1206 0.564203 1207 0.564203 1209 0.564203 1237 0.435797 1238 0.435797 1236 0.435797 1239 0.435797 
NanList HYP 0
d
30
0 0 -12.8406 0 0 -12.8406 0 0 -12.8406 0 0 -12.8406 0 0 12.8406 0 0 12.8406 0 0 12.8406 0 0 12.8406 0.662624 -0.35338 0 -0.663171 0.353497 0 
s	10
1247 1251 1283 1285 1311 1316 
1247 1248 1249 1250 1251 1283 1284 1285 1311 1312 1313 1314 1315 1316 
b
3 0
0.769914 0.526745 0.771358
1248 0 0 2
1249 0 0 2
1250 0 0 2
1284 0 0 2
1312 0 0 1
1313 0 0 2
1314 0 0 2
1315 0 0 1
g
0
0.1 2 0 0 1 2 0 2 5
t
2
20
8336.52 2268.08 100
8335.73 2279.47 -100
a
6
59
1251 1246 1285 1282 1316 1310 
1 1248 1 1284 0 1312 0 1314 0 1313 0 2640 0.402259 2641 0.597741 
1 1247 1 1284 0 1312 0 1283 0 2640 0.402259 2641 0.597741 
1 1249 1 1314 0 1313 0 2640 0.402259 2641 0.597741 
1 1250 1 1314 0 1315 0 2640 0.402259 2641 0.597741 
2 1312 1 1248 0 1284 0 1247 0 2640 0.53373 2641 0.46627 
2 1314 1 1248 0 1249 0 1250 0 2640 0.53373 2641 0.46627 
2 1311 1 1284 0 1283 0 2640 0.53373 2641 0.46627 
2 1313 1 1248 0 1249 0 2640 0.53373 2641 0.46627 
2 1315 1 1250 0 2640 0.53373 2641 0.46627 
3 1284 1 1248 0 1247 0 1312 0 1311 0 2640 0.611156 2641 0.388844 
3 1283 1 1247 0 1311 0 2640 0.611156 2641 0.388844 
0 2640 5.5 1248 0.402259 1247 0.402259 1249 0.402259 1250 0.402259 1312 0.53373 1314 0.53373 1311 0.53373 1313 0.53373 1315 0.53373 1284 0.611156 1283 0.611156 
0 2641 5.5 1248 0.597741 1247 0.597741 1249 0.597741 1250 0.597741 1312 0.46627 1314 0.46627 1311 0.46627 1313 0.46627 1315 0.46627 1284 0.388844 1283 0.388844 
NanList HYP 0
d
39
0 0 -19.5482 0 0 -19.5482 0 0 -19.5482 0 0 -19.5482 0 0 6.74604 0 0 6.74604 0 0 6.74604 0 0 6.74604 0 0 6.74604 0 0 22.2312 0 0 22.2312 0.394575 -5.6926 0 -0.394944 5.69237 0 
s	11
1381 1384 1414 1417 
1381 1382 1383 1384 1414 1415 1416 1417 
b
2 0
0.283315 0.891529 0.400229
1382 0 0 1
1383 0 0 2
1415 0 0 2
1416 0 0 1
g
0
0.1 2 0 0 1 2 0 2 5
t
2
22
9300.48 2085.46 100
9299.17 2079.75 -100
a
4
65
1384 1380 1417 1413 
1 1382 1 1414 0 1415 0 2640 0.443215 2641 0.556785 
1 1383 1 1415 0 1416 0 2640 0.443215 2641 0.556785 
1 1381 1 1414 0 2640 0.443215 2641 0.556785 
2 1414 1 1382 0 1381 0 2640 0.556785 2641 0.443215 
2 1415 1 1382 0 1383 0 2640 0.556785 2641 0.443215 
2 1416 1 1383 0 2640 0.556785 2641 0.443215 
0 2640 3 1382 0.443215 1383 0.443215 1381 0.443215 1414 0.556785 1415 0.556785 1416 0.556785 
0 2641 3 1382 0.556785 1383 0.556785 1381 0.556785 1414 0.443215 1415 0.443215 1416 0.443215 
NanList HYP 0
d
24
0 0 -11.357 0 0 -11.357 0 0 -11.357 0 0 11.357 0 0 11.357 0 0 11.357 0.654562 2.85635 0 -0.654145 -2.85623 0 
s	12
1602 1611 1639 1648 
1602 1603 1604 1605 1606 1607 1608 1609 1610 1611 1639 1640 1641 1642 1643 1644 1645 1646 1647 1648 
b
2 0
0.919026 0.807725 0.352458
1603 0 0 1
1604 0 0 3
1605 0 0 3
1606 0 0 3
1607 0 0 3
1608 0 0 3
1609 0 0 2
1610 0 0 1
1640 0 0 2
1641 0 0 2
1642 0 0 3
1643 0 0 3
1644 0 0 3
1645 0 0 2
1646 0 0 2
1647 0 0 2
g
0
0.1 2 0 0 1 2 0 2 5
t
2
24
10871.3 1726.34 100
10870.9 1727.38 -100
a
3
69
1611 1601 1648 
1 1603 1 1641 0 1639 0 1640 0 2640 0.429239 2641 0.570761 
1 1604 1 1641 0 1642 0 1640 0 2640 0.429239 2641 0.570761 
1 1605 1 1641 0 1642 0 1643 0 2640 0.429239 2641 0.570761 
1 1606 1 1642 0 1643 0 1644 0 2640 0.429239 2641 0.570761 
1 1607 1 1643 0 1644 0 1645 0 2640 0.429239 2641 0.570761 
1 1608 1 1644 0 1645 0 1646 0 2640 0.429239 2641 0.570761 
1 1609 1 1646 0 1647 0 2640 0.429239 2641 0.570761 
1 1602 1 1639 0 2640 0.429239 2641 0.570761 
1 1610 1 1647 0 2640 0.429239 2641 0.570761 
2 1641 1 1603 0 1604 0 1605 0 2640 0.570761 2641 0.429239 
2 1642 1 1604 0 1605 0 1606 0 2640 0.570761 2641 0.429239 
2 1643 1 1605 0 1606 0 1607 0 2640 0.570761 2641 0.429239 
2 1644 1 1606 0 1607 0 1608 0 2640 0.570761 2641 0.429239 
2 1639 1 1603 0 1602 0 2640 0.570761 2641 0.429239 
2 1640 1 1603 0 1604 0 2640 0.570761 2641 0.429239 
2 1645 1 1607 0 1608 0 2640 0.570761 2641 0.429239 
2 1646 1 1608 0 1609 0 2640 0.570761 2641 0.429239 
2 1647 1 1609 0 1610 0 2640 0.570761 2641 0.429239 
0 2640 9 1603 0.429239 1604 0.429239 1605 0.429239 1606 0.429239 1607 0.429239 1608 0.429239 1609 0.429239 1602 0.429239 1610 0.429239 1641 0.570761 1642 0.570761 1643 0.570761 1644 0.570761 1639 0.570761 1640 0.570761 1645 0.570761 1646 0.570761 1647 0.570761 
0 2641 9 1603 0.570761 1604 0.570761 1605 0.570761 1606 0.570761 1607 0.570761 1608 0.570761 1609 0.570761 1602 0.570761 1610 0.570761 1641 0.429239 1642 0.429239 1643 0.429239 1644 0.429239 1639 0.429239 1640 0.429239 1645 0.429239 1646 0.429239 1647 0.429239 
NanList HYP 0
d
60
0 0 -14.1521 0 0 -14.1521 0 0 -14.1521 0 0 -14.1521 0 0 -14.1521 0 0 -14.1521 0 0 -14.1521 0 0 -14.1521 0 0 -14.1521 0 0 14.1521 0 0 14.1521 0 0 14.1521 0 0 14.1521 0 0 14.1521 0 0 14.1521 0 0 14.1521 0 0 14.1521 0 0 14.1521 0.22259 -0.519744 0 -0.222416 0.519808 0 
s	13
1632 1639 1662 1668 
1632 1633 1634 1635 1636 1637 1638 1639 1662 1663 1664 1665 1666 1667 1668 
b
2 0
0.525995 0.949327 0.0697553
1633 0 0 2
1634 0 0 3
1635 0 0 2
1636 0 0 2
1637 0 0 2
1638 0 0 2
1663 0 0 2
1664 0 0 3
1665 0 0 3
1666 0 0 3
1667 0 0 2
g
0
0.1 2 0 0 1 2 0 2 5
t
2
26
10824.6 1192.79 100
10821.2 1193.34 -100
a
4
72
1639 1631 1668 1661 
1 1633 1 1663 0 1664 0 1662 0 2640 0.446058 2641 0.553942 
1 1634 1 1665 0 1663 0 1664 0 2640 0.446058 2641 0.553942 
1 1637 1 1665 0 1666 0 1667 0 2640 0.446058 2641 0.553942 
1 1635 1 1665 0 1664 0 2640 0.446058 2641 0.553942 
1 1636 1 1665 0 1666 0 2640 0.446058 2641 0.553942 
1 1638 1 1666 0 1667 0 2640 0.446058 2641 0.553942 
1 1632 1 1663 0 2640 0.446058 2641 0.553942 
2 1665 1 1634 0 1637 0 1635 0 1636 0 2640 0.562932 2641 0.437068 
2 1663 1 1633 0 1634 0 1632 0 2640 0.562932 2641 0.437068 
2 1664 1 1633 0 1634 0 1635 0 2640 0.562932 2641 0.437068 
2 1666 1 1637 0 1636 0 1638 0 2640 0.562932 2641 0.437068 
2 1667 1 1637 0 1638 0 2640 0.562932 2641 0.437068 
2 1662 1 1633 0 2640 0.562932 2641 0.437068 
0 2640 6.5 1633 0.446058 1634 0.446058 1637 0.446058 1635 0.446058 1636 0.446058 1638 0.446058 1632 0.446058 1665 0.562932 1663 0.562932 1664 0.562932 1666 0.562932 1667 0.562932 1662 0.562932 
0 2641 6.5 1633 0.553942 1634 0.553942 1637 0.553942 1635 0.553942 1636 0.553942 1638 0.553942 1632 0.553942 1665 0.437068 1663 0.437068 1664 0.437068 1666 0.437068 1667 0.437068 1662 0.437068 
NanList HYP 0
d
45
0 0 -10.7883 0 0 -10.7883 0 0 -10.7883 0 0 -10.7883 0 0 -10.7883 0 0 -10.7883 0 0 -10.7883 0 0 12.5864 0 0 12.5864 0 0 12.5864 0 0 12.5864 0 0 12.5864 0 0 12.5864 1.69527 -0.273939 0 -1.69557 0.273872 0 
s	14
1675 1679 1744 1747 
1675 1676 1677 1678 1679 1744 1745 1746 1747 
b
2 0
0.663227 0.192214 0.0860558
1676 0 0 1
1677 0 0 2
1678 0 0 1
1745 0 0 2
1746 0 0 2
g
0
0.1 2 0 0 1 2 0 2 5
t
2
28
11248.3 2119.49 100
11247.8 2119.7 -100
a
4
76
1679 1674 1747 1743 
1 1676 1 1746 0 1744 0 1745 0 2640 0.442405 2641 0.557595 
1 1677 1 1746 0 1745 0 2640 0.442405 2641 0.557595 
1 1675 1 1744 0 2640 0.442405 2641 0.557595 
1 1678 1 1746 0 2640 0.442405 2641 0.557595 
2 1746 1 1676 0 1677 0 1678 0 2640 0.576794 2641 0.423206 
2 1744 1 1676 0 1675 0 2640 0.576794 2641 0.423206 
2 1745 1 1676 0 1677 0 2640 0.576794 2641 0.423206 
0 2640 3.5 1676 0.442405 1677 0.442405 1675 0.442405 1678 0.442405 1746 0.576794 1744 0.576794 1745 0.576794 
0 2641 3.5 1676 0.557595 1677 0.557595 1675 0.557595 1678 0.557595 1746 0.423206 1744 0.423206 1745 0.423206 
NanList HYP 0
d
27
0 0 -11.5191 0 0 -11.5191 0 0 -11.5191 0 0 -11.5191 0 0 15.3587 0 0 15.3587 0 0 15.3587 0.233012 -0.107573 0 -0.233235 0.107668 0 
s	15
2009 2010 2011 2041 2042 2043 2044 2106 2107 2108 2109 2110 
2009 2010 2011 2041 2042 2043 2044 2106 2107 2108 2109 2110 
b
2 0
0.0641713 0.348893 0.890233
2010 0 0 2
2108 0 0 1
2109 0 0 1
b
2 0
0.0630958 0.457702 0.020023
2042 0 0 1
2043 0 0 1
2107 0 0 2
g
0
0.1 2 0 0 1 2 0 2 5
t
2
30
13284.5 2186.64 100
13282.5 2194.14 -100
a
6
80
2011 2008 2044 2040 2110 2105 
1 2107 1 2010 0 2009 0 2042 0 2043 0 2640 0.429049 2641 0.570951 
1 2106 1 2042 0 2043 0 2041 0 2640 0.429049 2641 0.570951 
1 2108 1 2010 0 2009 0 2640 0.429049 2641 0.570951 
1 2109 1 2010 0 2640 0.429049 2641 0.570951 
2 2010 1 2107 0 2108 0 2109 0 2640 0.556761 2641 0.443239 
2 2009 1 2107 0 2108 0 2640 0.556761 2641 0.443239 
2 2042 1 2107 0 2106 0 2640 0.556761 2641 0.443239 
2 2043 1 2107 0 2106 0 2640 0.556761 2641 0.443239 
2 2041 1 2106 0 2640 0.556761 2641 0.443239 
0 2640 4.5 2107 0.429049 2106 0.429049 2108 0.429049 2109 0.429049 2010 0.556761 2009 0.556761 2042 0.556761 2043 0.556761 2041 0.556761 
0 2641 4.5 2107 0.570951 2106 0.570951 2108 0.570951 2109 0.570951 2010 0.443239 2009 0.443239 2042 0.443239 2043 0.443239 2041 0.443239 
NanList HYP 0
d
33
0 0 -14.1902 0 0 -14.1902 0 0 -14.1902 0 0 -14.1902 0 0 11.3521 0 0 11.3521 0 0 11.3521 0 0 11.3521 0 0 11.3521 0.997912 -3.74837 0 -0.998172 3.74858 0 
s	16
2096 2099 2127 2134 2160 2167 
2096 2097 2098 2099 2127 2128 2129 2130 2131 2132 2133 2134 2160 2161 2162 2163 2164 2165 2166 2167 
b
3 0
0.902208 0.970634 0.23828
2097 0 0 2
2098 0 0 2
2128 0 0 2
2129 0 0 3
2130 0 0 3
2131 0 0 3
2132 0 0 5
2133 0 0 4
2161 0 0 2
2162 0 0 3
2163 0 0 3
2164 0 0 3
2165 0 0 3
2166 0 0 2
g
0
0.1 2 0 0 1 2 0 2 5
t
2
32
13843.8 1376.66 100
13841.2 1371.13 -100
a
6
86
2099 2095 2134 2126 2167 2159 
1 2132 1 2097 0 2164 0 2165 0 2098 0 2166 0 2096 0 2640 0.42531 2641 0.57469 
1 2131 1 2097 0 2163 0 2164 0 2165 0 2640 0.42531 2641 0.57469 
1 2133 1 2097 0 2165 0 2098 0 2166 0 2640 0.42531 2641 0.57469 
1 2128 1 2161 0 2162 0 2160 0 2640 0.42531 2641 0.57469 
1 2129 1 2161 0 2162 0 2163 0 2640 0.42531 2641 0.57469 
1 2130 1 2162 0 2163 0 2164 0 2640 0.42531 2641 0.57469 
1 2127 1 2161 0 2640 0.42531 2641 0.57469 
2 2161 1 2128 0 2129 0 2127 0 2640 0.552283 2641 0.447717 
2 2162 1 2128 0 2129 0 2130 0 2640 0.552283 2641 0.447717 
2 2163 1 2131 0 2129 0 2130 0 2640 0.552283 2641 0.447717 
2 2164 1 2132 0 2131 0 2130 0 2640 0.552283 2641 0.447717 
2 2165 1 2132 0 2131 0 2133 0 2640 0.552283 2641 0.447717 
2 2166 1 2132 0 2133 0 2640 0.552283 2641 0.447717 
2 2160 1 2128 0 2640 0.552283 2641 0.447717 
2 2097 1 2132 0 2131 0 2133 0 2640 0.552283 2641 0.447717 
2 2098 1 2132 0 2133 0 2640 0.552283 2641 0.447717 
2 2096 1 2132 0 2640 0.552283 2641 0.447717 
0 2640 8.5 2132 0.42531 2131 0.42531 2133 0.42531 2128 0.42531 2129 0.42531 2130 0.42531 2127 0.42531 2161 0.552283 2162 0.552283 2163 0.552283 2164 0.552283 2165 0.552283 2166 0.552283 2160 0.552283 2097 0.552283 2098 0.552283 2096 0.552283 
0 2641 8.5 2132 0.57469 2131 0.57469 2133 0.57469 2128 0.57469 2129 0.57469 2130 0.57469 2127 0.57469 2161 0.447717 2162 0.447717 2163 0.447717 2164 0.447717 2165 0.447717 2166 0.447717 2160 0.447717 2097 0.447717 2098 0.447717 2096 0.447717 
NanList HYP 0
d
57
0 0 -14.9381 0 0 -14.9381 0 0 -14.9381 0 0 -14.9381 0 0 -14.9381 0 0 -14.9381 0 0 -14.9381 0 0 10.4567 0 0 10.4567 0 0 10.4567 0 0 10.4567 0 0 10.4567 0 0 10.4567 0 0 10.4567 0 0 10.4567 0 0 10.4567 0 0 10.4567 1.2787 2.76714 0 -1.2787 -2.76714 0 
s	17
2173 2174 2175 2176 2207 2208 2209 2239 2240 2241 2242 
2173 2174 2175 2176 2207 2208 2209 2239 2240 2241 2242 
b
2 0
0.53976 0.266666 0.85092
2174 0 0 1
2175 0 0 1
2241 0 0 2
b
2 0
0.512535 0.760249 0.375207
2208 0 0 1
2240 0 0 1
g
0
0.1 2 0 0 1 2 0 2 5
t
2
34
14177.6 2052.91 100
14179 2050.87 -100
a
6
92
2176 2172 2209 2206 2242 2238 
1 2240 1 2173 0 2174 0 2208 0 2640 0.41883 2641 0.58117 
1 2241 1 2173 0 2174 0 2175 0 2640 0.41883 2641 0.58117 
1 2239 1 2208 0 2207 0 2640 0.41883 2641 0.58117 
2 2173 1 2240 0 2241 0 2640 0.548702 2641 0.451298 
2 2174 1 2240 0 2241 0 2640 0.548702 2641 0.451298 
2 2175 1 2241 0 2640 0.548702 2641 0.451298 
2 2208 1 2240 0 2239 0 2640 0.548702 2641 0.451298 
2 2207 1 2239 0 2640 0.548702 2641 0.451298 
0 2640 4 2240 0.41883 2241 0.41883 2239 0.41883 2173 0.548702 2174 0.548702 2175 0.548702 2208 0.548702 2207 0.548702 
0 2641 4 2240 0.58117 2241 0.58117 2239 0.58117 2173 0.451298 2174 0.451298 2175 0.451298 2208 0.451298 2207 0.451298 
NanList HYP 0
d
30
0 0 -16.2339 0 0 -16.2339 0 0 -16.2339 0 0 9.74036 0 0 9.74036 0 0 9.74036 0 0 9.74036 0 0 9.74036 -0.688124 1.02157 0 0.688514 -1.02147 0 
s	18
2231 2235 2265 2268 
2231 2232 2233 2234 2235 2265 2266 2267 2268 
b
2 0
0.0392803 0.531606 0.667724
2232 0 0 1
2233 0 0 2
2234 0 0 1
2266 0 0 2
2267 0 0 2
g
0
0.1 2 0 0 1 2 0 2 5
t
2
36
14577.6 1624.01 100
14575.6 1623.18 -100
a
4
98
2235 2230 2268 2264 
1 2232 1 2265 0 2266 0 2640 0.473791 2641 0.526209 
1 2233 1 2266 0 2267 0 2640 0.473791 2641 0.526209 
1 2231 1 2265 0 2640 0.473791 2641 0.526209 
1 2234 1 2267 0 2640 0.473791 2641 0.526209 
2 2265 1 2232 0 2231 0 2640 0.534946 2641 0.465054 
2 2266 1 2232 0 2233 0 2640 0.534946 2641 0.465054 
2 2267 1 2233 0 2234 0 2640 0.534946 2641 0.465054 
0 2640 3.5 2232 0.473791 2233 0.473791 2231 0.473791 2234 0.473791 2265 0.534946 2266 0.534946 2267 0.534946 
0 2641 3.5 2232 0.526209 2233 0.526209 2231 0.526209 2234 0.526209 2265 0.465054 2266 0.465054 2267 0.465054 
NanList HYP 0
d
27
0 0 -5.24187 0 0 -5.24187 0 0 -5.24187 0 0 -5.24187 0 0 6.98916 0 0 6.98916 0 0 6.98916 1.00871 0.414418 0 -1.00916 -0.414297 0 
s	19
2338 2339 2340 2341 2403 2404 2405 2406 2407 2471 2472 2473 
2338 2339 2340 2341 2403 2404 2405 2406 2407 2471 2472 2473 
b
2 0
0.93081 0.931835 0.437638
2339 0 0 1
2340 0 0 1
2406 0 0 2
b
2 0
0.738534 0.284293 0.720952
2404 0 0 1
2405 0 0 1
2472 0 0 2
g
0
0.1 2 0 0 1 2 0 2 5
t
2
38
15360.6 2092.28 100
15356.2 2086.17 -100
a
6
102
2341 2337 2407 2402 2473 2470 
1 2405 1 2472 0 2338 0 2339 0 2640 0.435146 2641 0.564854 
1 2406 1 2338 0 2339 0 2340 0 2640 0.435146 2641 0.564854 
1 2403 1 2472 0 2471 0 2640 0.435146 2641 0.564854 
1 2404 1 2472 0 2471 0 2640 0.435146 2641 0.564854 
2 2338 1 2405 0 2406 0 2640 0.551883 2641 0.448117 
2 2339 1 2405 0 2406 0 2640 0.551883 2641 0.448117 
2 2340 1 2406 0 2640 0.551883 2641 0.448117 
2 2472 1 2405 0 2403 0 2404 0 2640 0.551883 2641 0.448117 
2 2471 1 2403 0 2404 0 2640 0.551883 2641 0.448117 
0 2640 4.5 2405 0.435146 2406 0.435146 2403 0.435146 2404 0.435146 2338 0.551883 2339 0.551883 2340 0.551883 2472 0.551883 2471 0.551883 
0 2641 4.5 2405 0.564854 2406 0.564854 2403 0.564854 2404 0.564854 2338 0.448117 2339 0.448117 2340 0.448117 2472 0.448117 2471 0.448117 
NanList HYP 0
d
33
0 0 -12.9707 0 0 -12.9707 0 0 -12.9707 0 0 -12.9707 0 0 10.3766 0 0 10.3766 0 0 10.3766 0 0 10.3766 0 0 10.3766 2.19945 3.05438 0 -2.20023 -3.05427 0 
s	20
2392 2398 2428 2435 
2392 2393 2394 2395 2396 2397 2398 2428 2429 2430 2431 2432 2433 2434 2435 
b
2 0
0.687861 0.354049 0.639979
2393 0 0 2
2394 0 0 3
2395 0 0 3
2396 0 0 3
2397 0 0 1
2429 0 0 1
2430 0 0 2
2431 0 0 2
2432 0 0 3
2433 0 0 2
2434 0 0 2
g
0
0.1 2 0 0 1 2 0 2 5
t
2
40
15664.5 1345.66 100
15661.6 1349.37 -100
a
4
108
2398 2391 2435 2427 
1 2393 1 2431 0 2429 0 2430 0 2640 0.433146 2641 0.566854 
1 2394 1 2431 0 2432 0 2430 0 2640 0.433146 2641 0.566854 
1 2395 1 2431 0 2432 0 2433 0 2640 0.433146 2641 0.566854 
1 2396 1 2432 0 2433 0 2434 0 2640 0.433146 2641 0.566854 
1 2392 1 2429 0 2428 0 2640 0.433146 2641 0.566854 
1 2397 1 2434 0 2640 0.433146 2641 0.566854 
2 2431 1 2393 0 2394 0 2395 0 2640 0.557303 2641 0.442697 
2 2432 1 2394 0 2395 0 2396 0 2640 0.557303 2641 0.442697 
2 2429 1 2393 0 2392 0 2640 0.557303 2641 0.442697 
2 2430 1 2393 0 2394 0 2640 0.557303 2641 0.442697 
2 2433 1 2395 0 2396 0 2640 0.557303 2641 0.442697 
2 2434 1 2396 0 2397 0 2640 0.557303 2641 0.442697 
2 2428 1 2392 0 2640 0.557303 2641 0.442697 
0 2640 6.5 2393 0.433146 2394 0.433146 2395 0.433146 2396 0.433146 2392 0.433146 2397 0.433146 2431 0.557303 2432 0.557303 2429 0.557303 2430 0.557303 2433 0.557303 2434 0.557303 2428 0.557303 
0 2641 6.5 2393 0.566854 2394 0.566854 2395 0.566854 2396 0.566854 2392 0.566854 2397 0.566854 2431 0.442697 2432 0.442697 2429 0.442697 2430 0.442697 2433 0.442697 2434 0.442697 2428 0.442697 
NanList HYP 0
d
45
0 0 -13.3708 0 0 -13.3708 0 0 -13.3708 0 0 -13.3708 0 0 -13.3708 0 0 -13.3708 0 0 11.4607 0 0 11.4607 0 0 11.4607 0 0 11.4607 0 0 11.4607 0 0 11.4607 0 0 11.4607 1.47251 -1.85945 0 -1.472 1.85946 0 
s	21
2568 2572 2603 2605 2636 2638 
2568 2569 2570 2571 2572 2603 2604 2605 2636 2637 2638 
b
3 0
0.880075 0.440105 0.165974
2569 0 0 1
2570 0 0 2
2571 0 0 1
2604 0 0 2
2637 0 0 2
g
0
0.1 2 0 0 1 2 0 2 5
t
2
42
16829.8 2254.47 100
16827.6 2254.49 -100
a
6
112
2572 2567 2605 2602 2638 2635 
1 2569 1 2636 0 2603 0 2604 0 2640 0.431707 2641 0.568293 
1 2570 1 2636 0 2604 0 2637 0 2640 0.431707 2641 0.568293 
1 2571 1 2636 0 2637 0 2640 0.431707 2641 0.568293 
1 2568 1 2603 0 2640 0.431707 2641 0.568293 
2 2636 1 2569 0 2570 0 2571 0 2640 0.568293 2641 0.431707 
2 2637 1 2570 0 2571 0 2640 0.568293 2641 0.431707 
2 2603 1 2569 0 2568 0 2640 0.568293 2641 0.431707 
2 2604 1 2569 0 2570 0 2640 0.568293 2641 0.431707 
0 2640 4 2569 0.431707 2570 0.431707 2571 0.431707 2568 0.431707 2636 0.568293 2637 0.568293 2603 0.568293 2604 0.568293 
0 2641 4 2569 0.568293 2570 0.568293 2571 0.568293 2568 0.568293 2636 0.431707 2637 0.431707 2603 0.431707 2604 0.431707 
NanList HYP 0
d
30
0 0 -13.6585 0 0 -13.6585 0 0 -13.6585 0 0 -13.6585 0 0 13.6585 0 0 13.6585 0 0 13.6585 0 0 13.6585 1.09532 -0.00803416 0 -1.09688 0.00801463 0 
