first line
p
0
30
1000.000000 0.000000 0.000000
1003.150000 69.072000 0.000000
1006.290000 138.144000 0.000000
1009.660000 207.206000 0.000000
1013.380000 276.251000 0.000000
1017.660000 345.266000 0.000000
1022.750000 414.229000 0.000000
1028.250000 483.163000 0.000000
1034.230000 552.064000 0.000000
1040.590000 620.934000 0.000000
1047.270000 689.779000 0.000000
1054.170000 758.605000 0.000000
1061.210000 827.419000 0.000000
1068.310000 896.228000 0.000000
1075.400000 965.038000 0.000000
1082.380000 1033.860000 0.000000
1089.180000 1102.690000 0.000000
1095.710000 1171.550000 0.000000
1101.900000 1240.440000 0.000000
1107.650000 1309.350000 0.000000
1112.900000 1378.310000 0.000000
1117.540000 1447.300000 0.000000
1121.510000 1516.330000 0.000000
1124.850000 1585.390000 0.000000
1128.020000 1654.470000 0.000000
1131.130000 1723.540000 0.000000
1134.190000 1792.620000 0.000000
1137.230000 1861.690000 0.000000
1140.270000 1930.770000 0.000000
1143.310000 1999.850000 0.000000
1146.350000 2068.920000 0.000000
p
1
30
1200.000000 0.000000 0.000000
1199.070000 68.911200 0.000000
1198.140000 137.822000 0.000000
1197.210000 206.734000 0.000000
1196.280000 275.645000 0.000000
1195.350000 344.556000 0.000000
1194.420000 413.467000 0.000000
1193.500000 482.378000 0.000000
1192.570000 551.289000 0.000000
1191.640000 620.201000 0.000000
1190.710000 689.112000 0.000000
1189.780000 758.023000 0.000000
1188.850000 826.934000 0.000000
1187.920000 895.845000 0.000000
1186.990000 964.757000 0.000000
1186.060000 1033.670000 0.000000
1185.130000 1102.580000 0.000000
1184.200000 1171.490000 0.000000
1183.270000 1240.400000 0.000000
1182.340000 1309.310000 0.000000
1181.410000 1378.220000 0.000000
1180.490000 1447.130000 0.000000
1179.560000 1516.050000 0.000000
1178.630000 1584.960000 0.000000
1177.700000 1653.870000 0.000000
1176.770000 1722.780000 0.000000
1175.840000 1791.690000 0.000000
1174.910000 1860.600000 0.000000
1173.980000 1929.510000 0.000000
1173.050000 1998.420000 0.000000
1172.120000 2067.340000 0.000000
p
2
30
1400.000000 0.000000 0.000000
1393.720000 77.965900 0.000000
1387.440000 155.932000 0.000000
1381.160000 233.898000 0.000000
1374.880000 311.863000 0.000000
1368.610000 389.829000 0.000000
1362.330000 467.795000 0.000000
1356.050000 545.761000 0.000000
1349.770000 623.727000 0.000000
1343.490000 701.693000 0.000000
1337.210000 779.659000 0.000000
1330.930000 857.624000 0.000000
1324.650000 935.590000 0.000000
1318.370000 1013.560000 0.000000
1312.100000 1091.520000 0.000000
1305.820000 1169.490000 0.000000
1299.540000 1247.450000 0.000000
1293.260000 1325.420000 0.000000
1286.980000 1403.390000 0.000000
1280.700000 1481.350000 0.000000
1274.420000 1559.320000 0.000000
1268.140000 1637.280000 0.000000
1261.860000 1715.250000 0.000000
1255.590000 1793.210000 0.000000
1249.310000 1871.180000 0.000000
1243.030000 1949.150000 0.000000
1236.750000 2027.110000 0.000000
1230.470000 2105.080000 0.000000
1224.190000 2183.040000 0.000000
1217.910000 2261.010000 0.000000
1211.630000 2338.980000 0.000000
p
3
30
1600.000000 0.000000 0.000000
1600.600000 84.024700 0.000000
1601.210000 168.049000 0.000000
1598.580000 252.086000 0.000000
1591.560000 335.970000 0.000000
1578.200000 419.281000 0.000000
1562.640000 502.330000 0.000000
1546.040000 585.294000 0.000000
1531.300000 668.648000 0.000000
1521.510000 752.709000 0.000000
1516.770000 837.160000 0.000000
1518.840000 921.691000 0.000000
1528.530000 1005.720000 0.000000
1546.280000 1088.560000 0.000000
1572.090000 1169.500000 0.000000
1605.570000 1247.960000 0.000000
1645.970000 1323.590000 0.000000
1692.250000 1396.330000 0.000000
1743.120000 1466.500000 0.000000
1797.140000 1534.760000 0.000000
1852.740000 1602.100000 0.000000
1908.220000 1669.710000 0.000000
1961.810000 1738.850000 0.000000
2011.590000 1810.740000 0.000000
2056.950000 1885.440000 0.000000
2101.880000 1960.540000 0.000000
2146.820000 2035.670000 0.000000
2191.730000 2110.820000 0.000000
2236.650000 2185.960000 0.000000
2281.570000 2261.100000 0.000000
2326.500000 2336.240000 0.000000
p
4
30
1800.000000 0.000000 0.000000
1793.250000 62.606300 0.000000
1786.510000 125.213000 0.000000
1780.440000 187.904000 0.000000
1775.440000 250.706000 0.000000
1772.130000 313.652000 0.000000
1770.440000 376.681000 0.000000
1770.850000 439.768000 0.000000
1773.610000 502.847000 0.000000
1778.920000 565.826000 0.000000
1785.660000 628.726000 0.000000
1793.850000 691.536000 0.000000
1803.200000 754.277000 0.000000
1813.480000 816.976000 0.000000
1824.500000 879.662000 0.000000
1836.120000 942.361000 0.000000
1848.250000 1005.090000 0.000000
1860.810000 1067.880000 0.000000
1873.780000 1130.720000 0.000000
1887.180000 1193.620000 0.000000
1901.030000 1256.570000 0.000000
1915.400000 1319.540000 0.000000
1930.400000 1382.500000 0.000000
1946.160000 1445.410000 0.000000
1962.820000 1508.220000 0.000000
1980.570000 1570.840000 0.000000
1999.640000 1633.190000 0.000000
2020.250000 1695.140000 0.000000
2042.680000 1756.550000 0.000000
2067.180000 1817.280000 0.000000
2093.400000 1877.350000 0.000000
p
5
30
2000.000000 0.000000 0.000000
2010.390000 69.612300 0.000000
2020.780000 139.225000 0.000000
2031.260000 208.808000 0.000000
2041.770000 278.377000 0.000000
2051.930000 348.002000 0.000000
2061.570000 417.706000 0.000000
2070.480000 487.510000 0.000000
2078.480000 557.429000 0.000000
2085.390000 627.471000 0.000000
2091.070000 697.634000 0.000000
2095.400000 767.906000 0.000000
2098.590000 838.252000 0.000000
2100.650000 908.658000 0.000000
2101.680000 979.104000 0.000000
2101.780000 1049.580000 0.000000
2101.080000 1120.060000 0.000000
2099.730000 1190.550000 0.000000
2097.870000 1261.040000 0.000000
2095.670000 1331.520000 0.000000
2093.300000 1402.010000 0.000000
2090.920000 1472.480000 0.000000
2088.710000 1542.960000 0.000000
2086.850000 1613.440000 0.000000
2085.500000 1683.910000 0.000000
2084.840000 1754.380000 0.000000
2085.220000 1824.810000 0.000000
2087.140000 1895.230000 0.000000
2089.290000 1965.650000 0.000000
2091.490000 2036.060000 0.000000
2093.910000 2106.450000 0.000000
p
6
30
2200.000000 0.000000 0.000000
2202.170000 72.113300 0.000000
2204.340000 144.227000 0.000000
2206.180000 216.348000 0.000000
2207.650000 288.477000 0.000000
2208.770000 360.608000 0.000000
2209.480000 432.749000 0.000000
2209.760000 504.895000 0.000000
2209.570000 577.044000 0.000000
2208.880000 649.193000 0.000000
2207.680000 721.339000 0.000000
2205.960000 793.477000 0.000000
2203.760000 865.608000 0.000000
2201.080000 937.726000 0.000000
2197.970000 1009.830000 0.000000
2194.440000 1081.920000 0.000000
2190.520000 1153.990000 0.000000
2186.240000 1226.050000 0.000000
2181.650000 1298.090000 0.000000
2176.780000 1370.110000 0.000000
2171.670000 1442.120000 0.000000
2166.360000 1514.110000 0.000000
2160.900000 1586.090000 0.000000
2155.330000 1658.070000 0.000000
2149.710000 1730.030000 0.000000
2144.090000 1802.000000 0.000000
2138.520000 1873.970000 0.000000
2132.980000 1945.940000 0.000000
2127.260000 2017.900000 0.000000
2121.300000 2089.850000 0.000000
2115.250000 2161.800000 0.000000
p
7
30
2400.000000 0.000000 0.000000
2410.370000 78.333000 0.000000
2420.750000 156.666000 0.000000
2429.090000 235.169000 0.000000
2437.030000 313.750000 0.000000
2444.350000 392.417000 0.000000
2451.340000 471.127000 0.000000
2458.250000 549.849000 0.000000
2465.340000 628.551000 0.000000
2472.890000 707.199000 0.000000
2481.120000 785.762000 0.000000
2490.270000 864.208000 0.000000
2500.520000 942.505000 0.000000
2512.030000 1020.620000 0.000000
2524.930000 1098.540000 0.000000
2539.290000 1176.220000 0.000000
2555.140000 1253.650000 0.000000
2572.450000 1330.830000 0.000000
2591.130000 1407.740000 0.000000
2611.040000 1484.410000 0.000000
2631.960000 1560.850000 0.000000
2653.610000 1637.120000 0.000000
2675.640000 1713.300000 0.000000
2697.610000 1789.470000 0.000000
2719.030000 1865.780000 0.000000
2739.300000 1942.370000 0.000000
2757.780000 2019.460000 0.000000
2774.340000 2097.100000 0.000000
2790.920000 2174.880000 0.000000
2808.500000 2252.560000 0.000000
2827.130000 2330.120000 0.000000
p
8
30
2600.000000 0.000000 0.000000
2603.130000 70.465000 0.000000
2606.270000 140.930000 0.000000
2613.050000 211.390000 0.000000
2620.390000 281.751000 0.000000
2629.100000 352.018000 0.000000
2638.720000 422.226000 0.000000
2649.040000 492.379000 0.000000
2659.800000 562.487000 0.000000
2670.780000 632.563000 0.000000
2681.770000 702.621000 0.000000
2692.590000 772.674000 0.000000
2703.090000 842.736000 0.000000
2713.120000 912.818000 0.000000
2722.570000 982.935000 0.000000
2731.370000 1053.100000 0.000000
2739.440000 1123.320000 0.000000
2746.750000 1193.600000 0.000000
2753.290000 1263.960000 0.000000
2759.060000 1334.400000 0.000000
2764.120000 1404.930000 0.000000
2768.510000 1475.540000 0.000000
2772.350000 1546.230000 0.000000
2775.740000 1617.010000 0.000000
2778.830000 1687.840000 0.000000
2781.810000 1758.730000 0.000000
2784.860000 1829.660000 0.000000
2788.240000 1900.590000 0.000000
2792.190000 1971.490000 0.000000
2797.000000 2042.320000 0.000000
2802.750000 2113.030000 0.000000
p
9
30
2800.000000 0.000000 0.000000
2798.290000 79.230800 0.000000
2796.580000 158.462000 0.000000
2794.870000 237.553000 0.000000
2794.400000 316.734000 0.000000
2794.480000 395.923000 0.000000
2795.390000 475.118000 0.000000
2797.140000 554.314000 0.000000
2799.720000 633.509000 0.000000
2803.080000 712.696000 0.000000
2807.130000 791.875000 0.000000
2811.780000 871.044000 0.000000
2816.900000 950.204000 0.000000
2822.350000 1029.360000 0.000000
2827.990000 1108.500000 0.000000
2833.640000 1187.650000 0.000000
2839.140000 1266.800000 0.000000
2844.300000 1345.960000 0.000000
2848.950000 1425.130000 0.000000
2852.920000 1504.320000 0.000000
2856.020000 1583.530000 0.000000
2858.170000 1662.750000 0.000000
2859.480000 1741.970000 0.000000
2859.790000 1821.210000 0.000000
2858.780000 1900.480000 0.000000
2856.380000 1979.770000 0.000000
2852.850000 2059.080000 0.000000
2848.600000 2138.370000 0.000000
2843.920000 2217.630000 0.000000
2838.860000 2296.860000 0.000000
2833.440000 2376.050000 0.000000
p
10
30
3000.000000 0.000000 0.000000
2993.040000 71.888600 0.000000
2986.070000 143.777000 0.000000
2980.230000 215.830000 0.000000
2974.600000 287.875000 0.000000
2969.400000 359.961000 0.000000
2964.580000 432.085000 0.000000
2960.080000 504.240000 0.000000
2955.850000 576.421000 0.000000
2951.820000 648.622000 0.000000
2947.960000 720.838000 0.000000
2944.190000 793.064000 0.000000
2940.460000 865.293000 0.000000
2936.720000 937.522000 0.000000
2932.910000 1009.740000 0.000000
2928.980000 1081.950000 0.000000
2924.860000 1154.140000 0.000000
2920.510000 1226.310000 0.000000
2915.860000 1298.450000 0.000000
2910.860000 1370.560000 0.000000
2905.450000 1442.630000 0.000000
2899.580000 1514.650000 0.000000
2893.240000 1586.630000 0.000000
2886.540000 1658.590000 0.000000
2879.380000 1730.500000 0.000000
2871.550000 1802.340000 0.000000
2862.910000 1874.080000 0.000000
2853.340000 1945.710000 0.000000
2842.910000 2017.230000 0.000000
2831.920000 2088.690000 0.000000
2820.800000 2160.160000 0.000000
p
11
30
3200.000000 0.000000 0.000000
3209.490000 79.398700 0.000000
3218.980000 158.797000 0.000000
3228.400000 238.199000 0.000000
3237.590000 317.623000 0.000000
3246.230000 397.103000 0.000000
3253.810000 476.686000 0.000000
3259.570000 556.418000 0.000000
3262.490000 636.308000 0.000000
3261.560000 716.267000 0.000000
3256.310000 796.114000 0.000000
3246.700000 875.645000 0.000000
3233.760000 954.829000 0.000000
3218.000000 1033.610000 0.000000
3200.340000 1112.060000 0.000000
3181.760000 1190.340000 0.000000
3163.300000 1268.640000 0.000000
3146.000000 1347.160000 0.000000
3130.820000 1426.040000 0.000000
3118.650000 1505.320000 0.000000
3110.480000 1585.010000 0.000000
3106.920000 1664.930000 0.000000
3108.340000 1744.840000 0.000000
3114.770000 1824.460000 0.000000
3125.930000 1903.540000 0.000000
3141.160000 1981.950000 0.000000
3159.500000 2059.710000 0.000000
3179.670000 2137.040000 0.000000
3200.190000 2214.290000 0.000000
3219.520000 2291.840000 0.000000
3237.260000 2369.900000 0.000000
p
12
30
3400.000000 0.000000 0.000000
3395.880000 77.973900 0.000000
3391.770000 155.948000 0.000000
3387.490000 233.926000 0.000000
3383.010000 311.903000 0.000000
3378.220000 389.880000 0.000000
3373.070000 467.860000 0.000000
3367.560000 545.856000 0.000000
3361.810000 623.895000 0.000000
3356.290000 702.043000 0.000000
3351.690000 780.341000 0.000000
3348.090000 858.758000 0.000000
3343.880000 937.128000 0.000000
3339.350000 1015.510000 0.000000
3334.370000 1093.870000 0.000000
3328.920000 1172.200000 0.000000
3323.040000 1250.490000 0.000000
3316.830000 1328.760000 0.000000
3310.470000 1407.030000 0.000000
3304.250000 1485.340000 0.000000
3297.730000 1563.660000 0.000000
3291.130000 1642.020000 0.000000
3284.530000 1720.420000 0.000000
3278.010000 1798.850000 0.000000
3271.720000 1877.320000 0.000000
3265.880000 1955.820000 0.000000
3260.780000 2034.340000 0.000000
3256.820000 2112.880000 0.000000
3254.560000 2191.420000 0.000000
3254.750000 2269.930000 0.000000
3257.610000 2348.260000 0.000000
p
13
30
3600.000000 0.000000 0.000000
3594.860000 83.132200 0.000000
3589.730000 166.264000 0.000000
3585.230000 249.426000 0.000000
3581.550000 332.623000 0.000000
3578.980000 415.855000 0.000000
3577.650000 499.104000 0.000000
3577.390000 582.338000 0.000000
3577.690000 665.529000 0.000000
3577.840000 748.657000 0.000000
3577.370000 831.743000 0.000000
3575.810000 914.792000 0.000000
3572.500000 997.808000 0.000000
3566.970000 1080.700000 0.000000
3558.820000 1163.380000 0.000000
3547.790000 1245.750000 0.000000
3533.740000 1327.700000 0.000000
3516.710000 1409.140000 0.000000
3496.910000 1490.000000 0.000000
3474.690000 1570.300000 0.000000
3450.590000 1650.120000 0.000000
3425.240000 1729.580000 0.000000
3399.410000 1808.900000 0.000000
3373.920000 1888.320000 0.000000
3349.660000 1968.060000 0.000000
3327.480000 2048.350000 0.000000
3308.200000 2129.300000 0.000000
3292.520000 2210.960000 0.000000
3280.750000 2293.200000 0.000000
3271.720000 2375.910000 0.000000
3263.090000 2458.740000 0.000000
p
14
30
3800.000000 0.000000 0.000000
3801.380000 73.205200 0.000000
3802.750000 146.410000 0.000000
3804.130000 219.616000 0.000000
3805.500000 292.821000 0.000000
3806.880000 366.026000 0.000000
3808.250000 439.231000 0.000000
3809.630000 512.437000 0.000000
3811.000000 585.642000 0.000000
3812.380000 658.847000 0.000000
3813.750000 732.052000 0.000000
3815.130000 805.258000 0.000000
3816.500000 878.463000 0.000000
3817.880000 951.668000 0.000000
3819.250000 1024.870000 0.000000
3820.630000 1098.080000 0.000000
3822.000000 1171.280000 0.000000
3823.380000 1244.490000 0.000000
3824.760000 1317.690000 0.000000
3826.130000 1390.900000 0.000000
3827.510000 1464.100000 0.000000
3828.880000 1537.310000 0.000000
3830.260000 1610.520000 0.000000
3831.630000 1683.720000 0.000000
3833.010000 1756.930000 0.000000
3834.380000 1830.130000 0.000000
3835.760000 1903.340000 0.000000
3837.130000 1976.540000 0.000000
3838.510000 2049.750000 0.000000
3839.880000 2122.950000 0.000000
3841.260000 2196.160000 0.000000
p
15
30
4000.000000 0.000000 0.000000
4000.460000 75.028000 0.000000
4000.920000 150.056000 0.000000
4001.380000 225.084000 0.000000
4001.830000 300.112000 0.000000
4002.290000 375.140000 0.000000
4002.750000 450.168000 0.000000
4003.210000 525.196000 0.000000
4003.670000 600.224000 0.000000
4004.130000 675.252000 0.000000
4004.590000 750.280000 0.000000
4005.040000 825.308000 0.000000
4005.500000 900.336000 0.000000
4005.960000 975.364000 0.000000
4006.420000 1050.390000 0.000000
4006.880000 1125.420000 0.000000
4007.340000 1200.450000 0.000000
4007.800000 1275.480000 0.000000
4008.260000 1350.500000 0.000000
4008.710000 1425.530000 0.000000
4009.170000 1500.560000 0.000000
4009.630000 1575.590000 0.000000
4010.090000 1650.620000 0.000000
4010.550000 1725.640000 0.000000
4011.010000 1800.670000 0.000000
4011.470000 1875.700000 0.000000
4011.920000 1950.730000 0.000000
4012.380000 2025.760000 0.000000
4012.840000 2100.790000 0.000000
4013.300000 2175.810000 0.000000
4013.760000 2250.840000 0.000000
p
16
30
4200.000000 0.000000 0.000000
4196.960000 79.492300 0.000000
4193.930000 158.985000 0.000000
4190.890000 238.477000 0.000000
4187.850000 317.969000 0.000000
4184.810000 397.462000 0.000000
4181.780000 476.954000 0.000000
4178.740000 556.446000 0.000000
4175.700000 635.938000 0.000000
4172.660000 715.431000 0.000000
4169.630000 794.923000 0.000000
4166.590000 874.415000 0.000000
4163.550000 953.908000 0.000000
4160.510000 1033.400000 0.000000
4157.480000 1112.890000 0.000000
4154.440000 1192.380000 0.000000
4151.400000 1271.880000 0.000000
4148.360000 1351.370000 0.000000
4145.330000 1430.860000 0.000000
4142.290000 1510.350000 0.000000
4139.250000 1589.850000 0.000000
4136.210000 1669.340000 0.000000
4133.180000 1748.830000 0.000000
4130.140000 1828.320000 0.000000
4127.100000 1907.820000 0.000000
4124.060000 1987.310000 0.000000
4121.030000 2066.800000 0.000000
4117.990000 2146.290000 0.000000
4114.950000 2225.780000 0.000000
4111.910000 2305.280000 0.000000
4108.880000 2384.770000 0.000000
p
17
30
4400.000000 0.000000 0.000000
4407.920000 73.699000 0.000000
4415.840000 147.398000 0.000000
4423.410000 221.135000 0.000000
4430.570000 294.916000 0.000000
4437.180000 368.750000 0.000000
4443.110000 442.645000 0.000000
4448.270000 516.604000 0.000000
4452.540000 590.624000 0.000000
4455.850000 664.701000 0.000000
4458.110000 738.825000 0.000000
4459.270000 812.983000 0.000000
4459.250000 887.160000 0.000000
4457.990000 961.336000 0.000000
4455.440000 1035.490000 0.000000
4451.540000 1109.600000 0.000000
4446.210000 1183.630000 0.000000
4439.460000 1257.560000 0.000000
4431.220000 1331.350000 0.000000
4421.940000 1405.030000 0.000000
4411.710000 1478.600000 0.000000
4400.710000 1552.060000 0.000000
4389.110000 1625.450000 0.000000
4377.100000 1698.770000 0.000000
4364.830000 1772.060000 0.000000
4352.460000 1845.330000 0.000000
4340.180000 1918.610000 0.000000
4328.130000 1991.930000 0.000000
4316.500000 2065.310000 0.000000
4305.450000 2138.780000 0.000000
4295.010000 2212.310000 0.000000
p
18
30
4600.000000 0.000000 0.000000
4595.290000 75.398600 0.000000
4590.590000 150.797000 0.000000
4585.870000 226.193000 0.000000
4581.110000 301.586000 0.000000
4576.310000 376.974000 0.000000
4571.410000 452.357000 0.000000
4566.410000 527.730000 0.000000
4561.260000 603.094000 0.000000
4555.930000 678.444000 0.000000
4550.400000 753.780000 0.000000
4544.640000 829.097000 0.000000
4538.620000 904.394000 0.000000
4532.320000 979.669000 0.000000
4525.720000 1054.920000 0.000000
4518.810000 1130.140000 0.000000
4511.580000 1205.340000 0.000000
4504.040000 1280.500000 0.000000
4496.210000 1355.640000 0.000000
4487.700000 1430.720000 0.000000
4478.410000 1505.700000 0.000000
4468.160000 1580.570000 0.000000
4456.780000 1655.280000 0.000000
4444.100000 1729.800000 0.000000
4429.990000 1804.060000 0.000000
4414.300000 1878.020000 0.000000
4396.940000 1951.620000 0.000000
4377.800000 2024.800000 0.000000
4356.830000 2097.490000 0.000000
4334.190000 2169.720000 0.000000
4310.830000 2241.720000 0.000000
p
19
30
4800.000000 0.000000 0.000000
4792.930000 72.551200 0.000000
4785.870000 145.102000 0.000000
4778.800000 217.654000 0.000000
4771.730000 290.205000 0.000000
4764.670000 362.756000 0.000000
4757.600000 435.307000 0.000000
4750.530000 507.858000 0.000000
4743.470000 580.409000 0.000000
4736.400000 652.961000 0.000000
4729.330000 725.512000 0.000000
4722.270000 798.063000 0.000000
4715.200000 870.614000 0.000000
4708.140000 943.165000 0.000000
4701.070000 1015.720000 0.000000
4694.000000 1088.270000 0.000000
4686.940000 1160.820000 0.000000
4679.870000 1233.370000 0.000000
4672.800000 1305.920000 0.000000
4665.740000 1378.470000 0.000000
4658.670000 1451.020000 0.000000
4651.600000 1523.570000 0.000000
4644.540000 1596.130000 0.000000
4637.470000 1668.680000 0.000000
4630.400000 1741.230000 0.000000
4623.340000 1813.780000 0.000000
4616.270000 1886.330000 0.000000
4609.200000 1958.880000 0.000000
4602.140000 2031.430000 0.000000
4595.070000 2103.980000 0.000000
4588.000000 2176.540000 0.000000
p
20
30
5000.000000 0.000000 0.000000
5000.440000 69.022800 0.000000
5000.870000 138.046000 0.000000
5001.100000 207.071000 0.000000
5001.290000 276.095000 0.000000
5001.400000 345.121000 0.000000
5001.430000 414.146000 0.000000
5001.390000 483.172000 0.000000
5001.290000 552.199000 0.000000
5001.150000 621.226000 0.000000
5000.960000 690.253000 0.000000
5000.750000 759.280000 0.000000
5000.500000 828.308000 0.000000
5000.250000 897.335000 0.000000
4999.980000 966.363000 0.000000
4999.720000 1035.390000 0.000000
4999.470000 1104.420000 0.000000
4999.240000 1173.450000 0.000000
4999.040000 1242.470000 0.000000
4998.880000 1311.500000 0.000000
4998.760000 1380.530000 0.000000
4998.690000 1449.550000 0.000000
4998.690000 1518.580000 0.000000
4998.760000 1587.600000 0.000000
4998.910000 1656.630000 0.000000
4999.150000 1725.650000 0.000000
4999.480000 1794.680000 0.000000
4999.920000 1863.700000 0.000000
5000.480000 1932.720000 0.000000
5001.160000 2001.740000 0.000000
5001.950000 2070.770000 0.000000
p
21
30
5200.000000 0.000000 0.000000
5194.280000 75.118800 0.000000
5188.560000 150.238000 0.000000
5182.850000 225.357000 0.000000
5177.130000 300.476000 0.000000
5171.420000 375.595000 0.000000
5165.690000 450.713000 0.000000
5159.960000 525.831000 0.000000
5154.210000 600.948000 0.000000
5148.440000 676.063000 0.000000
5142.660000 751.176000 0.000000
5136.840000 826.288000 0.000000
5131.000000 901.397000 0.000000
5125.120000 976.504000 0.000000
5119.210000 1051.610000 0.000000
5113.260000 1126.710000 0.000000
5107.260000 1201.810000 0.000000
5101.220000 1276.900000 0.000000
5095.120000 1351.990000 0.000000
5088.970000 1427.080000 0.000000
5082.760000 1502.160000 0.000000
5076.490000 1577.230000 0.000000
5070.150000 1652.310000 0.000000
5063.740000 1727.370000 0.000000
5057.250000 1802.430000 0.000000
5050.690000 1877.490000 0.000000
5044.050000 1952.540000 0.000000
5037.330000 2027.580000 0.000000
5030.530000 2102.610000 0.000000
5023.710000 2177.650000 0.000000
5016.900000 2252.690000 0.000000
p
22
30
5400.000000 0.000000 0.000000
5404.990000 76.724400 0.000000
5409.980000 153.449000 0.000000
5414.670000 230.183000 0.000000
5421.490000 306.805000 0.000000
5427.960000 383.460000 0.000000
5434.240000 460.167000 0.000000
5439.650000 536.988000 0.000000
5443.400000 613.966000 0.000000
5444.570000 691.096000 0.000000
5444.940000 768.315000 0.000000
5444.570000 845.596000 0.000000
5444.130000 922.906000 0.000000
5444.300000 1000.210000 0.000000
5445.790000 1077.470000 0.000000
5449.270000 1154.590000 0.000000
5455.340000 1231.480000 0.000000
5464.560000 1307.980000 0.000000
5477.350000 1383.920000 0.000000
5494.030000 1459.080000 0.000000
5514.720000 1533.260000 0.000000
5539.950000 1606.120000 0.000000
5569.680000 1677.380000 0.000000
5603.760000 1746.830000 0.000000
5641.840000 1814.340000 0.000000
5683.340000 1879.970000 0.000000
5727.460000 1943.970000 0.000000
5773.510000 2006.640000 0.000000
5821.700000 2067.780000 0.000000
5871.860000 2127.450000 0.000000
5922.730000 2186.550000 0.000000
p
23
30
5600.000000 0.000000 0.000000
5590.440000 73.083500 0.000000
5580.880000 146.167000 0.000000
5570.490000 219.124000 0.000000
5562.620000 292.455000 0.000000
5554.800000 365.804000 0.000000
5547.520000 439.254000 0.000000
5540.540000 512.782000 0.000000
5533.520000 586.357000 0.000000
5526.060000 659.939000 0.000000
5519.690000 733.668000 0.000000
5514.550000 807.529000 0.000000
5511.140000 881.517000 0.000000
5509.920000 955.595000 0.000000
5511.310000 1029.690000 0.000000
5515.650000 1103.680000 0.000000
5523.240000 1177.430000 0.000000
5534.320000 1250.750000 0.000000
5549.050000 1323.460000 0.000000
5567.570000 1395.330000 0.000000
5589.800000 1466.190000 0.000000
5614.870000 1536.140000 0.000000
5642.510000 1605.160000 0.000000
5672.230000 1673.370000 0.000000
5703.530000 1740.920000 0.000000
5736.060000 1807.980000 0.000000
5770.070000 1874.420000 0.000000
5805.690000 1940.080000 0.000000
5842.300000 2005.260000 0.000000
5878.980000 2070.410000 0.000000
5915.350000 2135.710000 0.000000
p
24
30
5800.000000 0.000000 0.000000
5803.690000 69.591100 0.000000
5807.390000 139.182000 0.000000
5816.080000 208.462000 0.000000
5829.570000 277.157000 0.000000
5844.090000 345.832000 0.000000
5859.610000 414.507000 0.000000
5874.780000 483.422000 0.000000
5888.350000 552.761000 0.000000
5898.960000 622.658000 0.000000
5906.550000 692.848000 0.000000
5909.650000 763.302000 0.000000
5906.400000 833.726000 0.000000
5900.040000 903.984000 0.000000
5890.060000 973.911000 0.000000
5876.930000 1043.400000 0.000000
5861.090000 1112.360000 0.000000
5843.000000 1180.750000 0.000000
5823.170000 1248.550000 0.000000
5802.230000 1315.870000 0.000000
5781.470000 1383.310000 0.000000
5764.260000 1451.740000 0.000000
5752.040000 1521.050000 0.000000
5744.760000 1590.780000 0.000000
5744.280000 1660.820000 0.000000
5750.510000 1730.690000 0.000000
5761.910000 1800.030000 0.000000
5774.880000 1869.160000 0.000000
5788.930000 1938.170000 0.000000
5804.110000 2007.030000 0.000000
5819.430000 2075.850000 0.000000
p
25
30
6000.000000 0.000000 0.000000
6005.220000 87.338000 0.000000
6010.430000 174.676000 0.000000
6007.790000 262.078000 0.000000
6014.910000 349.181000 0.000000
6029.350000 435.471000 0.000000
6053.620000 519.986000 0.000000
6087.150000 602.065000 0.000000
6126.830000 682.010000 0.000000
6167.090000 761.584000 0.000000
6196.740000 844.986000 0.000000
6209.000000 932.202000 0.000000
6198.720000 1019.990000 0.000000
6160.120000 1100.530000 0.000000
6092.640000 1162.410000 0.000000
6008.670000 1203.510000 0.000000
5926.520000 1248.330000 0.000000
5856.770000 1308.740000 0.000000
5809.580000 1385.550000 0.000000
5784.550000 1470.670000 0.000000
5786.090000 1558.780000 0.000000
5820.890000 1640.250000 0.000000
5880.460000 1707.310000 0.000000
5950.460000 1764.880000 0.000000
6016.900000 1826.450000 0.000000
6069.100000 1899.470000 0.000000
6117.230000 1975.810000 0.000000
6166.520000 2051.760000 0.000000
6216.200000 2127.620000 0.000000
6265.880000 2203.480000 0.000000
6315.550000 2279.340000 0.000000
p
26
30
6200.000000 0.000000 0.000000
6192.280000 63.667600 0.000000
6184.560000 127.335000 0.000000
6185.260000 192.555000 0.000000
6189.310000 257.528000 0.000000
6194.010000 322.452000 0.000000
6199.480000 387.392000 0.000000
6205.050000 452.386000 0.000000
6210.440000 517.473000 0.000000
6215.630000 582.670000 0.000000
6220.270000 647.994000 0.000000
6224.600000 713.440000 0.000000
6229.460000 778.994000 0.000000
6232.880000 844.595000 0.000000
6233.870000 910.381000 0.000000
6237.440000 977.027000 0.000000
6234.490000 1043.190000 0.000000
6228.480000 1109.270000 0.000000
6219.010000 1174.890000 0.000000
6207.650000 1240.130000 0.000000
6194.980000 1305.120000 0.000000
6181.350000 1370.060000 0.000000
6166.880000 1435.120000 0.000000
6151.570000 1500.340000 0.000000
6135.480000 1565.640000 0.000000
6119.190000 1630.990000 0.000000
6104.740000 1696.650000 0.000000
6096.220000 1763.280000 0.000000
6098.050000 1830.230000 0.000000
6113.400000 1894.800000 0.000000
6137.080000 1956.690000 0.000000
p
27
30
6400.000000 0.000000 0.000000
6390.450000 75.981000 0.000000
6380.890000 151.962000 0.000000
6374.050000 228.237000 0.000000
6371.480000 304.898000 0.000000
6372.170000 381.700000 0.000000
6377.240000 458.508000 0.000000
6387.130000 535.030000 0.000000
6402.120000 610.898000 0.000000
6422.250000 685.720000 0.000000
6444.530000 759.966000 0.000000
6468.000000 833.794000 0.000000
6491.850000 907.349000 0.000000
6509.940000 982.345000 0.000000
6518.700000 1058.690000 0.000000
6518.190000 1135.250000 0.000000
6505.560000 1210.800000 0.000000
6480.980000 1283.470000 0.000000
6445.880000 1351.950000 0.000000
6402.540000 1415.880000 0.000000
6353.030000 1475.460000 0.000000
6300.120000 1532.210000 0.000000
6247.240000 1588.910000 0.000000
6197.880000 1648.330000 0.000000
6155.260000 1712.300000 0.000000
6121.630000 1780.960000 0.000000
6100.420000 1854.240000 0.000000
6100.950000 1931.160000 0.000000
6106.200000 2008.200000 0.000000
6110.470000 2085.170000 0.000000
6114.500000 2162.120000 0.000000
p
28
30
6600.000000 0.000000 0.000000
6604.450000 71.759500 0.000000
6608.910000 143.519000 0.000000
6618.450000 214.863000 0.000000
6625.130000 286.572000 0.000000
6628.080000 358.600000 0.000000
6624.410000 430.713000 0.000000
6611.990000 502.070000 0.000000
6593.440000 572.404000 0.000000
6569.240000 641.381000 0.000000
6541.360000 709.272000 0.000000
6512.150000 776.789000 0.000000
6483.860000 844.718000 0.000000
6457.630000 913.300000 0.000000
6434.790000 982.776000 0.000000
6416.640000 1053.230000 0.000000
6404.130000 1124.460000 0.000000
6397.800000 1196.320000 0.000000
6397.360000 1268.220000 0.000000
6401.820000 1339.810000 0.000000
6409.700000 1410.990000 0.000000
6419.990000 1481.820000 0.000000
6432.230000 1552.330000 0.000000
6445.640000 1622.620000 0.000000
6459.250000 1692.860000 0.000000
6472.200000 1763.220000 0.000000
6483.780000 1833.790000 0.000000
6493.510000 1904.620000 0.000000
6501.230000 1975.670000 0.000000
6507.640000 2046.840000 0.000000
6514.910000 2118.260000 0.000000
p
29
30
6800.000000 0.000000 0.000000
6794.610000 67.765800 0.000000
6789.220000 135.532000 0.000000
6782.990000 203.342000 0.000000
6775.600000 271.013000 0.000000
6767.080000 338.590000 0.000000
6757.810000 406.131000 0.000000
6748.950000 473.840000 0.000000
6740.180000 541.605000 0.000000
6731.670000 609.498000 0.000000
6723.440000 677.538000 0.000000
6715.440000 745.736000 0.000000
6707.590000 814.099000 0.000000
6699.770000 882.629000 0.000000
6691.910000 951.330000 0.000000
6683.920000 1020.210000 0.000000
6675.830000 1089.290000 0.000000
6667.320000 1158.270000 0.000000
6658.570000 1227.240000 0.000000
6649.630000 1296.190000 0.000000
6640.580000 1365.080000 0.000000
6631.500000 1433.910000 0.000000
6622.490000 1502.670000 0.000000
6613.670000 1571.360000 0.000000
6605.120000 1639.990000 0.000000
6596.910000 1708.550000 0.000000
6588.980000 1777.040000 0.000000
6581.080000 1845.440000 0.000000
6572.590000 1913.670000 0.000000
6562.800000 1981.540000 0.000000
6552.400000 2048.970000 0.000000
p
30
30
7000.000000 0.000000 0.000000
7011.740000 71.330700 0.000000
7023.490000 142.661000 0.000000
7020.520000 216.652000 0.000000
7013.380000 290.183000 0.000000
7001.710000 363.246000 0.000000
6987.300000 435.697000 0.000000
6970.940000 507.641000 0.000000
6956.240000 579.874000 0.000000
6942.770000 652.513000 0.000000
6930.840000 725.630000 0.000000
6920.670000 799.158000 0.000000
6912.800000 872.961000 0.000000
6908.480000 946.866000 0.000000
6910.060000 1020.520000 0.000000
6919.100000 1093.300000 0.000000
6930.350000 1165.670000 0.000000
6939.800000 1238.290000 0.000000
6949.330000 1311.270000 0.000000
6955.110000 1385.110000 0.000000
6952.680000 1459.290000 0.000000
6939.000000 1532.190000 0.000000
6912.640000 1601.470000 0.000000
6873.620000 1664.680000 0.000000
6827.270000 1723.060000 0.000000
6775.490000 1777.230000 0.000000
6721.140000 1829.280000 0.000000
6666.950000 1881.680000 0.000000
6615.620000 1936.840000 0.000000
6569.520000 1996.600000 0.000000
6528.900000 2060.360000 0.000000
p
31
30
7200.000000 0.000000 0.000000
7190.190000 84.737400 0.000000
7180.390000 169.475000 0.000000
7173.440000 254.290000 0.000000
7161.710000 338.641000 0.000000
7143.390000 421.884000 0.000000
7116.370000 502.985000 0.000000
7080.700000 581.067000 0.000000
7043.160000 658.582000 0.000000
7007.140000 736.830000 0.000000
6976.960000 817.341000 0.000000
6956.030000 900.610000 0.000000
6945.900000 985.969000 0.000000
6946.480000 1072.270000 0.000000
6958.990000 1157.980000 0.000000
6984.450000 1241.320000 0.000000
7022.310000 1320.240000 0.000000
7060.790000 1398.750000 0.000000
7094.410000 1479.130000 0.000000
7115.490000 1563.100000 0.000000
7116.960000 1649.120000 0.000000
7094.210000 1731.820000 0.000000
7047.140000 1803.790000 0.000000
6980.450000 1859.190000 0.000000
6902.160000 1898.530000 0.000000
6818.400000 1926.760000 0.000000
6733.740000 1953.240000 0.000000
6652.750000 1989.130000 0.000000
6581.260000 2040.850000 0.000000
6516.120000 2100.910000 0.000000
6452.490000 2162.820000 0.000000
p
32
30
7400.000000 0.000000 0.000000
7402.780000 73.477100 0.000000
7405.560000 146.954000 0.000000
7408.340000 220.431000 0.000000
7411.120000 293.909000 0.000000
7413.900000 367.386000 0.000000
7416.680000 440.863000 0.000000
7419.460000 514.340000 0.000000
7422.240000 587.817000 0.000000
7425.030000 661.294000 0.000000
7427.810000 734.771000 0.000000
7430.590000 808.249000 0.000000
7433.370000 881.726000 0.000000
7436.150000 955.203000 0.000000
7438.930000 1028.680000 0.000000
7441.710000 1102.160000 0.000000
7444.490000 1175.630000 0.000000
7447.270000 1249.110000 0.000000
7450.050000 1322.590000 0.000000
7452.830000 1396.070000 0.000000
7455.610000 1469.540000 0.000000
7458.390000 1543.020000 0.000000
7461.170000 1616.500000 0.000000
7463.950000 1689.970000 0.000000
7466.730000 1763.450000 0.000000
7469.510000 1836.930000 0.000000
7472.300000 1910.410000 0.000000
7475.080000 1983.880000 0.000000
7477.860000 2057.360000 0.000000
7480.640000 2130.840000 0.000000
7483.420000 2204.310000 0.000000
p
33
30
7600.000000 0.000000 0.000000
7598.230000 74.043600 0.000000
7596.470000 148.087000 0.000000
7594.700000 222.131000 0.000000
7592.940000 296.174000 0.000000
7591.170000 370.218000 0.000000
7589.400000 444.262000 0.000000
7587.640000 518.305000 0.000000
7585.870000 592.349000 0.000000
7584.110000 666.392000 0.000000
7582.340000 740.436000 0.000000
7580.570000 814.480000 0.000000
7578.810000 888.523000 0.000000
7577.040000 962.567000 0.000000
7575.280000 1036.610000 0.000000
7573.510000 1110.650000 0.000000
7571.740000 1184.700000 0.000000
7569.980000 1258.740000 0.000000
7568.210000 1332.780000 0.000000
7566.450000 1406.830000 0.000000
7564.680000 1480.870000 0.000000
7562.910000 1554.920000 0.000000
7561.150000 1628.960000 0.000000
7559.380000 1703.000000 0.000000
7557.620000 1777.050000 0.000000
7555.850000 1851.090000 0.000000
7554.080000 1925.130000 0.000000
7552.320000 1999.180000 0.000000
7550.550000 2073.220000 0.000000
7548.790000 2147.260000 0.000000
7547.020000 2221.310000 0.000000
p
34
30
7800.000000 0.000000 0.000000
7797.770000 75.169300 0.000000
7795.540000 150.339000 0.000000
7793.310000 225.508000 0.000000
7791.090000 300.677000 0.000000
7788.860000 375.847000 0.000000
7786.630000 451.016000 0.000000
7784.400000 526.185000 0.000000
7782.170000 601.355000 0.000000
7779.940000 676.524000 0.000000
7777.710000 751.693000 0.000000
7775.490000 826.863000 0.000000
7773.260000 902.032000 0.000000
7771.030000 977.201000 0.000000
7768.800000 1052.370000 0.000000
7766.570000 1127.540000 0.000000
7764.340000 1202.710000 0.000000
7762.110000 1277.880000 0.000000
7759.880000 1353.050000 0.000000
7757.660000 1428.220000 0.000000
7755.430000 1503.390000 0.000000
7753.200000 1578.560000 0.000000
7750.970000 1653.730000 0.000000
7748.740000 1728.890000 0.000000
7746.510000 1804.060000 0.000000
7744.280000 1879.230000 0.000000
7742.060000 1954.400000 0.000000
7739.830000 2029.570000 0.000000
7737.600000 2104.740000 0.000000
7735.370000 2179.910000 0.000000
7733.140000 2255.080000 0.000000
p
35
30
8000.000000 0.000000 0.000000
7999.920000 78.817300 0.000000
7999.840000 157.635000 0.000000
7999.740000 236.322000 0.000000
7999.910000 314.867000 0.000000
8001.240000 393.361000 0.000000
8003.660000 471.917000 0.000000
8007.480000 550.444000 0.000000
8012.800000 628.924000 0.000000
8019.660000 707.342000 0.000000
8027.990000 785.685000 0.000000
8037.630000 863.948000 0.000000
8048.340000 942.133000 0.000000
8059.810000 1020.260000 0.000000
8071.670000 1098.340000 0.000000
8083.500000 1176.420000 0.000000
8094.830000 1254.520000 0.000000
8105.190000 1332.690000 0.000000
8114.100000 1410.950000 0.000000
8121.120000 1489.320000 0.000000
8126.200000 1567.840000 0.000000
8130.500000 1646.430000 0.000000
8134.380000 1725.070000 0.000000
8137.860000 1803.780000 0.000000
8141.270000 1882.560000 0.000000
8144.670000 1961.330000 0.000000
8148.070000 2040.100000 0.000000
8151.480000 2118.870000 0.000000
8154.880000 2197.650000 0.000000
8158.290000 2276.420000 0.000000
8161.690000 2355.190000 0.000000
p
36
30
8200.000000 0.000000 0.000000
8203.090000 68.096200 0.000000
8206.180000 136.192000 0.000000
8210.270000 204.395000 0.000000
8212.040000 272.940000 0.000000
8211.110000 341.735000 0.000000
8211.310000 410.490000 0.000000
8211.920000 479.306000 0.000000
8212.980000 548.136000 0.000000
8213.720000 616.974000 0.000000
8215.630000 685.830000 0.000000
8218.100000 754.754000 0.000000
8220.950000 823.785000 0.000000
8223.890000 892.952000 0.000000
8226.530000 962.261000 0.000000
8228.280000 1031.680000 0.000000
8228.320000 1101.120000 0.000000
8225.450000 1170.410000 0.000000
8217.930000 1239.190000 0.000000
8206.150000 1307.340000 0.000000
8198.840000 1375.520000 0.000000
8197.300000 1443.720000 0.000000
8198.240000 1511.870000 0.000000
8200.700000 1579.970000 0.000000
8203.930000 1648.030000 0.000000
8207.090000 1716.070000 0.000000
8209.580000 1784.140000 0.000000
8211.780000 1852.220000 0.000000
8213.810000 1920.310000 0.000000
8215.480000 1988.430000 0.000000
8216.710000 2056.600000 0.000000
p
37
30
8400.000000 0.000000 0.000000
8411.430000 89.279700 0.000000
8422.860000 178.559000 0.000000
8439.620000 267.078000 0.000000
8462.050000 354.539000 0.000000
8490.220000 440.555000 0.000000
8521.110000 525.782000 0.000000
8552.530000 610.815000 0.000000
8580.270000 696.931000 0.000000
8597.960000 785.457000 0.000000
8596.400000 875.902000 0.000000
8569.510000 963.165000 0.000000
8510.460000 1035.260000 0.000000
8438.530000 1097.470000 0.000000
8360.690000 1154.220000 0.000000
8287.260000 1216.320000 0.000000
8228.080000 1290.490000 0.000000
8185.720000 1374.050000 0.000000
8160.460000 1462.890000 0.000000
8150.390000 1553.460000 0.000000
8152.320000 1643.770000 0.000000
8164.970000 1732.900000 0.000000
8187.490000 1820.080000 0.000000
8216.810000 1905.450000 0.000000
8249.470000 1989.920000 0.000000
8280.480000 2075.150000 0.000000
8303.530000 2162.710000 0.000000
8322.270000 2251.730000 0.000000
8340.280000 2341.010000 0.000000
8358.490000 2430.260000 0.000000
8376.990000 2519.490000 0.000000
p
38
30
8600.000000 0.000000 0.000000
8600.480000 72.194400 0.000000
8600.970000 144.389000 0.000000
8606.060000 216.588000 0.000000
8613.970000 288.572000 0.000000
8624.300000 360.382000 0.000000
8634.490000 432.402000 0.000000
8643.770000 504.713000 0.000000
8650.970000 577.420000 0.000000
8651.160000 650.956000 0.000000
8648.890000 724.489000 0.000000
8635.050000 797.529000 0.000000
8625.490000 873.052000 0.000000
8612.180000 947.768000 0.000000
8597.730000 1022.400000 0.000000
8582.660000 1096.610000 0.000000
8567.100000 1170.150000 0.000000
8551.130000 1243.000000 0.000000
8534.760000 1315.360000 0.000000
8517.870000 1387.530000 0.000000
8500.310000 1459.800000 0.000000
8481.880000 1532.320000 0.000000
8462.430000 1605.080000 0.000000
8441.930000 1677.920000 0.000000
8420.530000 1750.590000 0.000000
8398.660000 1822.900000 0.000000
8377.170000 1894.830000 0.000000
8357.460000 1966.670000 0.000000
8341.820000 2038.910000 0.000000
8333.420000 2111.910000 0.000000
8333.050000 2185.130000 0.000000
p
39
30
8800.000000 0.000000 0.000000
8793.110000 97.562500 0.000000
8786.220000 195.125000 0.000000
8784.010000 293.009000 0.000000
8786.750000 391.005000 0.000000
8796.400000 488.801000 0.000000
8812.060000 586.069000 0.000000
8835.160000 682.166000 0.000000
8867.560000 775.953000 0.000000
8911.320000 865.610000 0.000000
8953.610000 955.627000 0.000000
8984.820000 1049.450000 0.000000
8995.450000 1146.560000 0.000000
8984.130000 1243.800000 0.000000
8949.430000 1335.830000 0.000000
8894.670000 1418.710000 0.000000
8825.490000 1491.560000 0.000000
8748.170000 1556.950000 0.000000
8668.550000 1619.730000 0.000000
8591.830000 1685.170000 0.000000
8522.640000 1757.140000 0.000000
8464.630000 1837.100000 0.000000
8419.650000 1924.160000 0.000000
8386.930000 2016.090000 0.000000
8364.170000 2110.880000 0.000000
8350.560000 2207.720000 0.000000
8340.400000 2305.470000 0.000000
8330.720000 2403.420000 0.000000
8320.440000 2501.280000 0.000000
8309.980000 2599.110000 0.000000
8299.530000 2696.940000 0.000000
p
40
30
9000.000000 0.000000 0.000000
9003.210000 72.695000 0.000000
9006.430000 145.390000 0.000000
9009.640000 218.085000 0.000000
9012.860000 290.780000 0.000000
9016.070000 363.475000 0.000000
9019.290000 436.170000 0.000000
9022.500000 508.865000 0.000000
9025.710000 581.560000 0.000000
9028.930000 654.255000 0.000000
9032.140000 726.950000 0.000000
9035.360000 799.645000 0.000000
9038.570000 872.340000 0.000000
9041.780000 945.035000 0.000000
9045.000000 1017.730000 0.000000
9048.210000 1090.420000 0.000000
9051.430000 1163.120000 0.000000
9054.640000 1235.810000 0.000000
9057.860000 1308.510000 0.000000
9061.070000 1381.200000 0.000000
9064.280000 1453.900000 0.000000
9067.500000 1526.590000 0.000000
9070.710000 1599.290000 0.000000
9073.930000 1671.980000 0.000000
9077.140000 1744.680000 0.000000
9080.360000 1817.370000 0.000000
9083.570000 1890.070000 0.000000
9086.780000 1962.760000 0.000000
9090.000000 2035.460000 0.000000
9093.210000 2108.150000 0.000000
9096.430000 2180.850000 0.000000
p
41
30
9200.000000 0.000000 0.000000
9203.240000 70.946600 0.000000
9206.490000 141.893000 0.000000
9209.730000 212.840000 0.000000
9212.970000 283.786000 0.000000
9216.220000 354.733000 0.000000
9219.460000 425.680000 0.000000
9222.710000 496.626000 0.000000
9225.950000 567.573000 0.000000
9229.190000 638.520000 0.000000
9232.440000 709.466000 0.000000
9235.680000 780.413000 0.000000
9238.920000 851.359000 0.000000
9242.170000 922.306000 0.000000
9245.410000 993.253000 0.000000
9248.650000 1064.200000 0.000000
9251.900000 1135.150000 0.000000
9255.140000 1206.090000 0.000000
9258.390000 1277.040000 0.000000
9261.630000 1347.990000 0.000000
9264.870000 1418.930000 0.000000
9268.120000 1489.880000 0.000000
9271.360000 1560.830000 0.000000
9274.600000 1631.770000 0.000000
9277.850000 1702.720000 0.000000
9281.090000 1773.670000 0.000000
9284.330000 1844.610000 0.000000
9287.580000 1915.560000 0.000000
9290.820000 1986.510000 0.000000
9294.070000 2057.450000 0.000000
9297.310000 2128.400000 0.000000
p
42
30
9400.000000 0.000000 0.000000
9409.600000 72.193700 0.000000
9419.190000 144.387000 0.000000
9427.870000 216.710000 0.000000
9435.520000 289.160000 0.000000
9441.870000 361.752000 0.000000
9446.740000 434.480000 0.000000
9450.010000 507.321000 0.000000
9451.630000 580.245000 0.000000
9451.580000 653.214000 0.000000
9450.330000 726.190000 0.000000
9447.950000 799.160000 0.000000
9444.590000 872.113000 0.000000
9440.380000 945.042000 0.000000
9435.460000 1017.950000 0.000000
9429.900000 1090.820000 0.000000
9423.800000 1163.670000 0.000000
9417.210000 1236.490000 0.000000
9410.180000 1309.280000 0.000000
9402.740000 1382.050000 0.000000
9394.920000 1454.790000 0.000000
9386.710000 1527.500000 0.000000
9378.130000 1600.180000 0.000000
9369.170000 1672.840000 0.000000
9359.800000 1745.450000 0.000000
9350.000000 1818.020000 0.000000
9339.740000 1890.550000 0.000000
9328.980000 1963.030000 0.000000
9317.670000 2035.440000 0.000000
9305.770000 2107.780000 0.000000
9293.330000 2180.040000 0.000000
p
43
30
9600.000000 0.000000 0.000000
9602.550000 78.969900 0.000000
9605.100000 157.940000 0.000000
9607.400000 236.916000 0.000000
9609.320000 315.902000 0.000000
9610.660000 394.901000 0.000000
9611.190000 473.911000 0.000000
9610.650000 552.926000 0.000000
9608.790000 631.929000 0.000000
9605.360000 710.890000 0.000000
9600.640000 789.802000 0.000000
9594.520000 868.638000 0.000000
9587.030000 947.379000 0.000000
9578.220000 1026.010000 0.000000
9568.110000 1104.510000 0.000000
9556.750000 1182.870000 0.000000
9544.210000 1261.080000 0.000000
9530.530000 1339.130000 0.000000
9515.770000 1417.020000 0.000000
9500.010000 1494.750000 0.000000
9483.310000 1572.320000 0.000000
9465.750000 1649.720000 0.000000
9447.390000 1726.970000 0.000000
9428.340000 1804.080000 0.000000
9408.660000 1881.060000 0.000000
9388.440000 1957.930000 0.000000
9367.770000 2034.690000 0.000000
9346.750000 2111.370000 0.000000
9325.470000 2188.000000 0.000000
9304.080000 2264.600000 0.000000
9282.680000 2341.210000 0.000000
p
44
30
9800.000000 0.000000 0.000000
9800.370000 70.722900 0.000000
9800.750000 141.446000 0.000000
9801.120000 212.169000 0.000000
9801.500000 282.892000 0.000000
9801.870000 353.614000 0.000000
9802.250000 424.337000 0.000000
9802.620000 495.060000 0.000000
9803.000000 565.783000 0.000000
9803.370000 636.506000 0.000000
9803.740000 707.229000 0.000000
9804.120000 777.952000 0.000000
9804.490000 848.675000 0.000000
9804.870000 919.398000 0.000000
9805.240000 990.120000 0.000000
9805.620000 1060.840000 0.000000
9805.990000 1131.570000 0.000000
9806.360000 1202.290000 0.000000
9806.740000 1273.010000 0.000000
9807.110000 1343.730000 0.000000
9807.490000 1414.460000 0.000000
9807.860000 1485.180000 0.000000
9808.240000 1555.900000 0.000000
9808.610000 1626.630000 0.000000
9808.990000 1697.350000 0.000000
9809.360000 1768.070000 0.000000
9809.730000 1838.800000 0.000000
9810.110000 1909.520000 0.000000
9810.480000 1980.240000 0.000000
9810.860000 2050.960000 0.000000
9811.230000 2121.690000 0.000000
p
45
30
10000.000000 0.000000 0.000000
10001.100000 75.033100 0.000000
10002.200000 150.066000 0.000000
10003.300000 225.099000 0.000000
10004.500000 300.133000 0.000000
10005.600000 375.166000 0.000000
10006.700000 450.199000 0.000000
10007.800000 525.232000 0.000000
10008.900000 600.265000 0.000000
10010.000000 675.298000 0.000000
10011.100000 750.331000 0.000000
10012.300000 825.364000 0.000000
10013.400000 900.398000 0.000000
10014.500000 975.431000 0.000000
10015.600000 1050.460000 0.000000
10016.700000 1125.500000 0.000000
10017.800000 1200.530000 0.000000
10019.000000 1275.560000 0.000000
10020.100000 1350.600000 0.000000
10021.200000 1425.630000 0.000000
10022.300000 1500.660000 0.000000
10023.400000 1575.700000 0.000000
10024.500000 1650.730000 0.000000
10025.600000 1725.760000 0.000000
10026.800000 1800.800000 0.000000
10027.900000 1875.830000 0.000000
10029.000000 1950.860000 0.000000
10030.100000 2025.890000 0.000000
10031.200000 2100.930000 0.000000
10032.300000 2175.960000 0.000000
10033.400000 2250.990000 0.000000
p
46
30
10200.000000 0.000000 0.000000
10196.900000 83.983200 0.000000
10193.700000 167.966000 0.000000
10190.600000 251.949000 0.000000
10187.500000 335.933000 0.000000
10184.300000 419.916000 0.000000
10181.200000 503.899000 0.000000
10178.100000 587.882000 0.000000
10174.900000 671.865000 0.000000
10171.800000 755.848000 0.000000
10168.700000 839.832000 0.000000
10165.500000 923.815000 0.000000
10162.400000 1007.800000 0.000000
10159.200000 1091.780000 0.000000
10156.100000 1175.760000 0.000000
10153.000000 1259.750000 0.000000
10149.800000 1343.730000 0.000000
10146.700000 1427.710000 0.000000
10143.600000 1511.700000 0.000000
10140.400000 1595.680000 0.000000
10137.300000 1679.660000 0.000000
10134.200000 1763.650000 0.000000
10131.000000 1847.630000 0.000000
10127.900000 1931.610000 0.000000
10124.800000 2015.600000 0.000000
10121.600000 2099.580000 0.000000
10118.500000 2183.560000 0.000000
10115.400000 2267.550000 0.000000
10112.200000 2351.530000 0.000000
10109.100000 2435.510000 0.000000
10106.000000 2519.490000 0.000000
p
47
30
10400.000000 0.000000 0.000000
10395.600000 78.274900 0.000000
10391.200000 156.550000 0.000000
10386.900000 234.825000 0.000000
10382.500000 313.100000 0.000000
10378.100000 391.375000 0.000000
10373.700000 469.650000 0.000000
10369.300000 547.925000 0.000000
10364.900000 626.199000 0.000000
10360.600000 704.474000 0.000000
10356.200000 782.749000 0.000000
10351.800000 861.024000 0.000000
10347.400000 939.299000 0.000000
10343.000000 1017.570000 0.000000
10338.600000 1095.850000 0.000000
10334.300000 1174.120000 0.000000
10329.900000 1252.400000 0.000000
10325.500000 1330.670000 0.000000
10321.100000 1408.950000 0.000000
10316.700000 1487.220000 0.000000
10312.400000 1565.500000 0.000000
10308.000000 1643.770000 0.000000
10303.600000 1722.050000 0.000000
10299.200000 1800.320000 0.000000
10294.800000 1878.600000 0.000000
10290.400000 1956.870000 0.000000
10286.100000 2035.150000 0.000000
10281.700000 2113.420000 0.000000
10277.300000 2191.700000 0.000000
10272.900000 2269.970000 0.000000
10268.500000 2348.250000 0.000000
p
48
30
10600.000000 0.000000 0.000000
10609.600000 79.056800 0.000000
10619.300000 158.114000 0.000000
10627.800000 237.105000 0.000000
10636.300000 316.205000 0.000000
10644.500000 395.334000 0.000000
10652.600000 474.474000 0.000000
10660.800000 553.608000 0.000000
10669.100000 632.721000 0.000000
10677.800000 711.795000 0.000000
10686.900000 790.813000 0.000000
10696.600000 869.758000 0.000000
10707.100000 948.615000 0.000000
10718.400000 1027.370000 0.000000
10730.800000 1105.990000 0.000000
10744.200000 1184.480000 0.000000
10759.000000 1262.810000 0.000000
10775.100000 1340.970000 0.000000
10792.800000 1419.000000 0.000000
10811.400000 1496.930000 0.000000
10830.600000 1574.810000 0.000000
10850.000000 1652.680000 0.000000
10869.400000 1730.540000 0.000000
10888.800000 1808.400000 0.000000
10908.200000 1886.270000 0.000000
10927.600000 1964.130000 0.000000
10947.000000 2042.000000 0.000000
10966.400000 2119.860000 0.000000
10985.800000 2197.730000 0.000000
11005.200000 2275.600000 0.000000
11024.700000 2353.460000 0.000000
p
49
30
10800.000000 0.000000 0.000000
10803.300000 65.941700 0.000000
10806.700000 131.883000 0.000000
10806.800000 198.444000 0.000000
10805.600000 264.857000 0.000000
10804.300000 331.225000 0.000000
10802.900000 397.598000 0.000000
10801.800000 463.989000 0.000000
10801.200000 530.409000 0.000000
10801.000000 596.868000 0.000000
10801.300000 663.367000 0.000000
10802.000000 729.898000 0.000000
10802.700000 796.449000 0.000000
10803.300000 863.003000 0.000000
10803.500000 929.540000 0.000000
10803.000000 996.045000 0.000000
10802.200000 1062.550000 0.000000
10802.900000 1129.040000 0.000000
10805.800000 1195.440000 0.000000
10810.500000 1261.740000 0.000000
10816.800000 1327.910000 0.000000
10824.700000 1393.950000 0.000000
10833.700000 1459.850000 0.000000
10843.300000 1525.700000 0.000000
10853.000000 1591.540000 0.000000
10862.800000 1657.370000 0.000000
10872.600000 1723.190000 0.000000
10882.400000 1789.020000 0.000000
10892.300000 1854.840000 0.000000
10902.100000 1920.660000 0.000000
10911.900000 1986.480000 0.000000
p
50
30
11000.000000 0.000000 0.000000
11004.800000 85.014200 0.000000
11009.600000 170.028000 0.000000
11024.400000 254.285000 0.000000
11038.100000 338.608000 0.000000
11047.800000 423.454000 0.000000
11049.800000 508.691000 0.000000
11039.700000 593.410000 0.000000
11014.600000 675.455000 0.000000
10972.200000 751.063000 0.000000
10927.600000 825.919000 0.000000
10884.600000 901.673000 0.000000
10849.500000 980.885000 0.000000
10827.400000 1063.920000 0.000000
10818.300000 1148.950000 0.000000
10823.200000 1234.130000 0.000000
10841.700000 1317.500000 0.000000
10871.500000 1397.760000 0.000000
10909.800000 1474.600000 0.000000
10954.000000 1548.450000 0.000000
11001.900000 1620.340000 0.000000
11050.800000 1691.690000 0.000000
11098.200000 1764.050000 0.000000
11141.400000 1838.780000 0.000000
11177.700000 1916.740000 0.000000
11206.500000 1997.520000 0.000000
11233.200000 2079.290000 0.000000
11259.800000 2161.240000 0.000000
11286.600000 2243.130000 0.000000
11313.500000 2325.000000 0.000000
11340.300000 2406.860000 0.000000
p
51
30
11200.000000 0.000000 0.000000
11205.400000 64.893000 0.000000
11210.800000 129.786000 0.000000
11216.400000 194.680000 0.000000
11221.400000 259.612000 0.000000
11225.800000 324.633000 0.000000
11229.400000 389.751000 0.000000
11231.600000 455.013000 0.000000
11234.300000 520.370000 0.000000
11233.500000 586.284000 0.000000
11235.300000 652.236000 0.000000
11232.400000 718.801000 0.000000
11231.300000 785.496000 0.000000
11230.300000 852.522000 0.000000
11229.600000 919.751000 0.000000
11228.700000 987.030000 0.000000
11228.000000 1054.230000 0.000000
11227.200000 1121.250000 0.000000
11226.200000 1188.080000 0.000000
11224.900000 1254.760000 0.000000
11223.400000 1321.360000 0.000000
11221.800000 1388.010000 0.000000
11220.100000 1454.830000 0.000000
11218.600000 1521.880000 0.000000
11217.500000 1589.200000 0.000000
11217.300000 1656.720000 0.000000
11218.100000 1724.340000 0.000000
11220.500000 1791.890000 0.000000
11224.600000 1859.170000 0.000000
11230.300000 1926.060000 0.000000
11236.700000 1992.480000 0.000000
p
52
30
11400.000000 0.000000 0.000000
11395.000000 75.904200 0.000000
11389.900000 151.808000 0.000000
11387.600000 227.905000 0.000000
11379.900000 303.804000 0.000000
11372.900000 379.829000 0.000000
11366.100000 455.951000 0.000000
11360.800000 532.203000 0.000000
11358.900000 608.596000 0.000000
11362.700000 684.922000 0.000000
11378.600000 760.037000 0.000000
11405.300000 832.443000 0.000000
11435.600000 903.984000 0.000000
11467.700000 975.201000 0.000000
11498.500000 1047.130000 0.000000
11524.700000 1120.650000 0.000000
11543.300000 1195.990000 0.000000
11552.100000 1272.600000 0.000000
11549.900000 1349.090000 0.000000
11538.500000 1424.370000 0.000000
11518.800000 1497.760000 0.000000
11489.900000 1568.140000 0.000000
11450.200000 1633.600000 0.000000
11403.800000 1694.820000 0.000000
11356.100000 1755.210000 0.000000
11313.500000 1818.940000 0.000000
11282.300000 1888.910000 0.000000
11266.500000 1964.090000 0.000000
11257.700000 2041.150000 0.000000
11250.100000 2118.670000 0.000000
11242.400000 2196.160000 0.000000
p
53
30
11600.000000 0.000000 0.000000
11593.100000 72.562400 0.000000
11586.200000 145.125000 0.000000
11580.600000 217.787000 0.000000
11575.100000 290.528000 0.000000
11570.900000 363.341000 0.000000
11568.000000 436.244000 0.000000
11567.000000 509.226000 0.000000
11568.000000 582.237000 0.000000
11572.400000 655.103000 0.000000
11577.700000 728.039000 0.000000
11584.000000 800.962000 0.000000
11590.400000 873.893000 0.000000
11596.200000 946.851000 0.000000
11600.400000 1019.840000 0.000000
11602.500000 1092.830000 0.000000
11601.400000 1165.750000 0.000000
11596.600000 1238.430000 0.000000
11587.900000 1310.770000 0.000000
11576.900000 1382.910000 0.000000
11564.000000 1454.800000 0.000000
11549.600000 1526.400000 0.000000
11534.800000 1597.870000 0.000000
11520.000000 1669.350000 0.000000
11505.300000 1740.820000 0.000000
11490.500000 1812.290000 0.000000
11475.700000 1883.760000 0.000000
11461.000000 1955.240000 0.000000
11446.200000 2026.710000 0.000000
11431.500000 2098.180000 0.000000
11416.700000 2169.650000 0.000000
p
54
30
11800.000000 0.000000 0.000000
11799.300000 71.924400 0.000000
11798.600000 143.849000 0.000000
11797.800000 215.773000 0.000000
11797.100000 287.698000 0.000000
11796.400000 359.622000 0.000000
11795.700000 431.547000 0.000000
11795.000000 503.471000 0.000000
11794.200000 575.396000 0.000000
11793.500000 647.320000 0.000000
11792.800000 719.244000 0.000000
11792.100000 791.169000 0.000000
11791.400000 863.093000 0.000000
11790.700000 935.018000 0.000000
11789.900000 1006.940000 0.000000
11789.200000 1078.870000 0.000000
11788.500000 1150.790000 0.000000
11787.800000 1222.720000 0.000000
11787.100000 1294.640000 0.000000
11786.300000 1366.560000 0.000000
11785.600000 1438.490000 0.000000
11784.900000 1510.410000 0.000000
11784.200000 1582.340000 0.000000
11783.500000 1654.260000 0.000000
11782.700000 1726.190000 0.000000
11782.000000 1798.110000 0.000000
11781.300000 1870.040000 0.000000
11780.600000 1941.960000 0.000000
11779.900000 2013.880000 0.000000
11779.100000 2085.810000 0.000000
11778.400000 2157.730000 0.000000
p
55
30
12000.000000 0.000000 0.000000
12004.000000 74.831900 0.000000
12008.000000 149.664000 0.000000
12012.100000 224.496000 0.000000
12016.100000 299.328000 0.000000
12020.100000 374.159000 0.000000
12024.100000 448.991000 0.000000
12028.200000 523.823000 0.000000
12032.200000 598.655000 0.000000
12036.200000 673.487000 0.000000
12040.200000 748.319000 0.000000
12044.200000 823.151000 0.000000
12048.300000 897.983000 0.000000
12052.300000 972.814000 0.000000
12056.300000 1047.650000 0.000000
12060.300000 1122.480000 0.000000
12064.400000 1197.310000 0.000000
12068.400000 1272.140000 0.000000
12072.400000 1346.970000 0.000000
12076.400000 1421.810000 0.000000
12080.400000 1496.640000 0.000000
12084.500000 1571.470000 0.000000
12088.500000 1646.300000 0.000000
12092.500000 1721.130000 0.000000
12096.500000 1795.970000 0.000000
12100.600000 1870.800000 0.000000
12104.600000 1945.630000 0.000000
12108.600000 2020.460000 0.000000
12112.600000 2095.290000 0.000000
12116.600000 2170.120000 0.000000
12120.700000 2244.960000 0.000000
p
56
30
12200.000000 0.000000 0.000000
12209.900000 70.084000 0.000000
12219.800000 140.168000 0.000000
12229.200000 210.320000 0.000000
12238.100000 280.547000 0.000000
12246.200000 350.867000 0.000000
12253.500000 421.292000 0.000000
12259.700000 491.825000 0.000000
12264.800000 562.461000 0.000000
12268.600000 633.189000 0.000000
12271.000000 703.992000 0.000000
12272.100000 774.842000 0.000000
12271.900000 845.717000 0.000000
12270.600000 916.596000 0.000000
12268.300000 987.466000 0.000000
12265.000000 1058.310000 0.000000
12260.800000 1129.130000 0.000000
12255.900000 1199.920000 0.000000
12250.400000 1270.680000 0.000000
12244.200000 1341.400000 0.000000
12237.600000 1412.080000 0.000000
12230.500000 1482.740000 0.000000
12223.000000 1553.360000 0.000000
12215.200000 1623.970000 0.000000
12207.100000 1694.550000 0.000000
12198.900000 1765.120000 0.000000
12190.600000 1835.680000 0.000000
12182.100000 1906.250000 0.000000
12173.700000 1976.820000 0.000000
12165.400000 2047.400000 0.000000
12157.200000 2117.990000 0.000000
p
57
30
12400.000000 0.000000 0.000000
12401.600000 74.727900 0.000000
12403.200000 149.456000 0.000000
12404.600000 224.184000 0.000000
12405.900000 298.915000 0.000000
12406.900000 373.649000 0.000000
12407.500000 448.388000 0.000000
12407.400000 523.129000 0.000000
12406.700000 597.869000 0.000000
12405.100000 672.598000 0.000000
12402.600000 747.304000 0.000000
12399.200000 821.984000 0.000000
12394.900000 896.629000 0.000000
12389.700000 971.225000 0.000000
12383.500000 1045.760000 0.000000
12376.400000 1120.220000 0.000000
12368.300000 1194.600000 0.000000
12359.200000 1268.880000 0.000000
12349.100000 1343.050000 0.000000
12338.000000 1417.100000 0.000000
12325.900000 1491.010000 0.000000
12312.900000 1564.780000 0.000000
12298.900000 1638.400000 0.000000
12284.000000 1711.860000 0.000000
12268.300000 1785.160000 0.000000
12251.700000 1858.290000 0.000000
12234.300000 1931.250000 0.000000
12216.100000 2004.060000 0.000000
12197.400000 2076.720000 0.000000
12178.300000 2149.310000 0.000000
12159.100000 2221.890000 0.000000
p
58
30
12600.000000 0.000000 0.000000
12597.400000 63.838300 0.000000
12594.800000 127.677000 0.000000
12592.100000 191.515000 0.000000
12589.500000 255.353000 0.000000
12586.900000 319.192000 0.000000
12584.300000 383.030000 0.000000
12581.600000 446.868000 0.000000
12579.000000 510.707000 0.000000
12576.400000 574.545000 0.000000
12573.800000 638.383000 0.000000
12571.100000 702.222000 0.000000
12568.500000 766.060000 0.000000
12565.900000 829.898000 0.000000
12563.300000 893.737000 0.000000
12560.600000 957.575000 0.000000
12558.000000 1021.410000 0.000000
12555.400000 1085.250000 0.000000
12552.800000 1149.090000 0.000000
12550.100000 1212.930000 0.000000
12547.500000 1276.770000 0.000000
12544.900000 1340.600000 0.000000
12542.300000 1404.440000 0.000000
12539.600000 1468.280000 0.000000
12537.000000 1532.120000 0.000000
12534.400000 1595.960000 0.000000
12531.800000 1659.800000 0.000000
12529.100000 1723.630000 0.000000
12526.500000 1787.470000 0.000000
12523.900000 1851.310000 0.000000
12521.300000 1915.150000 0.000000
p
59
30
12800.000000 0.000000 0.000000
12800.900000 77.841000 0.000000
12801.900000 155.682000 0.000000
12802.800000 233.523000 0.000000
12803.800000 311.364000 0.000000
12804.700000 389.205000 0.000000
12805.700000 467.046000 0.000000
12806.600000 544.887000 0.000000
12807.500000 622.728000 0.000000
12808.500000 700.569000 0.000000
12809.400000 778.410000 0.000000
12810.400000 856.251000 0.000000
12811.300000 934.092000 0.000000
12812.300000 1011.930000 0.000000
12813.200000 1089.770000 0.000000
12814.100000 1167.610000 0.000000
12815.100000 1245.460000 0.000000
12816.000000 1323.300000 0.000000
12817.000000 1401.140000 0.000000
12817.900000 1478.980000 0.000000
12818.900000 1556.820000 0.000000
12819.800000 1634.660000 0.000000
12820.700000 1712.500000 0.000000
12821.700000 1790.340000 0.000000
12822.600000 1868.180000 0.000000
12823.600000 1946.020000 0.000000
12824.500000 2023.870000 0.000000
12825.500000 2101.710000 0.000000
12826.400000 2179.550000 0.000000
12827.300000 2257.390000 0.000000
12828.300000 2335.230000 0.000000
p
60
30
13000.000000 0.000000 0.000000
12997.000000 75.475100 0.000000
12994.000000 150.950000 0.000000
12990.400000 226.397000 0.000000
12986.200000 301.810000 0.000000
12981.300000 377.183000 0.000000
12976.400000 452.569000 0.000000
12972.000000 527.988000 0.000000
12968.600000 603.472000 0.000000
12966.900000 679.035000 0.000000
12967.400000 754.650000 0.000000
12970.900000 830.234000 0.000000
12976.800000 905.701000 0.000000
12985.200000 980.971000 0.000000
12995.800000 1056.000000 0.000000
13007.900000 1130.820000 0.000000
13021.700000 1205.400000 0.000000
13036.700000 1279.770000 0.000000
13052.600000 1353.940000 0.000000
13069.400000 1427.970000 0.000000
13086.600000 1501.880000 0.000000
13104.100000 1575.720000 0.000000
13121.700000 1649.540000 0.000000
13139.000000 1723.400000 0.000000
13155.900000 1797.330000 0.000000
13172.000000 1871.390000 0.000000
13187.200000 1945.630000 0.000000
13201.100000 2020.070000 0.000000
13213.600000 2094.760000 0.000000
13224.100000 2169.710000 0.000000
13233.000000 2244.840000 0.000000
p
61
30
13200.000000 0.000000 0.000000
13191.500000 74.228800 0.000000
13183.000000 148.458000 0.000000
13173.900000 222.618000 0.000000
13164.200000 296.693000 0.000000
13153.600000 370.650000 0.000000
13142.600000 444.556000 0.000000
13131.300000 518.416000 0.000000
13120.100000 592.271000 0.000000
13109.500000 666.196000 0.000000
13100.500000 740.302000 0.000000
13094.100000 814.676000 0.000000
13090.800000 889.241000 0.000000
13091.400000 963.906000 0.000000
13096.000000 1038.490000 0.000000
13104.500000 1112.830000 0.000000
13116.800000 1186.740000 0.000000
13132.400000 1260.120000 0.000000
13150.800000 1332.940000 0.000000
13171.300000 1405.280000 0.000000
13193.200000 1477.260000 0.000000
13215.600000 1549.080000 0.000000
13237.800000 1620.940000 0.000000
13259.000000 1693.040000 0.000000
13278.500000 1765.550000 0.000000
13295.600000 1838.550000 0.000000
13309.800000 1912.070000 0.000000
13320.700000 1986.060000 0.000000
13328.200000 2060.410000 0.000000
13332.500000 2135.070000 0.000000
13334.700000 2209.840000 0.000000
p
62
30
13400.000000 0.000000 0.000000
13408.800000 66.318600 0.000000
13417.700000 132.637000 0.000000
13425.300000 199.144000 0.000000
13431.500000 265.829000 0.000000
13435.800000 332.703000 0.000000
13439.000000 399.654000 0.000000
13441.100000 466.679000 0.000000
13442.300000 533.748000 0.000000
13442.800000 600.843000 0.000000
13442.800000 667.959000 0.000000
13442.700000 735.105000 0.000000
13441.000000 802.370000 0.000000
13438.400000 869.761000 0.000000
13434.800000 937.325000 0.000000
13429.700000 1005.100000 0.000000
13426.200000 1073.030000 0.000000
13423.500000 1141.120000 0.000000
13421.500000 1209.360000 0.000000
13419.500000 1277.760000 0.000000
13419.400000 1346.380000 0.000000
13420.500000 1415.300000 0.000000
13422.500000 1484.580000 0.000000
13425.400000 1554.230000 0.000000
13428.600000 1624.250000 0.000000
13431.700000 1694.620000 0.000000
13433.700000 1765.250000 0.000000
13433.100000 1836.000000 0.000000
13427.000000 1906.450000 0.000000
13411.200000 1975.240000 0.000000
13383.800000 2040.400000 0.000000
p
63
30
13600.000000 0.000000 0.000000
13594.200000 91.451900 0.000000
13588.500000 182.904000 0.000000
13580.700000 274.218000 0.000000
13570.200000 365.292000 0.000000
13555.900000 455.902000 0.000000
13539.100000 546.127000 0.000000
13520.100000 635.923000 0.000000
13500.000000 725.463000 0.000000
13481.200000 815.186000 0.000000
13467.900000 905.733000 0.000000
13466.600000 997.149000 0.000000
13486.500000 1086.800000 0.000000
13530.000000 1168.680000 0.000000
13594.500000 1237.100000 0.000000
13672.400000 1291.910000 0.000000
13748.400000 1349.240000 0.000000
13811.300000 1419.370000 0.000000
13850.700000 1503.620000 0.000000
13869.600000 1594.410000 0.000000
13865.400000 1687.210000 0.000000
13822.300000 1770.110000 0.000000
13749.900000 1830.960000 0.000000
13663.400000 1872.730000 0.000000
13573.700000 1909.230000 0.000000
13490.000000 1958.340000 0.000000
13423.000000 2028.420000 0.000000
13364.000000 2106.280000 0.000000
13305.600000 2185.320000 0.000000
13245.500000 2262.890000 0.000000
13183.600000 2339.150000 0.000000
p
64
30
13800.000000 0.000000 0.000000
13789.400000 74.769300 0.000000
13778.800000 149.539000 0.000000
13768.100000 224.298000 0.000000
13757.200000 299.044000 0.000000
13746.300000 373.773000 0.000000
13736.100000 448.623000 0.000000
13727.100000 523.642000 0.000000
13720.100000 598.899000 0.000000
13715.900000 674.423000 0.000000
13715.600000 750.159000 0.000000
13720.400000 825.886000 0.000000
13728.000000 901.470000 0.000000
13738.900000 976.796000 0.000000
13752.600000 1051.780000 0.000000
13768.900000 1126.360000 0.000000
13787.500000 1200.510000 0.000000
13807.800000 1274.280000 0.000000
13829.300000 1347.720000 0.000000
13851.600000 1420.910000 0.000000
13873.500000 1494.210000 0.000000
13893.300000 1568.020000 0.000000
13910.800000 1642.270000 0.000000
13927.800000 1716.500000 0.000000
13944.800000 1790.720000 0.000000
13961.800000 1864.950000 0.000000
13978.800000 1939.180000 0.000000
13995.800000 2013.410000 0.000000
14012.800000 2087.640000 0.000000
14029.800000 2161.870000 0.000000
14046.800000 2236.100000 0.000000
p
65
30
14000.000000 0.000000 0.000000
13996.000000 76.175800 0.000000
13992.100000 152.352000 0.000000
13988.300000 228.517000 0.000000
13984.600000 304.670000 0.000000
13980.500000 380.792000 0.000000
13974.500000 456.798000 0.000000
13965.700000 532.548000 0.000000
13952.900000 607.779000 0.000000
13935.000000 682.050000 0.000000
13911.000000 754.730000 0.000000
13885.300000 826.893000 0.000000
13859.400000 899.040000 0.000000
13836.300000 972.049000 0.000000
13819.000000 1046.500000 0.000000
13809.900000 1122.260000 0.000000
13810.300000 1198.450000 0.000000
13819.800000 1274.010000 0.000000
13838.400000 1347.990000 0.000000
13865.300000 1419.620000 0.000000
13898.700000 1488.740000 0.000000
13936.600000 1555.700000 0.000000
13977.700000 1620.970000 0.000000
14019.600000 1685.760000 0.000000
14059.700000 1751.570000 0.000000
14095.400000 1819.640000 0.000000
14124.200000 1890.640000 0.000000
14143.800000 1964.470000 0.000000
14154.600000 2040.040000 0.000000
14163.700000 2115.940000 0.000000
14173.000000 2191.850000 0.000000
p
66
30
14200.000000 0.000000 0.000000
14204.800000 65.842800 0.000000
14209.600000 131.686000 0.000000
14214.100000 197.563000 0.000000
14218.300000 263.473000 0.000000
14222.000000 329.422000 0.000000
14225.200000 395.407000 0.000000
14227.800000 461.431000 0.000000
14229.700000 527.497000 0.000000
14230.800000 593.609000 0.000000
14230.500000 659.783000 0.000000
14230.200000 725.961000 0.000000
14229.700000 792.166000 0.000000
14229.200000 858.406000 0.000000
14228.700000 924.696000 0.000000
14227.800000 991.075000 0.000000
14225.500000 1057.610000 0.000000
14221.000000 1124.320000 0.000000
14217.600000 1191.090000 0.000000
14214.600000 1257.970000 0.000000
14212.300000 1324.960000 0.000000
14210.500000 1392.090000 0.000000
14208.300000 1459.440000 0.000000
14207.600000 1527.100000 0.000000
14207.500000 1595.120000 0.000000
14207.700000 1663.500000 0.000000
14207.700000 1732.180000 0.000000
14206.800000 1801.020000 0.000000
14203.600000 1869.780000 0.000000
14196.000000 1938.030000 0.000000
14183.000000 2005.040000 0.000000
p
67
30
14400.000000 0.000000 0.000000
14385.100000 76.583300 0.000000
14370.200000 153.167000 0.000000
14356.200000 229.910000 0.000000
14343.300000 306.866000 0.000000
14332.100000 384.115000 0.000000
14322.100000 461.522000 0.000000
14313.500000 539.127000 0.000000
14306.600000 616.928000 0.000000
14302.000000 694.924000 0.000000
14300.500000 773.094000 0.000000
14302.100000 851.288000 0.000000
14308.000000 929.343000 0.000000
14319.900000 1006.860000 0.000000
14339.600000 1083.050000 0.000000
14368.800000 1156.590000 0.000000
14408.000000 1226.100000 0.000000
14454.600000 1291.530000 0.000000
14500.400000 1357.810000 0.000000
14540.400000 1427.460000 0.000000
14567.900000 1502.220000 0.000000
14577.400000 1580.510000 0.000000
14567.000000 1658.070000 0.000000
14536.300000 1729.880000 0.000000
14485.600000 1789.790000 0.000000
14421.800000 1836.690000 0.000000
14352.800000 1876.290000 0.000000
14285.100000 1918.350000 0.000000
14226.900000 1972.810000 0.000000
14184.700000 2040.920000 0.000000
14144.500000 2110.470000 0.000000
p
68
30
14600.000000 0.000000 0.000000
14596.100000 74.131300 0.000000
14592.300000 148.263000 0.000000
14588.900000 222.411000 0.000000
14586.100000 296.585000 0.000000
14584.300000 370.787000 0.000000
14583.200000 445.009000 0.000000
14583.000000 519.245000 0.000000
14583.700000 593.482000 0.000000
14585.500000 667.702000 0.000000
14588.600000 741.874000 0.000000
14592.300000 816.038000 0.000000
14596.500000 890.182000 0.000000
14600.800000 964.320000 0.000000
14605.000000 1038.460000 0.000000
14608.600000 1112.630000 0.000000
14611.500000 1186.820000 0.000000
14613.200000 1261.030000 0.000000
14613.600000 1335.240000 0.000000
14612.200000 1409.430000 0.000000
14608.900000 1483.560000 0.000000
14603.500000 1557.600000 0.000000
14596.300000 1631.550000 0.000000
14587.700000 1705.360000 0.000000
14578.700000 1779.080000 0.000000
14569.800000 1852.790000 0.000000
14560.900000 1926.510000 0.000000
14552.000000 2000.230000 0.000000
14543.000000 2073.940000 0.000000
14534.100000 2147.660000 0.000000
14525.200000 2221.370000 0.000000
p
69
30
14800.000000 0.000000 0.000000
14797.700000 69.514600 0.000000
14795.400000 139.029000 0.000000
14793.200000 208.544000 0.000000
14790.900000 278.058000 0.000000
14788.600000 347.573000 0.000000
14786.300000 417.088000 0.000000
14784.100000 486.602000 0.000000
14781.800000 556.117000 0.000000
14779.500000 625.631000 0.000000
14777.200000 695.146000 0.000000
14774.900000 764.661000 0.000000
14772.700000 834.175000 0.000000
14770.400000 903.690000 0.000000
14768.100000 973.204000 0.000000
14765.800000 1042.720000 0.000000
14763.600000 1112.230000 0.000000
14761.300000 1181.750000 0.000000
14759.000000 1251.260000 0.000000
14756.700000 1320.780000 0.000000
14754.400000 1390.290000 0.000000
14752.200000 1459.810000 0.000000
14749.900000 1529.320000 0.000000
14747.600000 1598.840000 0.000000
14745.300000 1668.350000 0.000000
14743.100000 1737.870000 0.000000
14740.800000 1807.380000 0.000000
14738.500000 1876.890000 0.000000
14736.200000 1946.410000 0.000000
14733.900000 2015.920000 0.000000
14731.700000 2085.440000 0.000000
p
70
30
15000.000000 0.000000 0.000000
15001.000000 82.798200 0.000000
15002.000000 165.596000 0.000000
15002.900000 248.391000 0.000000
15003.600000 331.182000 0.000000
15004.100000 413.970000 0.000000
15004.500000 496.754000 0.000000
15004.900000 579.535000 0.000000
15004.900000 662.310000 0.000000
15003.500000 745.070000 0.000000
14999.900000 827.763000 0.000000
14992.600000 910.242000 0.000000
14980.200000 992.137000 0.000000
14961.900000 1073.050000 0.000000
14941.500000 1153.670000 0.000000
14920.200000 1234.210000 0.000000
14900.500000 1315.220000 0.000000
14884.900000 1397.130000 0.000000
14876.200000 1479.970000 0.000000
14876.600000 1563.200000 0.000000
14888.000000 1645.630000 0.000000
14911.500000 1725.580000 0.000000
14947.200000 1801.210000 0.000000
14994.200000 1870.940000 0.000000
15050.800000 1933.990000 0.000000
15114.700000 1990.710000 0.000000
15183.100000 2042.760000 0.000000
15253.400000 2093.040000 0.000000
15323.100000 2144.480000 0.000000
15392.200000 2197.040000 0.000000
15461.700000 2249.170000 0.000000
p
71
30
15200.000000 0.000000 0.000000
15205.200000 61.397900 0.000000
15210.300000 122.796000 0.000000
15215.600000 184.192000 0.000000
15221.100000 245.578000 0.000000
15226.900000 306.947000 0.000000
15233.100000 368.288000 0.000000
15239.800000 429.591000 0.000000
15246.900000 490.853000 0.000000
15254.200000 552.141000 0.000000
15261.400000 613.480000 0.000000
15268.200000 674.980000 0.000000
15274.500000 736.737000 0.000000
15275.500000 799.569000 0.000000
15277.900000 862.300000 0.000000
15280.000000 925.288000 0.000000
15283.500000 988.325000 0.000000
15287.800000 1051.310000 0.000000
15292.900000 1114.150000 0.000000
15298.500000 1176.830000 0.000000
15304.400000 1239.360000 0.000000
15310.300000 1301.840000 0.000000
15315.900000 1364.360000 0.000000
15320.900000 1427.020000 0.000000
15325.100000 1489.870000 0.000000
15328.000000 1552.930000 0.000000
15329.400000 1616.150000 0.000000
15328.500000 1679.410000 0.000000
15324.600000 1742.520000 0.000000
15316.400000 1805.140000 0.000000
15303.600000 1866.960000 0.000000
p
72
30
15400.000000 0.000000 0.000000
15393.600000 79.185800 0.000000
15387.100000 158.372000 0.000000
15379.500000 237.445000 0.000000
15370.800000 316.399000 0.000000
15361.200000 395.231000 0.000000
15351.400000 474.012000 0.000000
15343.100000 552.923000 0.000000
15338.800000 632.104000 0.000000
15344.500000 711.347000 0.000000
15363.700000 788.826000 0.000000
15399.100000 861.165000 0.000000
15451.400000 923.822000 0.000000
15512.500000 978.948000 0.000000
15572.000000 1035.880000 0.000000
15622.700000 1100.060000 0.000000
15659.400000 1172.020000 0.000000
15680.700000 1249.310000 0.000000
15682.800000 1329.120000 0.000000
15664.900000 1407.020000 0.000000
15630.100000 1479.450000 0.000000
15583.300000 1545.520000 0.000000
15528.200000 1605.650000 0.000000
15470.200000 1663.160000 0.000000
15414.700000 1722.820000 0.000000
15367.600000 1788.780000 0.000000
15333.800000 1861.980000 0.000000
15313.400000 1940.140000 0.000000
15314.800000 2022.060000 0.000000
15339.600000 2101.600000 0.000000
15381.000000 2175.350000 0.000000
p
73
30
15600.000000 0.000000 0.000000
15601.900000 60.151800 0.000000
15603.800000 120.304000 0.000000
15605.900000 180.470000 0.000000
15608.200000 240.645000 0.000000
15610.800000 300.829000 0.000000
15613.900000 361.029000 0.000000
15617.500000 421.259000 0.000000
15620.700000 481.624000 0.000000
15624.200000 541.939000 0.000000
15628.000000 602.282000 0.000000
15632.100000 662.682000 0.000000
15636.500000 723.195000 0.000000
15641.900000 783.775000 0.000000
15648.200000 844.473000 0.000000
15655.400000 905.299000 0.000000
15663.200000 966.256000 0.000000
15671.400000 1027.350000 0.000000
15679.200000 1088.610000 0.000000
15685.900000 1150.100000 0.000000
15689.600000 1211.890000 0.000000
15689.100000 1273.690000 0.000000
15683.600000 1335.020000 0.000000
15672.900000 1395.550000 0.000000
15657.900000 1455.160000 0.000000
15639.400000 1513.850000 0.000000
15618.300000 1571.550000 0.000000
15593.900000 1628.070000 0.000000
15565.800000 1683.030000 0.000000
15533.800000 1735.970000 0.000000
15498.200000 1786.800000 0.000000
p
74
30
15800.000000 0.000000 0.000000
15791.700000 74.008700 0.000000
15783.400000 148.017000 0.000000
15776.500000 222.181000 0.000000
15771.900000 296.544000 0.000000
15770.900000 371.113000 0.000000
15775.500000 445.693000 0.000000
15787.800000 519.678000 0.000000
15810.200000 591.736000 0.000000
15836.100000 663.017000 0.000000
15864.300000 733.768000 0.000000
15892.000000 804.917000 0.000000
15916.300000 877.283000 0.000000
15936.100000 950.863000 0.000000
15949.200000 1025.640000 0.000000
15954.300000 1101.080000 0.000000
15950.500000 1176.340000 0.000000
15937.400000 1250.370000 0.000000
15915.000000 1322.120000 0.000000
15884.000000 1390.700000 0.000000
15845.400000 1455.530000 0.000000
15800.500000 1516.500000 0.000000
15750.600000 1573.950000 0.000000
15697.300000 1628.710000 0.000000
15642.200000 1681.990000 0.000000
15587.000000 1735.260000 0.000000
15532.800000 1789.590000 0.000000
15479.200000 1844.610000 0.000000
15426.400000 1900.480000 0.000000
15375.000000 1957.510000 0.000000
15324.800000 2015.650000 0.000000
p
75
30
16000.000000 0.000000 0.000000
16004.700000 64.722900 0.000000
16009.300000 129.446000 0.000000
16014.000000 194.169000 0.000000
16018.600000 258.892000 0.000000
16023.300000 323.614000 0.000000
16027.900000 388.337000 0.000000
16032.600000 453.060000 0.000000
16037.200000 517.783000 0.000000
16041.900000 582.506000 0.000000
16046.500000 647.229000 0.000000
16051.200000 711.952000 0.000000
16055.900000 776.675000 0.000000
16060.500000 841.397000 0.000000
16065.200000 906.120000 0.000000
16069.800000 970.843000 0.000000
16074.500000 1035.570000 0.000000
16079.100000 1100.290000 0.000000
16083.800000 1165.010000 0.000000
16088.400000 1229.730000 0.000000
16093.100000 1294.460000 0.000000
16097.700000 1359.180000 0.000000
16102.400000 1423.900000 0.000000
16107.100000 1488.630000 0.000000
16111.700000 1553.350000 0.000000
16116.400000 1618.070000 0.000000
16121.000000 1682.790000 0.000000
16125.700000 1747.520000 0.000000
16130.300000 1812.240000 0.000000
16135.000000 1876.960000 0.000000
16139.600000 1941.690000 0.000000
p
76
30
16200.000000 0.000000 0.000000
16201.900000 79.647400 0.000000
16203.700000 159.295000 0.000000
16205.600000 238.942000 0.000000
16207.400000 318.590000 0.000000
16209.300000 398.237000 0.000000
16211.200000 477.884000 0.000000
16213.000000 557.532000 0.000000
16214.900000 637.179000 0.000000
16216.800000 716.827000 0.000000
16218.600000 796.474000 0.000000
16220.500000 876.121000 0.000000
16222.300000 955.769000 0.000000
16224.200000 1035.420000 0.000000
16226.100000 1115.060000 0.000000
16227.900000 1194.710000 0.000000
16229.800000 1274.360000 0.000000
16231.600000 1354.010000 0.000000
16233.500000 1433.650000 0.000000
16235.400000 1513.300000 0.000000
16237.200000 1592.950000 0.000000
16239.100000 1672.600000 0.000000
16240.900000 1752.240000 0.000000
16242.800000 1831.890000 0.000000
16244.700000 1911.540000 0.000000
16246.500000 1991.180000 0.000000
16248.400000 2070.830000 0.000000
16250.300000 2150.480000 0.000000
16252.100000 2230.130000 0.000000
16254.000000 2309.770000 0.000000
16255.800000 2389.420000 0.000000
p
77
30
16400.000000 0.000000 0.000000
16400.200000 81.834000 0.000000
16400.500000 163.668000 0.000000
16400.200000 245.498000 0.000000
16399.100000 327.322000 0.000000
16397.200000 409.129000 0.000000
16394.100000 490.903000 0.000000
16390.700000 572.665000 0.000000
16387.200000 654.418000 0.000000
16384.200000 736.182000 0.000000
16382.200000 817.967000 0.000000
16382.100000 899.764000 0.000000
16384.700000 981.508000 0.000000
16391.100000 1063.050000 0.000000
16402.000000 1144.100000 0.000000
16417.900000 1224.350000 0.000000
16438.000000 1303.700000 0.000000
16462.400000 1381.980000 0.000000
16490.500000 1459.090000 0.000000
16521.700000 1535.100000 0.000000
16555.400000 1610.150000 0.000000
16590.700000 1684.520000 0.000000
16626.700000 1758.540000 0.000000
16662.700000 1832.590000 0.000000
16697.800000 1907.060000 0.000000
16731.000000 1982.280000 0.000000
16761.600000 2058.500000 0.000000
16788.800000 2135.890000 0.000000
16812.000000 2214.400000 0.000000
16831.600000 2293.990000 0.000000
16850.200000 2373.870000 0.000000
p
78
30
16600.000000 0.000000 0.000000
16601.600000 74.585300 0.000000
16603.100000 149.171000 0.000000
16605.000000 223.757000 0.000000
16607.300000 298.339000 0.000000
16610.200000 372.911000 0.000000
16613.800000 447.465000 0.000000
16618.200000 521.984000 0.000000
16623.500000 596.457000 0.000000
16629.800000 670.872000 0.000000
16637.100000 745.219000 0.000000
16645.400000 819.489000 0.000000
16654.600000 893.682000 0.000000
16664.700000 967.810000 0.000000
16675.500000 1041.940000 0.000000
16685.300000 1116.390000 0.000000
16692.600000 1191.440000 0.000000
16701.200000 1266.310000 0.000000
16710.300000 1341.190000 0.000000
16720.000000 1416.040000 0.000000
16729.800000 1490.920000 0.000000
16740.800000 1565.690000 0.000000
16752.800000 1640.450000 0.000000
16765.400000 1715.270000 0.000000
16778.700000 1790.160000 0.000000
16792.200000 1865.170000 0.000000
16805.300000 1940.330000 0.000000
16817.200000 2015.710000 0.000000
16826.200000 2091.390000 0.000000
16830.300000 2167.400000 0.000000
16829.200000 2243.190000 0.000000
p
79
30
16800.000000 0.000000 0.000000
16786.000000 82.779000 0.000000
16772.100000 165.558000 0.000000
16758.200000 248.352000 0.000000
16744.700000 331.193000 0.000000
16731.700000 414.128000 0.000000
16719.900000 497.223000 0.000000
16709.300000 580.501000 0.000000
16700.900000 664.034000 0.000000
16695.600000 747.852000 0.000000
16694.700000 831.889000 0.000000
16700.000000 915.868000 0.000000
16713.400000 999.130000 0.000000
16737.100000 1080.390000 0.000000
16773.400000 1157.450000 0.000000
16823.200000 1227.450000 0.000000
16883.000000 1289.950000 0.000000
16944.800000 1351.150000 0.000000
17003.700000 1414.890000 0.000000
17053.600000 1485.210000 0.000000
17088.100000 1563.320000 0.000000
17103.500000 1646.530000 0.000000
17100.500000 1730.610000 0.000000
17080.500000 1812.180000 0.000000
17045.900000 1888.920000 0.000000
17001.800000 1960.940000 0.000000
16954.000000 2030.860000 0.000000
16909.200000 2102.720000 0.000000
16874.500000 2179.990000 0.000000
16853.500000 2262.180000 0.000000
16833.800000 2344.910000 0.000000
