1480539260	# semente da floresta
5	# densidade da floresta
10	# desvio padrao da floresta
259	# total contacts
true	# duplicates
11	# tempo de execucao secs
0 0 11	# tempo de execucao em horas minutos
24	# total superblocos
0.1	# Distancia critica usada para resolver
33	# mSegmentsPerCNT
MIDPOINT	# mAttractorType
SUPERBLOCK	# mAnchorType
ULTRA_CONNECTED	# mGraphType
BEST		# mColorOrder
CNT_HIGHEST_CONNECTION # mGraphOrdination
FIRST_FIT	# mColoringHeuristic
CLOSEST_CNT_INDEX # mColoringHeuristic
HYPOTENUSE	# mOrderSolution
# CNT: distorcao da solucao, distorcao original, diferenca de distorcoes e raio
2236.63	2236.63	0	13.1107	# 0
2277.65	2277.65	0	14.792	# 1
2187.51	2187.51	0	14.4883	# 2
2170.71	2170.71	0	9.66	# 3
2193	2193	0	11.7467	# 4
2360.6	2360.6	0	9.8836	# 5
2338.71	2338.71	0	13.2863	# 6
1905.69	1905.69	0	10.8326	# 7
2054.04	2054.04	0	10.9909	# 8
2335.44	2335.44	0	12.1334	# 9
2677.55	2677.55	0	14.1919	# 10
2469.71	2469.71	0	12.497	# 11
2099.47	2099.47	0	13.9809	# 12
2551.41	2551.41	0	11.7065	# 13
2319.16	2319.16	0	12.9855	# 14
2122.9	2122.9	0	11.63	# 15
2162.87	2162.87	0	12.179	# 16
2009	2009	0	12.0893	# 17
2267.84	2267.84	0	12.2186	# 18
2251.15	2251.15	0	12.8557	# 19
2290.83	2290.83	0	13.7348	# 20
2227.94	2227.94	0	12.9106	# 21
2292.64	2292.64	0	12.0543	# 22
2240.12	2240.12	0	10.6641	# 23
2227.65	2227.65	0	11.7682	# 24
1998.95	1998.95	0	12.9992	# 25
2306.9	2306.9	0	12.2229	# 26
2398.47	2398.47	0	13.1538	# 27
2111.95	2111.95	0	12.5649	# 28
1883.21	1883.21	0	11.6745	# 29
2576.08	2576.08	0	13.3465	# 30
1851.91	1851.91	0	11.4791	# 31
2731.41	2731.41	0	11.1356	# 32
2284.04	2284.04	0	10.1124	# 33
2263.73	2263.73	0	10.9739	# 34
2291.79	2291.79	0	12.7306	# 35
1962.68	1962.68	0	12.0401	# 36
2535.42	2535.42	0	11.6428	# 37
2652.79	2652.79	0	14.6074	# 38
2324.31	2324.31	0	11.1903	# 39
1760.06	1760.06	0	14.546	# 40
2437.1	2437.1	0	12.0925	# 41
1989.41	1989.41	0	11.5161	# 42
2505.94	2505.94	0	12.4166	# 43
2444.26	2444.26	0	10.4888	# 44
2169.06	2169.06	0	11.8915	# 45
2191.17	2191.17	0	11.8975	# 46
2492.31	2492.31	0	12.1742	# 47
2273.49	2273.49	0	12.6587	# 48
2280.67	2280.67	0	13.3309	# 49
2396.71	2396.71	0	10.9425	# 50
2367.83	2367.83	0	12.0215	# 51
2160.87	2160.87	0	12.8405	# 52
2624.56	2622.28	2.27291	15.5248	# 53
2306.35	2282.31	24.0318	12.9701	# 54
1968.1	1966.53	1.57209	12.3227	# 55
1937.8	1912.74	25.0632	12.6407	# 56
2652.35	2632.05	20.2993	14.507	# 57
2543.43	2541.07	2.36377	13.0248	# 58
2111.42	2111.42	0	13.0396	# 59
2248.73	2248.73	0	12.3475	# 60
2557.82	2557.82	0	10.8287	# 61
2250.34	2250.34	0	11.2215	# 62
2306.55	2306.55	0	11	# 63
2110.16	2110.16	0	11.9861	# 64
2420.16	2420.16	0	11.7159	# 65
1698.05	1698.05	0	13.2795	# 66
2414.75	2414.75	0	12.6159	# 67
2335.23	2335.23	0	14.0698	# 68
2402.31	2402.31	0	14.4499	# 69
2633.62	2633.62	0	11.2503	# 70
2567.97	2567.97	0	12.4978	# 71
2295.93	2295.93	0	13.7895	# 72
2201.79	2201.79	0	11.6315	# 73
2164.86	2164.86	0	11.2513	# 74
2073.93	2073.93	0	9.5697	# 75
2399.26	2399.26	0	14.64	# 76
1462.96	1462.96	0	12.4487	# 77
2818.39	2818.39	0	12.3793	# 78
1945.42	1945.42	0	13.3805	# 79
75.6031	# Soma do modulo da diferenca das distorcoes em toda a floresta
75.6031	# Soma sem modulo da diferenca das distorcoes em toda a floresta
# Soma do deslocamento de cada CNT
0	0	# 0
0	0	# 1
0	0	# 2
0	0	# 3
0	0	# 4
0	0	# 5
0	0	# 6
0	0	# 7
0	0	# 8
0	0	# 9
0	0	# 10
0	0	# 11
0	0	# 12
0	0	# 13
0	0	# 14
0	0	# 15
0	0	# 16
0	0	# 17
0	0	# 18
0	0	# 19
0	0	# 20
0	0	# 21
0	0	# 22
0	0	# 23
0	0	# 24
0	0	# 25
0	0	# 26
0	0	# 27
0	0	# 28
0	0	# 29
0	0	# 30
0	0	# 31
0	0	# 32
0	0	# 33
0	0	# 34
0	0	# 35
0	0	# 36
0	0	# 37
0	0	# 38
0	0	# 39
0	0	# 40
0	0	# 41
0	0	# 42
0	0	# 43
0	0	# 44
0	0	# 45
0	0	# 46
0	0	# 47
0	0	# 48
0	0	# 49
0	0	# 50
0	0	# 51
0	0	# 52
80.6304	80.6304	# 53
378.563	378.563	# 54
121.208	-121.208	# 55
262.523	73.9775	# 56
575.391	-575.391	# 57
94.2725	-94.2725	# 58
0	0	# 59
0	0	# 60
0	0	# 61
0	0	# 62
0	0	# 63
0	0	# 64
0	0	# 65
0	0	# 66
0	0	# 67
0	0	# 68
0	0	# 69
0	0	# 70
0	0	# 71
0	0	# 72
0	0	# 73
0	0	# 74
0	0	# 75
0	0	# 76
0	0	# 77
0	0	# 78
0	0	# 79
1512.59	-257.701	# Soma dos deslocamentos da floresta. Com e sem modulo
# Angulo diedral em graus e radianos. Cosseno
91.1458 1.59079 -0.019996	# 0.0
5.55475 0.0969487 0.995304	# 0.1
0 0 1	# 0.2
0.495822 0.00865372 0.999963	# 0.3
0.525611 0.00917365 0.999958	# 0.4
0.60983 0.0106435 0.999943	# 0.5
0.663229 0.0115755 0.999933	# 0.6
0.677944 0.0118324 0.99993	# 0.7
0.538071 0.00939112 0.999956	# 0.8
0.384464 0.00671016 0.999977	# 0.9
0.338272 0.00590396 0.999983	# 0.10
0.238249 0.00415823 0.999991	# 0.11
0 0 0.999996	# 0.12
0 0 0.999999	# 0.13
0 0 1	# 0.14
0 0 1	# 0.15
0 0 0.999999	# 0.16
0 0 0.999997	# 0.17
0 0 0.999993	# 0.18
0.269209 0.00469858 0.999989	# 0.19
0.338159 0.00590198 0.999983	# 0.20
0.400144 0.00698384 0.999976	# 0.21
0.49236 0.00859331 0.999963	# 0.22
0.577629 0.0100815 0.999949	# 0.23
0.693268 0.0120998 0.999927	# 0.24
0.724473 0.0126444 0.99992	# 0.25
0.432116 0.00754185 0.999972	# 0.26
0 0 1	# 0.27
0 0 0.999998	# 0.28
0 0 0.999996	# 0.29
0 0 0.999994	# 0.30
0 0 0.999994	# 0.31
158.642 2.76882 -0.931322	# 0.32
90.9548 1.58746 -0.0166644	# 1.0
0.248965 0.00434526 0.999991	# 1.1
0 0 1	# 1.2
0 0 0.999998	# 1.3
0 0 0.999995	# 1.4
0.241501 0.00421499 0.999991	# 1.5
0.286847 0.00500642 0.999987	# 1.6
0.317137 0.00553509 0.999985	# 1.7
0.294271 0.00513599 0.999987	# 1.8
0.271737 0.00474271 0.999989	# 1.9
0.249129 0.00434812 0.999991	# 1.10
0.226464 0.00395254 0.999992	# 1.11
0 0 0.999995	# 1.12
0 0 0.999996	# 1.13
0 0 0.999998	# 1.14
0 0 0.999999	# 1.15
0 0 1	# 1.16
0 0 1	# 1.17
0 0 1	# 1.18
0 0 0.999999	# 1.19
0 0 0.999997	# 1.20
0 0 0.999995	# 1.21
0.234086 0.00408558 0.999992	# 1.22
0.271807 0.00474392 0.999989	# 1.23
0.30953 0.00540231 0.999985	# 1.24
0.347138 0.0060587 0.999982	# 1.25
0.369906 0.00645608 0.999979	# 1.26
0.347191 0.00605963 0.999982	# 1.27
0 0 1	# 1.28
0.347131 0.00605858 0.999982	# 1.29
0.286552 0.00500127 0.999987	# 1.30
0.286552 0.00500128 0.999987	# 1.31
152.945 2.66939 -0.890567	# 1.32
90.8185 1.58508 -0.0142843	# 2.0
2.52322 0.0440385 0.99903	# 2.1
0 0 1	# 2.2
0 0 0.999998	# 2.3
0 0 0.999998	# 2.4
0 0 0.999996	# 2.5
0 0 0.999996	# 2.6
0 0 0.999996	# 2.7
0 0 0.999998	# 2.8
0 0 0.999997	# 2.9
0 0 0.999998	# 2.10
0 0 0.999999	# 2.11
0 0 0.999999	# 2.12
0 0 0.999999	# 2.13
0 0 1	# 2.14
0 0 1	# 2.15
0 0 1	# 2.16
0 0 1	# 2.17
0 0 1	# 2.18
0 0 1	# 2.19
0 0 1	# 2.20
0 0 0.999999	# 2.21
0 0 0.999999	# 2.22
0 0 0.999999	# 2.23
0 0 0.999998	# 2.24
0 0 0.999997	# 2.25
0 0 0.999997	# 2.26
0 0 0.999995	# 2.27
0 0 0.999995	# 2.28
0 0 0.999994	# 2.29
0 0 0.999995	# 2.30
0 0 0.999995	# 2.31
148.325 2.58876 -0.85104	# 2.32
90.7162 1.5833 -0.012499	# 3.0
5.37663 0.0938399 0.9956	# 3.1
0 0 1	# 3.2
0 0 1	# 3.3
0 0 1	# 3.4
0 0 1	# 3.5
0 0 1	# 3.6
0 0 1	# 3.7
0 0 1	# 3.8
0 0 1	# 3.9
0 0 1	# 3.10
0 0 1	# 3.11
0 0 1	# 3.12
0 0 1	# 3.13
0 0 1	# 3.14
0 0 1	# 3.15
0 0 1	# 3.16
0 0 1	# 3.17
0 0 1	# 3.18
0 0 1	# 3.19
0 0 1	# 3.20
0 0 1	# 3.21
0 0 1	# 3.22
0 0 1	# 3.23
0 0 1	# 3.24
0 0 1	# 3.25
0 0 1	# 3.26
0 0 1	# 3.27
0 0 1	# 3.28
0 0 1	# 3.29
0 0 1	# 3.30
0 0 1	# 3.31
142.713 2.4908 -0.795607	# 3.32
90.6366 1.58191 -0.0111104	# 4.0
5.88095 0.102642 0.994737	# 4.1
0 0 1	# 4.2
0 0 1	# 4.3
0 0 1	# 4.4
0 0 1	# 4.5
0 0 1	# 4.6
0 0 1	# 4.7
0 0 1	# 4.8
0 0 1	# 4.9
0 0 1	# 4.10
0 0 1	# 4.11
0 0 1	# 4.12
0 0 1	# 4.13
0 0 1	# 4.14
0 0 1	# 4.15
0 0 1	# 4.16
0 0 1	# 4.17
0 0 1	# 4.18
0 0 1	# 4.19
0 0 1	# 4.20
0 0 1	# 4.21
0 0 1	# 4.22
0 0 1	# 4.23
0 0 1	# 4.24
0 0 1	# 4.25
0 0 1	# 4.26
0 0 1	# 4.27
0 0 1	# 4.28
0 0 1	# 4.29
0 0 1	# 4.30
0 0 1	# 4.31
139.292 2.4311 -0.758042	# 4.32
90.5729 1.5808 -0.0099995	# 5.0
1.36177 0.0237674 0.999718	# 5.1
0 0 1	# 5.2
0 0 1	# 5.3
0 0 1	# 5.4
0 0 1	# 5.5
0 0 1	# 5.6
0 0 1	# 5.7
0 0 1	# 5.8
0 0 1	# 5.9
0 0 1	# 5.10
0 0 1	# 5.11
0 0 1	# 5.12
0 0 1	# 5.13
0 0 1	# 5.14
0 0 1	# 5.15
0 0 1	# 5.16
0 0 1	# 5.17
0 0 1	# 5.18
0 0 1	# 5.19
0 0 1	# 5.20
0 0 1	# 5.21
0 0 1	# 5.22
0 0 1	# 5.23
0 0 1	# 5.24
0 0 1	# 5.25
0 0 1	# 5.26
0 0 1	# 5.27
0 0 1	# 5.28
0 0 1	# 5.29
0 0 1	# 5.30
0 0 1	# 5.31
140.097 2.44515 -0.767128	# 5.32
90.5209 1.57989 -0.00909053	# 6.0
2.02158 0.0352832 0.999378	# 6.1
0 0 1	# 6.2
0 0 1	# 6.3
0 0 1	# 6.4
0 0 1	# 6.5
0 0 1	# 6.6
0 0 1	# 6.7
0 0 1	# 6.8
0 0 1	# 6.9
0 0 1	# 6.10
0 0 1	# 6.11
0 0 1	# 6.12
0 0 1	# 6.13
0 0 1	# 6.14
0 0 1	# 6.15
0 0 1	# 6.16
0 0 1	# 6.17
0 0 1	# 6.18
0 0 1	# 6.19
0 0 1	# 6.20
0 0 1	# 6.21
0 0 1	# 6.22
0 0 1	# 6.23
0 0 1	# 6.24
0 0 1	# 6.25
0 0 1	# 6.26
0 0 1	# 6.27
0 0 1	# 6.28
0 0 1	# 6.29
0 0 1	# 6.30
0 0 1	# 6.31
138.604 2.41909 -0.750155	# 6.32
90.4775 1.57913 -0.00833304	# 7.0
0.631391 0.0110198 0.999939	# 7.1
0 0 1	# 7.2
0 0 1	# 7.3
0 0 1	# 7.4
0 0 1	# 7.5
0 0 1	# 7.6
0 0 1	# 7.7
0 0 1	# 7.8
0 0 1	# 7.9
0 0 1	# 7.10
0 0 1	# 7.11
0 0 1	# 7.12
0 0 1	# 7.13
0 0 1	# 7.14
0 0 1	# 7.15
0 0 1	# 7.16
0 0 1	# 7.17
0 0 1	# 7.18
0 0 1	# 7.19
0 0 1	# 7.20
0 0 1	# 7.21
0 0 1	# 7.22
0 0 1	# 7.23
0 0 1	# 7.24
0 0 1	# 7.25
0 0 1	# 7.26
0 0 1	# 7.27
0 0 1	# 7.28
0 0 1	# 7.29
0 0 1	# 7.30
0 0 1	# 7.31
128.99 2.25131 -0.629189	# 7.32
90.4407 1.57849 -0.00769208	# 8.0
0.86196 0.015044 0.999887	# 8.1
0 0 1	# 8.2
0 0 1	# 8.3
0 0 1	# 8.4
0 0 1	# 8.5
0 0 1	# 8.6
0 0 1	# 8.7
0 0 1	# 8.8
0 0 1	# 8.9
0 0 1	# 8.10
0 0 1	# 8.11
0 0 1	# 8.12
0 0 1	# 8.13
0 0 1	# 8.14
0 0 1	# 8.15
0 0 1	# 8.16
0 0 1	# 8.17
0 0 1	# 8.18
0 0 1	# 8.19
0 0 1	# 8.20
0 0 1	# 8.21
0 0 1	# 8.22
0 0 1	# 8.23
0 0 1	# 8.24
0 0 1	# 8.25
0 0 1	# 8.26
0 0 1	# 8.27
0 0 1	# 8.28
0 0 1	# 8.29
0 0 1	# 8.30
0 0 1	# 8.31
129.742 2.26443 -0.639338	# 8.32
90.4092 1.57794 -0.00714267	# 9.0
2.9895 0.0521766 0.998639	# 9.1
0 0 1	# 9.2
0 0 1	# 9.3
0 0 1	# 9.4
0 0 1	# 9.5
0 0 1	# 9.6
0 0 1	# 9.7
0 0 1	# 9.8
0 0 1	# 9.9
0 0 1	# 9.10
0 0 1	# 9.11
0 0 1	# 9.12
0 0 1	# 9.13
0 0 1	# 9.14
0 0 1	# 9.15
0 0 1	# 9.16
0 0 1	# 9.17
0 0 1	# 9.18
0 0 1	# 9.19
0 0 1	# 9.20
0 0 1	# 9.21
0 0 1	# 9.22
0 0 1	# 9.23
0 0 1	# 9.24
0 0 1	# 9.25
0 0 1	# 9.26
0 0 1	# 9.27
0 0 1	# 9.28
0 0 1	# 9.29
0 0 1	# 9.30
0 0 1	# 9.31
132.467 2.31198 -0.675164	# 9.32
90.382 1.57746 -0.00666652	# 10.0
2.5944 0.0452808 0.998975	# 10.1
0 0 1	# 10.2
0 0 1	# 10.3
0 0 1	# 10.4
0 0 1	# 10.5
0 0 1	# 10.6
0 0 1	# 10.7
0 0 1	# 10.8
0 0 1	# 10.9
0 0 1	# 10.10
0 0 1	# 10.11
0 0 1	# 10.12
0 0 1	# 10.13
0 0 1	# 10.14
0 0 1	# 10.15
0 0 1	# 10.16
0 0 1	# 10.17
0 0 1	# 10.18
0 0 1	# 10.19
0 0 1	# 10.20
0 0 1	# 10.21
0 0 1	# 10.22
0 0 1	# 10.23
0 0 1	# 10.24
0 0 1	# 10.25
0 0 1	# 10.26
0 0 1	# 10.27
0 0 1	# 10.28
0 0 1	# 10.29
0 0 1	# 10.30
0 0 1	# 10.31
134.084 2.3402 -0.695709	# 10.32
90.3581 1.57705 -0.00624988	# 11.0
0.640315 0.0111756 0.999938	# 11.1
0 0 1	# 11.2
0 0 1	# 11.3
0 0 1	# 11.4
0 0 1	# 11.5
0 0 1	# 11.6
0 0 1	# 11.7
0 0 1	# 11.8
0 0 1	# 11.9
0 0 1	# 11.10
0 0 1	# 11.11
0 0 1	# 11.12
0 0 1	# 11.13
0 0 1	# 11.14
0 0 1	# 11.15
0 0 1	# 11.16
0 0 1	# 11.17
0 0 1	# 11.18
0 0 1	# 11.19
0 0 1	# 11.20
0 0 1	# 11.21
0 0 1	# 11.22
0 0 1	# 11.23
0 0 1	# 11.24
0 0 1	# 11.25
0 0 1	# 11.26
0 0 1	# 11.27
0 0 1	# 11.28
0 0 1	# 11.29
0 0 1	# 11.30
0 0 1	# 11.31
128.194 2.2374 -0.61832	# 11.32
90.337 1.57668 -0.00588225	# 12.0
0.376612 0.00657313 0.999978	# 12.1
0 0 1	# 12.2
0 0 1	# 12.3
0 0 1	# 12.4
0 0 1	# 12.5
0 0 1	# 12.6
0 0 1	# 12.7
0 0 1	# 12.8
0 0 1	# 12.9
0 0 1	# 12.10
0 0 1	# 12.11
0 0 1	# 12.12
0 0 1	# 12.13
0 0 1	# 12.14
0 0 1	# 12.15
0 0 1	# 12.16
0 0 1	# 12.17
0 0 1	# 12.18
0 0 1	# 12.19
0 0 1	# 12.20
0 0 1	# 12.21
0 0 1	# 12.22
0 0 1	# 12.23
0 0 1	# 12.24
0 0 1	# 12.25
0 0 1	# 12.26
0 0 1	# 12.27
0 0 1	# 12.28
0 0 1	# 12.29
0 0 1	# 12.30
0 0 1	# 12.31
122.818 2.14357 -0.541966	# 12.32
90.3183 1.57635 -0.00555547	# 13.0
4.85644 0.0847608 0.99641	# 13.1
0 0 1	# 13.2
0 0 1	# 13.3
0 0 1	# 13.4
0 0 1	# 13.5
0 0 1	# 13.6
0 0 1	# 13.7
0 0 1	# 13.8
0 0 1	# 13.9
0 0 1	# 13.10
0 0 1	# 13.11
0 0 1	# 13.12
0 0 1	# 13.13
0 0 1	# 13.14
0 0 1	# 13.15
0 0 1	# 13.16
0 0 1	# 13.17
0 0 1	# 13.18
0 0 1	# 13.19
0 0 1	# 13.20
0 0 1	# 13.21
0 0 1	# 13.22
0 0 1	# 13.23
0 0 1	# 13.24
0 0 1	# 13.25
0 0 1	# 13.26
0 0 1	# 13.27
0 0 1	# 13.28
0 0 1	# 13.29
0 0 1	# 13.30
0 0 1	# 13.31
129.349 2.25757 -0.634046	# 13.32
90.3016 1.57606 -0.00526308	# 14.0
5.53812 0.0966584 0.995332	# 14.1
0 0 1	# 14.2
0.731116 0.0127604 0.999919	# 14.3
0.618845 0.0108009 0.999942	# 14.4
0.447183 0.00780481 0.99997	# 14.5
0 0 1	# 14.6
0.238116 0.0041559 0.999991	# 14.7
0.573766 0.0100141 0.99995	# 14.8
0.93228 0.0162713 0.999868	# 14.9
1.27023 0.0221697 0.999754	# 14.10
1.16806 0.0203865 0.999792	# 14.11
1.36607 0.0238424 0.999716	# 14.12
1.4159 0.0247121 0.999695	# 14.13
1.45113 0.0253269 0.999679	# 14.14
1.47334 0.0257147 0.999669	# 14.15
1.45595 0.0254111 0.999677	# 14.16
1.41728 0.0247361 0.999694	# 14.17
1.35826 0.0237061 0.999719	# 14.18
1.26513 0.0220806 0.999756	# 14.19
1.16346 0.0203063 0.999794	# 14.20
1.02876 0.0179553 0.999839	# 14.21
0.8817 0.0153886 0.999882	# 14.22
0.721581 0.012594 0.999921	# 14.23
0.537435 0.00938001 0.999956	# 14.24
0.331554 0.0057867 0.999983	# 14.25
0 0 0.999997	# 14.26
0 0 0.999999	# 14.27
0 0 0.999992	# 14.28
0 0 1	# 14.29
0 0 1	# 14.30
0 0 1	# 14.31
141.211 2.4646 -0.779463	# 14.32
90.2865 1.5758 -0.00499994	# 15.0
0.691008 0.0120604 0.999927	# 15.1
0 0 1	# 15.2
1.56836 0.027373 0.999625	# 15.3
1.70518 0.029761 0.999557	# 15.4
1.27536 0.0222592 0.999752	# 15.5
1.25977 0.021987 0.999758	# 15.6
1.19619 0.0208774 0.999782	# 15.7
1.07644 0.0187875 0.999824	# 15.8
0.997293 0.017406 0.999849	# 15.9
0.942686 0.016453 0.999865	# 15.10
0.419642 0.00732413 0.999973	# 15.11
0.369501 0.00644901 0.999979	# 15.12
0 0 0.999994	# 15.13
0 0 0.999999	# 15.14
0 0 1	# 15.15
0 0 1	# 15.16
0 0 0.999999	# 15.17
0 0 0.999999	# 15.18
0 0 1	# 15.19
0 0 1	# 15.20
0 0 0.999999	# 15.21
0 0 0.999996	# 15.22
0.276011 0.0048173 0.999988	# 15.23
0.385084 0.00672099 0.999977	# 15.24
0.548051 0.0095653 0.999954	# 15.25
0.715697 0.0124913 0.999922	# 15.26
0.899219 0.0156943 0.999877	# 15.27
1.12179 0.0195789 0.999808	# 15.28
1.3817 0.0241153 0.999709	# 15.29
1.31763 0.022997 0.999736	# 15.30
1.29497 0.0226015 0.999745	# 15.31
134.762 2.35204 -0.704164	# 15.32
90.2728 1.57556 -0.00476185	# 16.0
2.90203 0.05065 0.998718	# 16.1
0 0 1	# 16.2
0 0 1	# 16.3
0 0 0.999999	# 16.4
0.517293 0.00902847 0.999959	# 16.5
0 0 0.999997	# 16.6
0.262667 0.0045844 0.999989	# 16.7
0.238855 0.0041688 0.999991	# 16.8
0 0 0.999992	# 16.9
0 0 0.999993	# 16.10
0 0 0.999995	# 16.11
0 0 0.999997	# 16.12
0 0 0.999997	# 16.13
0 0 0.999998	# 16.14
0 0 0.999999	# 16.15
0 0 1	# 16.16
0 0 1	# 16.17
0 0 1	# 16.18
0 0 1	# 16.19
0 0 0.999999	# 16.20
0 0 0.999998	# 16.21
0 0 0.999998	# 16.22
0 0 0.999997	# 16.23
0 0 0.999996	# 16.24
0 0 0.999995	# 16.25
0 0 0.999993	# 16.26
0 0 0.999993	# 16.27
0 0 0.999992	# 16.28
0 0 0.999992	# 16.29
0 0 0.999995	# 16.30
0 0 0.999995	# 16.31
120.154 2.09709 -0.502329	# 16.32
90.2604 1.57534 -0.00454541	# 17.0
0.436354 0.00761581 0.999971	# 17.1
0 0 1	# 17.2
0 0 1	# 17.3
0 0 1	# 17.4
0 0 1	# 17.5
0 0 1	# 17.6
0 0 1	# 17.7
0 0 1	# 17.8
0 0 1	# 17.9
0 0 1	# 17.10
0 0 1	# 17.11
0 0 1	# 17.12
0 0 1	# 17.13
0 0 1	# 17.14
0 0 1	# 17.15
0 0 1	# 17.16
0 0 1	# 17.17
0 0 1	# 17.18
0 0 1	# 17.19
0 0 1	# 17.20
0 0 1	# 17.21
0 0 1	# 17.22
0 0 1	# 17.23
0 0 1	# 17.24
0 0 1	# 17.25
0 0 1	# 17.26
0 0 1	# 17.27
0 0 1	# 17.28
0 0 1	# 17.29
0 0 1	# 17.30
0 0 1	# 17.31
114.901 2.00541 -0.421058	# 17.32
90.2491 1.57514 -0.00434778	# 18.0
6.90503 0.120515 0.992747	# 18.1
0 0 1	# 18.2
0 0 1	# 18.3
0 0 0.999999	# 18.4
0 0 0.999997	# 18.5
0 0 0.999994	# 18.6
0 0 0.999998	# 18.7
0 0 0.999997	# 18.8
0 0 0.999997	# 18.9
0 0 0.999998	# 18.10
0 0 0.999999	# 18.11
0 0 0.999999	# 18.12
0 0 0.999999	# 18.13
0 0 1	# 18.14
0 0 1	# 18.15
0 0 1	# 18.16
0 0 1	# 18.17
0 0 1	# 18.18
0 0 1	# 18.19
0 0 0.999999	# 18.20
0 0 0.999999	# 18.21
0 0 0.999998	# 18.22
0 0 0.999998	# 18.23
0 0 0.999997	# 18.24
0 0 0.999997	# 18.25
0 0 0.999996	# 18.26
0 0 0.999996	# 18.27
0 0 0.999998	# 18.28
0.24271 0.00423609 0.999991	# 18.29
0.322307 0.00562532 0.999984	# 18.30
0.322853 0.00563484 0.999984	# 18.31
121.537 2.12123 -0.523056	# 18.32
90.2387 1.57496 -0.00416663	# 19.0
8.42683 0.147076 0.989204	# 19.1
0 0 1	# 19.2
0.713025 0.0124446 0.999923	# 19.3
0.779887 0.0136116 0.999907	# 19.4
0.978194 0.0170727 0.999854	# 19.5
1.09911 0.0191831 0.999816	# 19.6
0.71281 0.0124409 0.999923	# 19.7
0.712416 0.012434 0.999923	# 19.8
0.596897 0.0104178 0.999946	# 19.9
0.481788 0.00840879 0.999965	# 19.10
0.420284 0.00733534 0.999973	# 19.11
0.336158 0.00586706 0.999983	# 19.12
0.30555 0.00533286 0.999986	# 19.13
0.275027 0.00480012 0.999988	# 19.14
0.290289 0.0050665 0.999987	# 19.15
0.328377 0.00573125 0.999984	# 19.16
0.404772 0.00706461 0.999975	# 19.17
0.52668 0.00919229 0.999958	# 19.18
0 0 0.999996	# 19.19
0.228705 0.00399166 0.999992	# 19.20
0 0 0.999994	# 19.21
0 0 0.999996	# 19.22
0 0 0.999995	# 19.23
0 0 0.999995	# 19.24
0 0 0.999993	# 19.25
0.229502 0.00400557 0.999992	# 19.26
0.236932 0.00413524 0.999991	# 19.27
0 0 0.999997	# 19.28
0.350755 0.00612182 0.999981	# 19.29
0.358074 0.00624957 0.99998	# 19.30
0.358164 0.00625114 0.99998	# 19.31
114.163 1.99252 -0.409336	# 19.32
90.2292 1.5748 -0.00399997	# 20.0
1.07304 0.018728 0.999825	# 20.1
0 0 1	# 20.2
0.225022 0.00392737 0.999992	# 20.3
0.247642 0.00432217 0.999991	# 20.4
0.31518 0.00550093 0.999985	# 20.5
0.352732 0.00615633 0.999981	# 20.6
0 0 0.999996	# 20.7
0 0 0.999997	# 20.8
0 0 0.999999	# 20.9
0 0 1	# 20.10
0 0 0.999999	# 20.11
0 0 0.999996	# 20.12
0.232647 0.00406045 0.999992	# 20.13
0.292676 0.00510816 0.999987	# 20.14
0.352845 0.00615831 0.999981	# 20.15
0.390229 0.00681079 0.999977	# 20.16
0.427833 0.00746709 0.999972	# 20.17
0.465794 0.00812964 0.999967	# 20.18
0.630861 0.0110106 0.999939	# 20.19
0.706069 0.0123232 0.999924	# 20.20
0.789728 0.0137834 0.999905	# 20.21
0.857537 0.0149668 0.999888	# 20.22
0.904949 0.0157943 0.999875	# 20.23
0.949558 0.0165729 0.999863	# 20.24
0.945424 0.0165008 0.999864	# 20.25
0.946297 0.016516 0.999864	# 20.26
0.910056 0.0158835 0.999874	# 20.27
0.835783 0.0145872 0.999894	# 20.28
0.65444 0.0114221 0.999935	# 20.29
0 0 0.999997	# 20.30
0 0 0.999997	# 20.31
104.449 1.82298 -0.24952	# 20.32
90.2204 1.57464 -0.00384613	# 21.0
1.5432 0.026934 0.999637	# 21.1
0 0 1	# 21.2
0 0 1	# 21.3
0 0 1	# 21.4
0 0 1	# 21.5
0 0 1	# 21.6
0 0 1	# 21.7
0 0 1	# 21.8
0 0 1	# 21.9
0 0 1	# 21.10
0 0 1	# 21.11
0 0 1	# 21.12
0 0 1	# 21.13
0 0 1	# 21.14
0 0 1	# 21.15
0 0 1	# 21.16
0 0 1	# 21.17
0 0 1	# 21.18
0 0 1	# 21.19
0 0 1	# 21.20
0 0 1	# 21.21
0 0 1	# 21.22
0 0 1	# 21.23
0 0 1	# 21.24
0 0 1	# 21.25
0 0 1	# 21.26
0 0 1	# 21.27
0 0 1	# 21.28
0 0 1	# 21.29
0 0 1	# 21.30
0 0 1	# 21.31
115.165 2.01002 -0.425233	# 21.32
90.2122 1.5745 -0.00370368	# 22.0
4.02166 0.0701912 0.997538	# 22.1
0 0 1	# 22.2
0.835398 0.0145804 0.999894	# 22.3
1.11295 0.0194247 0.999811	# 22.4
1.52517 0.0266192 0.999646	# 22.5
0.675778 0.0117945 0.99993	# 22.6
0.697824 0.0121793 0.999926	# 22.7
0.434878 0.00759005 0.999971	# 22.8
0 0 0.999997	# 22.9
0 0 0.999998	# 22.10
0.390006 0.00680689 0.999977	# 22.11
0.644942 0.0112564 0.999937	# 22.12
0.885217 0.01545 0.999881	# 22.13
1.1111 0.0193923 0.999812	# 22.14
1.3003 0.0226946 0.999742	# 22.15
1.46828 0.0256264 0.999672	# 22.16
1.61476 0.0281828 0.999603	# 22.17
1.69544 0.0295911 0.999562	# 22.18
1.77825 0.0310363 0.999518	# 22.19
1.79875 0.0313942 0.999507	# 22.20
2.03162 0.0354585 0.999371	# 22.21
2.0835 0.036364 0.999339	# 22.22
2.13181 0.0372071 0.999308	# 22.23
2.14167 0.0373792 0.999301	# 22.24
2.08768 0.036437 0.999336	# 22.25
2.01758 0.0352134 0.99938	# 22.26
1.85394 0.0323574 0.999477	# 22.27
1.67645 0.0292596 0.999572	# 22.28
1.2446 0.0217224 0.999764	# 22.29
0.313097 0.00546458 0.999985	# 22.30
0.3108 0.00542448 0.999985	# 22.31
140.873 2.4587 -0.775751	# 22.32
90.2046 1.57437 -0.00357141	# 23.0
7.42084 0.129518 0.991624	# 23.1
0 0 1	# 23.2
0.994858 0.0173635 0.999849	# 23.3
1.16845 0.0203932 0.999792	# 23.4
1.352 0.0235968 0.999722	# 23.5
0 0 0.999994	# 23.6
0.40856 0.00713072 0.999975	# 23.7
0.991366 0.0173026 0.99985	# 23.8
1.48477 0.0259141 0.999664	# 23.9
1.86641 0.032575 0.999469	# 23.10
2.1533 0.0375821 0.999294	# 23.11
2.33246 0.040709 0.999172	# 23.12
2.39075 0.0417264 0.99913	# 23.13
2.32894 0.0406477 0.999174	# 23.14
2.17833 0.0380189 0.999277	# 23.15
1.92036 0.0335167 0.999438	# 23.16
1.56282 0.0272763 0.999628	# 23.17
1.13387 0.0197898 0.999804	# 23.18
0.928587 0.0162069 0.999869	# 23.19
1.72714 0.0301443 0.999546	# 23.20
1.21577 0.0212191 0.999775	# 23.21
1.11485 0.0194578 0.999811	# 23.22
0.806122 0.0140695 0.999901	# 23.23
0.601625 0.0105003 0.999945	# 23.24
0.38351 0.00669352 0.999978	# 23.25
0 0 1	# 23.26
0.261646 0.00456658 0.99999	# 23.27
0.388322 0.00677749 0.999977	# 23.28
0.373213 0.00651379 0.999979	# 23.29
0 0 0.999997	# 23.30
0 0 0.999997	# 23.31
128.921 2.2501 -0.628253	# 23.32
90.1976 1.57424 -0.00344826	# 24.0
0.31747 0.0055409 0.999985	# 24.1
0 0 1	# 24.2
0.805195 0.0140533 0.999901	# 24.3
0.96772 0.0168899 0.999857	# 24.4
1.20796 0.0210829 0.999778	# 24.5
1.52775 0.0266643 0.999645	# 24.6
2.09755 0.0366092 0.99933	# 24.7
2.86926 0.050078 0.998746	# 24.8
3.76886 0.065779 0.997837	# 24.9
1.8982 0.0331299 0.999451	# 24.10
1.81719 0.0317159 0.999497	# 24.11
1.05915 0.0184856 0.999829	# 24.12
0.24896 0.00434517 0.999991	# 24.13
0.495024 0.00863979 0.999963	# 24.14
1.00504 0.0175412 0.999846	# 24.15
1.40321 0.0244906 0.9997	# 24.16
2.88217 0.0503034 0.998735	# 24.17
3.7007 0.0645894 0.997915	# 24.18
4.50577 0.0786405 0.996909	# 24.19
4.63209 0.0808452 0.996734	# 24.20
4.99646 0.0872046 0.9962	# 24.21
5.23157 0.0913082 0.995834	# 24.22
5.10297 0.0890636 0.996036	# 24.23
4.63448 0.0808869 0.99673	# 24.24
3.87223 0.0675832 0.997717	# 24.25
2.72303 0.0475258 0.998871	# 24.26
1.0663 0.0186105 0.999827	# 24.27
1.16612 0.0203527 0.999793	# 24.28
2.66796 0.0465646 0.998916	# 24.29
0 0 1	# 24.30
0 0 1	# 24.31
134.601 2.34923 -0.702164	# 24.32
90.191 1.57413 -0.00333331	# 25.0
4.61241 0.0805017 0.996761	# 25.1
0 0 1	# 25.2
0.812008 0.0141722 0.9999	# 25.3
1.03679 0.0180954 0.999836	# 25.4
1.44378 0.0251987 0.999683	# 25.5
1.34584 0.0234894 0.999724	# 25.6
1.52688 0.026649 0.999645	# 25.7
1.68211 0.0293584 0.999569	# 25.8
2.05433 0.0358549 0.999357	# 25.9
0.598667 0.0104487 0.999945	# 25.10
0.596802 0.0104162 0.999946	# 25.11
0.283293 0.00494439 0.999988	# 25.12
0 0 0.999998	# 25.13
0.305257 0.00532774 0.999986	# 25.14
1.10315 0.0192536 0.999815	# 25.15
1.86434 0.0325389 0.999471	# 25.16
1.01223 0.0176668 0.999844	# 25.17
0.50898 0.00888337 0.999961	# 25.18
0.575054 0.0100366 0.99995	# 25.19
0.545743 0.00952501 0.999955	# 25.20
0 0 0.999999	# 25.21
0.968044 0.0168956 0.999857	# 25.22
0.52145 0.00910102 0.999959	# 25.23
0.383443 0.00669234 0.999978	# 25.24
0 0 0.999997	# 25.25
0 0 0.999993	# 25.26
0.759813 0.0132612 0.999912	# 25.27
1.6596 0.0289656 0.999581	# 25.28
3.04634 0.0531686 0.998587	# 25.29
3.82564 0.06677 0.997772	# 25.30
3.66747 0.0640094 0.997952	# 25.31
90.8651 1.58589 -0.0150976	# 25.32
90.1848 1.57402 -0.00322579	# 26.0
8.91251 0.155553 0.987926	# 26.1
0 0 1	# 26.2
1.75992 0.0307163 0.999528	# 26.3
2.1742 0.0379469 0.99928	# 26.4
3.00554 0.0524566 0.998624	# 26.5
1.24573 0.0217421 0.999764	# 26.6
1.3637 0.0238011 0.999717	# 26.7
0.980522 0.0171133 0.999854	# 26.8
0.629055 0.0109791 0.99994	# 26.9
0.338991 0.0059165 0.999982	# 26.10
0.48953 0.0085439 0.999964	# 26.11
0.999674 0.0174476 0.999848	# 26.12
1.92779 0.0336463 0.999434	# 26.13
3.19669 0.0557928 0.998444	# 26.14
3.92965 0.0685854 0.997649	# 26.15
2.93404 0.0512086 0.998689	# 26.16
1.7472 0.0304944 0.999535	# 26.17
4.03333 0.0703948 0.997523	# 26.18
6.91632 0.120712 0.992723	# 26.19
8.36961 0.146077 0.98935	# 26.20
10.6724 0.186269 0.982702	# 26.21
12.3008 0.21469 0.977043	# 26.22
12.1274 0.211663 0.977683	# 26.23
11.1887 0.19528 0.980993	# 26.24
6.78085 0.118348 0.993005	# 26.25
0 0 0.999993	# 26.26
7.31504 0.127672 0.991861	# 26.27
12.5601 0.219216 0.976068	# 26.28
11.2356 0.196098 0.980834	# 26.29
15.3657 0.268182 0.964254	# 26.30
18.1644 0.317029 0.950166	# 26.31
116.895 2.0402 -0.452358	# 26.32
90.179 1.57392 -0.00312498	# 27.0
5.23549 0.0913765 0.995828	# 27.1
0 0 1	# 27.2
0.863626 0.0150731 0.999886	# 27.3
1.30284 0.0227388 0.999741	# 27.4
1.93404 0.0337553 0.99943	# 27.5
0.962708 0.0168024 0.999859	# 27.6
0.983349 0.0171627 0.999853	# 27.7
0.595654 0.0103961 0.999946	# 27.8
0 0 0.999996	# 27.9
0.416572 0.00727056 0.999974	# 27.10
0.897128 0.0156578 0.999877	# 27.11
1.35032 0.0235676 0.999722	# 27.12
1.7694 0.0308818 0.999523	# 27.13
2.10475 0.0367348 0.999325	# 27.14
2.34359 0.0409034 0.999164	# 27.15
2.47769 0.0432439 0.999065	# 27.16
2.50312 0.0436876 0.999046	# 27.17
2.38995 0.0417125 0.99913	# 27.18
2.06484 0.0360383 0.999351	# 27.19
1.51334 0.0264127 0.999651	# 27.20
1.52743 0.0266586 0.999645	# 27.21
1.24795 0.0217809 0.999763	# 27.22
0.247642 0.00432217 0.999991	# 27.23
0 0 1	# 27.24
0 0 1	# 27.25
0 0 1	# 27.26
0 0 1	# 27.27
0 0 1	# 27.28
0 0 1	# 27.29
0 0 1	# 27.30
0 0 1	# 27.31
90.763 1.58411 -0.0133163	# 27.32
90.1736 1.57383 -0.00303029	# 28.0
8.97966 0.156725 0.987744	# 28.1
0 0 1	# 28.2
5.92359 0.103386 0.99466	# 28.3
6.55975 0.114489 0.993453	# 28.4
2.83943 0.0495574 0.998772	# 28.5
2.93649 0.0512515 0.998687	# 28.6
1.31574 0.0229639 0.999736	# 28.7
0.593631 0.0103608 0.999946	# 28.8
2.61864 0.045704 0.998956	# 28.9
4.35491 0.0760076 0.997113	# 28.10
6.14173 0.107193 0.99426	# 28.11
8.2103 0.143297 0.989751	# 28.12
7.83308 0.136713 0.990669	# 28.13
6.52573 0.113895 0.993521	# 28.14
5.10809 0.0891529 0.996029	# 28.15
3.08616 0.0538636 0.99855	# 28.16
0.868596 0.0151599 0.999885	# 28.17
1.20156 0.0209711 0.99978	# 28.18
2.93931 0.0513007 0.998684	# 28.19
4.10613 0.0716654 0.997433	# 28.20
4.54977 0.0794085 0.996849	# 28.21
4.23598 0.0739317 0.997268	# 28.22
3.6305 0.0633641 0.997993	# 28.23
5.65628 0.0987207 0.995131	# 28.24
12.0378 0.210099 0.97801	# 28.25
12.855 0.224363 0.974936	# 28.26
3.56772 0.0622685 0.998062	# 28.27
0 0 0.999998	# 28.28
0.383233 0.00668868 0.999978	# 28.29
0 0 0.999999	# 28.30
0 0 0.999999	# 28.31
87.5533 1.52809 0.0426906	# 28.32
90.1685 1.57374 -0.00294116	# 29.0
1.88745 0.0329422 0.999457	# 29.1
0 0 1	# 29.2
5.81617 0.101511 0.994852	# 29.3
1.39314 0.0243149 0.999704	# 29.4
0 0 0.999994	# 29.5
1.07253 0.0187191 0.999825	# 29.6
1.56423 0.0273009 0.999627	# 29.7
1.8184 0.0317371 0.999496	# 29.8
1.92114 0.0335302 0.999438	# 29.9
2.10639 0.0367635 0.999324	# 29.10
0.746777 0.0130337 0.999915	# 29.11
2.74067 0.0478338 0.998856	# 29.12
2.70957 0.047291 0.998882	# 29.13
1.47513 0.0257459 0.999669	# 29.14
0.731105 0.0127602 0.999919	# 29.15
0 0 0.999999	# 29.16
0 0 1	# 29.17
0 0 0.999994	# 29.18
0.428337 0.00747589 0.999972	# 29.19
0.676621 0.0118093 0.99993	# 29.20
0.760214 0.0132682 0.999912	# 29.21
0.416378 0.00726716 0.999974	# 29.22
0.903544 0.0157698 0.999876	# 29.23
4.14328 0.0723139 0.997386	# 29.24
8.60644 0.150211 0.98874	# 29.25
9.43332 0.164643 0.986477	# 29.26
12.3277 0.215159 0.976942	# 29.27
9.4653 0.165201 0.986385	# 29.28
3.08994 0.0539297 0.998546	# 29.29
0.260325 0.00454353 0.99999	# 29.30
0.262522 0.00458188 0.99999	# 29.31
69.6519 1.21565 0.347723	# 29.32
90.1637 1.57365 -0.00285713	# 30.0
6.95772 0.121435 0.992636	# 30.1
0 0 1	# 30.2
5.12134 0.0893842 0.996008	# 30.3
3.79206 0.066184 0.997811	# 30.4
1.38417 0.0241582 0.999708	# 30.5
0.592489 0.0103409 0.999947	# 30.6
1.51871 0.0265064 0.999649	# 30.7
4.28971 0.0748695 0.997199	# 30.8
7.76694 0.135559 0.990826	# 30.9
11.9353 0.208311 0.978382	# 30.10
15.3942 0.26868 0.964122	# 30.11
17.9533 0.313344 0.951308	# 30.12
14.2041 0.247909 0.969428	# 30.13
1.54134 0.0269015 0.999638	# 30.14
8.4057 0.146707 0.989258	# 30.15
16.0991 0.280982 0.960784	# 30.16
15.5851 0.272012 0.963232	# 30.17
15.5062 0.270635 0.963601	# 30.18
15.0532 0.262727 0.965685	# 30.19
13.2901 0.231956 0.973219	# 30.20
10.085 0.176016 0.984549	# 30.21
6.52512 0.113885 0.993522	# 30.22
1.00629 0.017563 0.999846	# 30.23
3.47118 0.0605836 0.998165	# 30.24
0.441651 0.00770826 0.99997	# 30.25
0.453345 0.00791236 0.999969	# 30.26
0 0 0.999999	# 30.27
0 0 1	# 30.28
0 0 1	# 30.29
0 0 1	# 30.30
0 0 1	# 30.31
64.3359 1.12287 0.433095	# 30.32
90.1592 1.57357 -0.00277777	# 31.0
6.95117 0.121321 0.99265	# 31.1
0 0 1	# 31.2
7.44455 0.129932 0.991571	# 31.3
5.4393 0.0949336 0.995497	# 31.4
1.01194 0.0176616 0.999844	# 31.5
0.512726 0.00894876 0.99996	# 31.6
1.29427 0.0225892 0.999745	# 31.7
1.30659 0.0228043 0.99974	# 31.8
0.618555 0.0107958 0.999942	# 31.9
2.08592 0.0364061 0.999337	# 31.10
1.18058 0.020605 0.999788	# 31.11
0.889016 0.0155163 0.99988	# 31.12
0.495866 0.00865449 0.999963	# 31.13
0 0 0.999997	# 31.14
0.343332 0.00599228 0.999982	# 31.15
1.00494 0.0175396 0.999846	# 31.16
2.04029 0.0356097 0.999366	# 31.17
3.6488 0.0636836 0.997973	# 31.18
4.03813 0.0704786 0.997517	# 31.19
1.71869 0.0299968 0.99955	# 31.20
4.97655 0.0868572 0.99623	# 31.21
4.69602 0.0819609 0.996643	# 31.22
3.92725 0.0685435 0.997652	# 31.23
3.18904 0.0556593 0.998451	# 31.24
0.909271 0.0158698 0.999874	# 31.25
0.276415 0.00482435 0.999988	# 31.26
0 0 1	# 31.27
0 0 1	# 31.28
0 0 1	# 31.29
0 0 1	# 31.30
0 0 1	# 31.31
92.7227 1.61832 -0.0475028	# 31.32
90.1549 1.5735 -0.00270269	# 32.0
0.900759 0.0157212 0.999876	# 32.1
0 0 1	# 32.2
3.25489 0.0568086 0.998387	# 32.3
3.13468 0.0547104 0.998504	# 32.4
1.64025 0.0286277 0.99959	# 32.5
2.46577 0.0430358 0.999074	# 32.6
2.56905 0.0448384 0.998995	# 32.7
2.35687 0.0411351 0.999154	# 32.8
1.89872 0.033139 0.999451	# 32.9
1.26559 0.0220886 0.999756	# 32.10
0.516051 0.00900679 0.999959	# 32.11
0.29112 0.00508099 0.999987	# 32.12
1.08918 0.0190098 0.999819	# 32.13
1.8455 0.0322101 0.999481	# 32.14
2.2725 0.0396627 0.999214	# 32.15
1.61605 0.0282054 0.999602	# 32.16
0.630989 0.0110128 0.999939	# 32.17
0 0 0.999999	# 32.18
0 0 1	# 32.19
0 0 1	# 32.20
0 0 1	# 32.21
0 0 1	# 32.22
0 0 1	# 32.23
0 0 1	# 32.24
0 0 1	# 32.25
0 0 1	# 32.26
0 0 1	# 32.27
0 0 1	# 32.28
0 0 1	# 32.29
0 0 1	# 32.30
0 0 1	# 32.31
105.879 1.84793 -0.273601	# 32.32
90.1508 1.57343 -0.00263157	# 33.0
4.91267 0.0857423 0.996326	# 33.1
0 0 1	# 33.2
0 0 1	# 33.3
0 0 1	# 33.4
0 0 1	# 33.5
0 0 1	# 33.6
0 0 1	# 33.7
0 0 1	# 33.8
0 0 1	# 33.9
0 0 1	# 33.10
0 0 1	# 33.11
0 0 1	# 33.12
0 0 1	# 33.13
0 0 1	# 33.14
0 0 1	# 33.15
0 0 1	# 33.16
0 0 1	# 33.17
0 0 1	# 33.18
0 0 1	# 33.19
0 0 1	# 33.20
0 0 1	# 33.21
0 0 1	# 33.22
0 0 1	# 33.23
0 0 1	# 33.24
0 0 1	# 33.25
0 0 1	# 33.26
0 0 1	# 33.27
0 0 1	# 33.28
0 0 1	# 33.29
0 0 1	# 33.30
0 0 1	# 33.31
102.734 1.79305 -0.220433	# 33.32
90.1469 1.57336 -0.00256409	# 34.0
4.06572 0.0709603 0.997483	# 34.1
0 0 1	# 34.2
0 0 1	# 34.3
0 0 1	# 34.4
0 0 1	# 34.5
0 0 1	# 34.6
0 0 1	# 34.7
0 0 1	# 34.8
0 0 1	# 34.9
0 0 1	# 34.10
0 0 1	# 34.11
0 0 1	# 34.12
0 0 1	# 34.13
0 0 1	# 34.14
0 0 1	# 34.15
0 0 1	# 34.16
0 0 1	# 34.17
0 0 1	# 34.18
0 0 1	# 34.19
0 0 1	# 34.20
0 0 1	# 34.21
0 0 1	# 34.22
0 0 1	# 34.23
0 0 1	# 34.24
0 0 1	# 34.25
0 0 1	# 34.26
0 0 1	# 34.27
0 0 1	# 34.28
0 0 1	# 34.29
0 0 1	# 34.30
0 0 1	# 34.31
102.93 1.79647 -0.223763	# 34.32
90.1432 1.5733 -0.00249999	# 35.0
5.90599 0.103079 0.994692	# 35.1
0 0 1	# 35.2
0.485841 0.00847952 0.999964	# 35.3
0.349856 0.00610614 0.999981	# 35.4
0 0 0.999996	# 35.5
0.83686 0.014606 0.999893	# 35.6
1.00315 0.0175083 0.999847	# 35.7
0.611143 0.0106665 0.999943	# 35.8
0.615233 0.0107378 0.999942	# 35.9
0.440849 0.00769427 0.99997	# 35.10
0 0 0.999993	# 35.11
0 0 1	# 35.12
0.266505 0.00465138 0.999989	# 35.13
0.532696 0.00929729 0.999957	# 35.14
0.774228 0.0135128 0.999909	# 35.15
1.0247 0.0178844 0.99984	# 35.16
1.23315 0.0215225 0.999768	# 35.17
1.39133 0.0242833 0.999705	# 35.18
1.52932 0.0266916 0.999644	# 35.19
1.57269 0.0274486 0.999623	# 35.20
1.56899 0.0273841 0.999625	# 35.21
1.5067 0.0262969 0.999654	# 35.22
1.34754 0.0235191 0.999723	# 35.23
1.11561 0.0194711 0.99981	# 35.24
0.822855 0.0143615 0.999897	# 35.25
0.449807 0.00785061 0.999969	# 35.26
0 0 1	# 35.27
0.470727 0.00821573 0.999966	# 35.28
1.74663 0.0304844 0.999535	# 35.29
4.17465 0.0728614 0.997347	# 35.30
4.15135 0.0724547 0.997376	# 35.31
100.717 1.75785 -0.185963	# 35.32
90.1397 1.57324 -0.00243902	# 36.0
4.39877 0.076773 0.997054	# 36.1
0 0 1	# 36.2
0.863071 0.0150634 0.999887	# 36.3
0 0 0.999999	# 36.4
1.57481 0.0274856 0.999622	# 36.5
0.254156 0.00443585 0.99999	# 36.6
2.19148 0.0382485 0.999269	# 36.7
0 0 0.999999	# 36.8
0.352256 0.00614802 0.999981	# 36.9
0.240565 0.00419865 0.999991	# 36.10
0.22908 0.00399821 0.999992	# 36.11
0.27776 0.00484782 0.999988	# 36.12
0.264604 0.00461821 0.999989	# 36.13
0 0 0.999993	# 36.14
0 0 0.999997	# 36.15
0 0 0.999999	# 36.16
0 0 1	# 36.17
0 0 1	# 36.18
0 0 0.999999	# 36.19
0 0 0.999998	# 36.20
0 0 0.999998	# 36.21
0 0 0.999998	# 36.22
0 0 1	# 36.23
0 0 1	# 36.24
0 0 0.999996	# 36.25
0.29599 0.00516601 0.999987	# 36.26
0.535902 0.00935325 0.999956	# 36.27
0.820744 0.0143247 0.999897	# 36.28
1.21219 0.0211568 0.999776	# 36.29
1.30766 0.0228231 0.99974	# 36.30
1.31481 0.0229478 0.999737	# 36.31
101.174 1.76583 -0.193795	# 36.32
90.1364 1.57318 -0.00238095	# 37.0
4.98205 0.0869533 0.996222	# 37.1
0 0 1	# 37.2
1.1355 0.0198181 0.999804	# 37.3
1.10267 0.0192452 0.999815	# 37.4
0.855474 0.0149308 0.999889	# 37.5
1.64802 0.0287633 0.999586	# 37.6
1.47459 0.0257365 0.999669	# 37.7
0.671962 0.011728 0.999931	# 37.8
1.16052 0.0202549 0.999795	# 37.9
2.74594 0.0479256 0.998852	# 37.10
3.68994 0.0644016 0.997927	# 37.11
4.55761 0.0795454 0.996838	# 37.12
5.19025 0.090587 0.9959	# 37.13
5.53994 0.0966903 0.995329	# 37.14
5.61879 0.0980664 0.995195	# 37.15
5.43589 0.0948742 0.995503	# 37.16
5.01738 0.0875697 0.996168	# 37.17
4.39126 0.0766419 0.997064	# 37.18
3.53726 0.0617368 0.998095	# 37.19
2.70187 0.0471566 0.998888	# 37.20
1.8002 0.0314195 0.999506	# 37.21
0.95548 0.0166763 0.999861	# 37.22
0 0 0.999993	# 37.23
2.59562 0.045302 0.998974	# 37.24
3.9477 0.0689004 0.997627	# 37.25
6.75542 0.117904 0.993057	# 37.26
7.79341 0.136021 0.990763	# 37.27
0.60952 0.0106381 0.999943	# 37.28
6.20751 0.108341 0.994137	# 37.29
3.90354 0.0681296 0.99768	# 37.30
3.54299 0.0618369 0.998089	# 37.31
73.1435 1.27659 0.289976	# 37.32
90.1332 1.57312 -0.00232558	# 38.0
8.26411 0.144236 0.989616	# 38.1
0 0 1	# 38.2
1.38246 0.0241285 0.999709	# 38.3
1.77864 0.031043 0.999518	# 38.4
2.09926 0.036639 0.999329	# 38.5
2.78901 0.0486774 0.998815	# 38.6
2.61361 0.0456161 0.99896	# 38.7
1.08947 0.0190149 0.999819	# 38.8
0.57575 0.0100487 0.99995	# 38.9
0 0 1	# 38.10
0.792317 0.0138285 0.999904	# 38.11
1.55703 0.0271753 0.999631	# 38.12
2.31763 0.0404502 0.999182	# 38.13
3.05913 0.0533919 0.998575	# 38.14
3.73662 0.0652163 0.997874	# 38.15
4.33505 0.075661 0.997139	# 38.16
4.79398 0.0836707 0.996502	# 38.17
5.10389 0.0890797 0.996035	# 38.18
5.1012 0.0890328 0.996039	# 38.19
5.01233 0.0874817 0.996176	# 38.20
4.70067 0.0820421 0.996636	# 38.21
4.22894 0.0738089 0.997277	# 38.22
3.58979 0.0626536 0.998038	# 38.23
2.75865 0.0481476 0.998841	# 38.24
1.75994 0.0307167 0.999528	# 38.25
0.592048 0.0103332 0.999947	# 38.26
0.700934 0.0122336 0.999925	# 38.27
2.12572 0.0371008 0.999312	# 38.28
2.42679 0.0423555 0.999103	# 38.29
0.790428 0.0137956 0.999905	# 38.30
0.764544 0.0133438 0.999911	# 38.31
61.7708 1.0781 0.473	# 38.32
90.1302 1.57307 -0.00227272	# 39.0
1.50738 0.0263087 0.999654	# 39.1
0 0 1	# 39.2
2.64516 0.0461668 0.998935	# 39.3
4.81783 0.0840869 0.996467	# 39.4
9.52921 0.166316 0.986201	# 39.5
2.1111 0.0368456 0.999321	# 39.6
1.58076 0.0275894 0.999619	# 39.7
1.084 0.0189194 0.999821	# 39.8
2.0147 0.0351631 0.999382	# 39.9
3.78004 0.0659742 0.997824	# 39.10
4.97896 0.0868993 0.996227	# 39.11
5.83785 0.10189 0.994814	# 39.12
6.34209 0.11069 0.99388	# 39.13
6.47796 0.113062 0.993615	# 39.14
6.24958 0.109076 0.994057	# 39.15
5.62924 0.0982488 0.995177	# 39.16
4.68033 0.0816872 0.996665	# 39.17
3.44229 0.0600793 0.998196	# 39.18
1.93225 0.0337242 0.999431	# 39.19
0.225768 0.0039404 0.999992	# 39.20
1.62897 0.0284308 0.999596	# 39.21
3.52374 0.0615008 0.998109	# 39.22
4.15002 0.0724315 0.997378	# 39.23
0.524931 0.00916177 0.999958	# 39.24
0 0 0.999995	# 39.25
0 0 1	# 39.26
0 0 1	# 39.27
0 0 1	# 39.28
0 0 1	# 39.29
0 0 1	# 39.30
0 0 1	# 39.31
124.811 2.17836 -0.570866	# 39.32
90.1273 1.57302 -0.00222222	# 40.0
8.50995 0.148527 0.98899	# 40.1
0 0 1	# 40.2
0 0 1	# 40.3
0 0 1	# 40.4
1.32803 0.0231784 0.999731	# 40.5
0.673018 0.0117464 0.999931	# 40.6
0.975223 0.0170209 0.999855	# 40.7
1.08242 0.0188919 0.999822	# 40.8
0 0 0.999994	# 40.9
0.250816 0.00437757 0.99999	# 40.10
0 0 1	# 40.11
0 0 0.999999	# 40.12
0 0 0.999998	# 40.13
0 0 0.999997	# 40.14
0 0 0.999998	# 40.15
0 0 1	# 40.16
0 0 0.999999	# 40.17
0.29015 0.00506407 0.999987	# 40.18
0.520601 0.00908621 0.999959	# 40.19
0.778722 0.0135913 0.999908	# 40.20
1.1236 0.0196105 0.999808	# 40.21
1.58524 0.0276676 0.999617	# 40.22
2.35091 0.0410312 0.999158	# 40.23
2.76106 0.0481895 0.998839	# 40.24
2.60117 0.0453989 0.99897	# 40.25
2.03753 0.0355617 0.999368	# 40.26
1.55719 0.0271781 0.999631	# 40.27
1.22387 0.0213606 0.999772	# 40.28
0.883318 0.0154168 0.999881	# 40.29
0.391536 0.00683359 0.999977	# 40.30
0.390123 0.00680894 0.999977	# 40.31
115.564 2.01697 -0.431514	# 40.32
90.1246 1.57297 -0.00217391	# 41.0
0.839797 0.0146572 0.999893	# 41.1
0 0 1	# 41.2
1.92943 0.0336749 0.999433	# 41.3
2.2815 0.0398196 0.999207	# 41.4
2.60588 0.0454812 0.998966	# 41.5
2.00555 0.0350035 0.999387	# 41.6
3.35769 0.0586027 0.998283	# 41.7
5.50718 0.0961184 0.995384	# 41.8
7.30317 0.127464 0.991887	# 41.9
8.45811 0.147622 0.989124	# 41.10
6.80528 0.118775 0.992955	# 41.11
5.65697 0.0987328 0.99513	# 41.12
3.36079 0.0586569 0.99828	# 41.13
0.511659 0.00893014 0.99996	# 41.14
2.53387 0.0442244 0.999022	# 41.15
5.39911 0.0942323 0.995563	# 41.16
8.16637 0.14253 0.98986	# 41.17
8.0385 0.140298 0.990174	# 41.18
8.99639 0.157017 0.987698	# 41.19
8.56904 0.149558 0.988837	# 41.20
8.42049 0.146965 0.98922	# 41.21
7.7482 0.135232 0.99087	# 41.22
6.64038 0.115897 0.993292	# 41.23
5.71467 0.0997399 0.99503	# 41.24
3.79067 0.0661596 0.997812	# 41.25
1.19697 0.020891 0.999782	# 41.26
1.72212 0.0300566 0.999548	# 41.27
4.8385 0.0844477 0.996436	# 41.28
6.21596 0.108489 0.994121	# 41.29
1.47187 0.025689 0.99967	# 41.30
1.51786 0.0264917 0.999649	# 41.31
127.996 2.23396 -0.61561	# 41.32
90.1219 1.57292 -0.00212765	# 42.0
14.3143 0.249832 0.968954	# 42.1
0 0 1	# 42.2
1.11079 0.0193869 0.999812	# 42.3
1.17789 0.020558 0.999789	# 42.4
1.35146 0.0235874 0.999722	# 42.5
1.91004 0.0333365 0.999444	# 42.6
2.07491 0.036214 0.999344	# 42.7
2.24837 0.0392415 0.99923	# 42.8
2.39581 0.0418149 0.999126	# 42.9
2.61461 0.0456336 0.998959	# 42.10
1.35743 0.0236916 0.999719	# 42.11
1.32094 0.0230547 0.999734	# 42.12
1.0572 0.0184516 0.99983	# 42.13
1.03585 0.018079 0.999837	# 42.14
1.41751 0.0247402 0.999694	# 42.15
1.95054 0.0340434 0.999421	# 42.16
1.69121 0.0295172 0.999564	# 42.17
1.80734 0.0315441 0.999503	# 42.18
0.999435 0.0174434 0.999848	# 42.19
1.00926 0.0176149 0.999845	# 42.20
0.561754 0.00980445 0.999952	# 42.21
0.517949 0.00903991 0.999959	# 42.22
1.15097 0.0200882 0.999798	# 42.23
0 0 0.999999	# 42.24
0.252649 0.00440955 0.99999	# 42.25
0.758392 0.0132364 0.999912	# 42.26
1.45441 0.0253842 0.999678	# 42.27
2.5193 0.0439701 0.999033	# 42.28
4.02036 0.0701685 0.997539	# 42.29
4.67159 0.0815345 0.996678	# 42.30
4.37309 0.0763248 0.997089	# 42.31
78.9515 1.37796 0.191641	# 42.32
90.1194 1.57288 -0.00208333	# 43.0
1.05337 0.0183847 0.999831	# 43.1
0 0 1	# 43.2
1.06762 0.0186335 0.999826	# 43.3
1.78005 0.0310678 0.999517	# 43.4
2.11088 0.0368418 0.999321	# 43.5
0.543749 0.00949022 0.999955	# 43.6
0.36188 0.00631599 0.99998	# 43.7
0.323798 0.00565134 0.999984	# 43.8
1.03565 0.0180756 0.999837	# 43.9
1.75246 0.0305862 0.999532	# 43.10
3.13679 0.0547474 0.998502	# 43.11
4.46068 0.0778536 0.996971	# 43.12
6.03417 0.105316 0.994459	# 43.13
7.5243 0.131324 0.991389	# 43.14
8.23506 0.143729 0.989689	# 43.15
6.87271 0.119951 0.992814	# 43.16
3.28476 0.0573298 0.998357	# 43.17
5.3779 0.0938621 0.995598	# 43.18
10.4504 0.182394 0.983412	# 43.19
13.9598 0.243644 0.970465	# 43.20
18.6935 0.326263 0.947247	# 43.21
20.0401 0.349766 0.939453	# 43.22
16.7158 0.291746 0.957743	# 43.23
14.0493 0.245206 0.970087	# 43.24
6.67538 0.116507 0.993221	# 43.25
3.39238 0.0592082 0.998248	# 43.26
12.6715 0.22116 0.975644	# 43.27
16.1673 0.282173 0.960453	# 43.28
19.1431 0.33411 0.944703	# 43.29
5.89947 0.102965 0.994704	# 43.30
6.29633 0.109892 0.993968	# 43.31
97.1165 1.695 -0.123888	# 43.32
90.1169 1.57284 -0.00204081	# 44.0
3.06403 0.0534773 0.99857	# 44.1
0 0 1	# 44.2
0.586851 0.0102425 0.999948	# 44.3
0.861784 0.015041 0.999887	# 44.4
0.973731 0.0169948 0.999856	# 44.5
0.282035 0.00492244 0.999988	# 44.6
0.303221 0.00529221 0.999986	# 44.7
0 0 0.999999	# 44.8
0 0 0.999999	# 44.9
0.239591 0.00418166 0.999991	# 44.10
0 0 0.999999	# 44.11
0 0 0.999999	# 44.12
0 0 0.999995	# 44.13
0.295957 0.00516543 0.999987	# 44.14
0.423032 0.0073833 0.999973	# 44.15
0.585376 0.0102167 0.999948	# 44.16
0.769236 0.0134257 0.99991	# 44.17
0.995129 0.0173683 0.999849	# 44.18
1.74673 0.0304862 0.999535	# 44.19
3.93616 0.068699 0.997641	# 44.20
4.26208 0.0743874 0.997235	# 44.21
3.32516 0.0580349 0.998316	# 44.22
0.65949 0.0115103 0.999934	# 44.23
0 0 1	# 44.24
0 0 1	# 44.25
0 0 1	# 44.26
0 0 1	# 44.27
0 0 1	# 44.28
0 0 1	# 44.29
0 0 1	# 44.30
0 0 1	# 44.31
87.5992 1.5289 0.0418888	# 44.32
90.1146 1.5728 -0.002	# 45.0
0 0 0.999999	# 45.1
0 0 1	# 45.2
0 0 0.999999	# 45.3
0 0 0.999999	# 45.4
0 0 1	# 45.5
0 0 1	# 45.6
0 0 1	# 45.7
0 0 1	# 45.8
0 0 0.999999	# 45.9
0 0 0.999999	# 45.10
0 0 1	# 45.11
0 0 1	# 45.12
0 0 1	# 45.13
0 0 1	# 45.14
0 0 0.999999	# 45.15
0 0 0.999999	# 45.16
0 0 1	# 45.17
0 0 1	# 45.18
0 0 1	# 45.19
0 0 1	# 45.20
0 0 0.999999	# 45.21
0 0 0.999999	# 45.22
0 0 1	# 45.23
0 0 1	# 45.24
0 0 1	# 45.25
0 0 0.999999	# 45.26
0 0 0.999999	# 45.27
0 0 1	# 45.28
0 0 1	# 45.29
0 0 1	# 45.30
0 0 1	# 45.31
102.708 1.79259 -0.219984	# 45.32
90.1123 1.57276 -0.00196078	# 46.0
3.21797 0.0561642 0.998423	# 46.1
0 0 1	# 46.2
0 0 1	# 46.3
0 0 1	# 46.4
0 0 1	# 46.5
0 0 1	# 46.6
0 0 0.999999	# 46.7
0 0 0.999999	# 46.8
0 0 1	# 46.9
0 0 1	# 46.10
0 0 1	# 46.11
0 0 1	# 46.12
0 0 1	# 46.13
0 0 1	# 46.14
0 0 1	# 46.15
0 0 1	# 46.16
0 0 1	# 46.17
0 0 1	# 46.18
0 0 0.999999	# 46.19
0 0 0.999999	# 46.20
0 0 1	# 46.21
0 0 1	# 46.22
0 0 1	# 46.23
0 0 1	# 46.24
0 0 1	# 46.25
0 0 1	# 46.26
0 0 1	# 46.27
0 0 1	# 46.28
0 0 1	# 46.29
0 0 1	# 46.30
0 0 1	# 46.31
105.565 1.84246 -0.268336	# 46.32
90.1102 1.57272 -0.00192307	# 47.0
2.42261 0.0422826 0.999106	# 47.1
0 0 0.999999	# 47.2
0.969279 0.0169171 0.999857	# 47.3
1.10733 0.0193266 0.999813	# 47.4
1.24532 0.021735 0.999764	# 47.5
0.276508 0.00482597 0.999988	# 47.6
0 0 0.999997	# 47.7
0.415029 0.00724362 0.999974	# 47.8
0.898941 0.0156895 0.999877	# 47.9
1.45235 0.0253483 0.999679	# 47.10
1.45327 0.0253644 0.999678	# 47.11
1.73242 0.0302365 0.999543	# 47.12
1.80625 0.031525 0.999503	# 47.13
1.94999 0.0340338 0.999421	# 47.14
1.95884 0.0341882 0.999416	# 47.15
1.96572 0.0343083 0.999412	# 47.16
1.8408 0.032128 0.999484	# 47.17
1.90788 0.0332988 0.999446	# 47.18
1.57702 0.0275243 0.999621	# 47.19
1.4376 0.0250909 0.999685	# 47.20
1.2244 0.0213698 0.999772	# 47.21
0.940652 0.0164175 0.999865	# 47.22
0.653463 0.0114051 0.999935	# 47.23
0.354307 0.00618382 0.999981	# 47.24
0 0 0.999997	# 47.25
0.308745 0.00538862 0.999985	# 47.26
0.805965 0.0140667 0.999901	# 47.27
0.880156 0.0153616 0.999882	# 47.28
0 0 0.999997	# 47.29
0 0 1	# 47.30
0 0 1	# 47.31
122.938 2.14568 -0.543735	# 47.32
90.1081 1.57268 -0.00188679	# 48.0
3.49414 0.0609843 0.998141	# 48.1
0 0 0.999999	# 48.2
0.988868 0.017259 0.999851	# 48.3
1.06379 0.0185666 0.999828	# 48.4
1.74472 0.0304511 0.999536	# 48.5
0.985529 0.0172007 0.999852	# 48.6
1.21269 0.0211654 0.999776	# 48.7
1.21286 0.0211683 0.999776	# 48.8
0.986743 0.0172219 0.999852	# 48.9
1.06341 0.0185599 0.999828	# 48.10
0.532372 0.00929165 0.999957	# 48.11
0.45651 0.0079676 0.999968	# 48.12
0.379032 0.00661535 0.999978	# 48.13
0 0 0.999996	# 48.14
0 0 0.999997	# 48.15
0 0 0.999999	# 48.16
0 0 0.999999	# 48.17
0 0 1	# 48.18
0 0 1	# 48.19
0 0 0.999997	# 48.20
0 0 0.999997	# 48.21
0 0 0.999992	# 48.22
0.302933 0.00528717 0.999986	# 48.23
0.379599 0.00662526 0.999978	# 48.24
0.606274 0.0105815 0.999944	# 48.25
0.685036 0.0119561 0.999929	# 48.26
0.843795 0.014727 0.999892	# 48.27
1.14641 0.0200087 0.9998	# 48.28
1.0799 0.0188479 0.999822	# 48.29
0.849408 0.014825 0.99989	# 48.30
0.841795 0.0146921 0.999892	# 48.31
116.857 2.03954 -0.451762	# 48.32
90.1061 1.57265 -0.00185185	# 49.0
0.678233 0.0118374 0.99993	# 49.1
0 0 1	# 49.2
0 0 0.999999	# 49.3
0 0 1	# 49.4
0.226159 0.00394721 0.999992	# 49.5
0 0 0.999999	# 49.6
0 0 0.999997	# 49.7
0 0 0.999999	# 49.8
0 0 1	# 49.9
0 0 0.999997	# 49.10
0 0 0.999999	# 49.11
0 0 1	# 49.12
0 0 0.999997	# 49.13
0 0 1	# 49.14
0 0 0.999997	# 49.15
0 0 1	# 49.16
0 0 0.999999	# 49.17
0 0 1	# 49.18
0 0 0.999999	# 49.19
0 0 0.999999	# 49.20
0 0 0.999999	# 49.21
0 0 1	# 49.22
0 0 1	# 49.23
0 0 0.999999	# 49.24
0 0 1	# 49.25
0 0 1	# 49.26
0 0 0.999999	# 49.27
0 0 0.999999	# 49.28
0 0 0.999997	# 49.29
0 0 0.999999	# 49.30
0 0 0.999999	# 49.31
104.427 1.82259 -0.24914	# 49.32
90.1042 1.57261 -0.00181818	# 50.0
5.02679 0.0877341 0.996154	# 50.1
0 0 1	# 50.2
0 0 0.999999	# 50.3
0 0 0.999999	# 50.4
0 0 1	# 50.5
0 0 1	# 50.6
0 0 1	# 50.7
0 0 1	# 50.8
0 0 0.999999	# 50.9
0 0 0.999999	# 50.10
0 0 1	# 50.11
0 0 1	# 50.12
0 0 1	# 50.13
0 0 1	# 50.14
0 0 0.999999	# 50.15
0 0 0.999999	# 50.16
0 0 1	# 50.17
0 0 1	# 50.18
0 0 1	# 50.19
0 0 1	# 50.20
0 0 0.999999	# 50.21
0 0 0.999999	# 50.22
0 0 1	# 50.23
0 0 1	# 50.24
0 0 1	# 50.25
0 0 1	# 50.26
0 0 0.999999	# 50.27
0 0 0.999999	# 50.28
0 0 1	# 50.29
0 0 1	# 50.30
0 0 1	# 50.31
107.43 1.87501 -0.299546	# 50.32
90.1023 1.57258 -0.00178571	# 51.0
1.52511 0.0266181 0.999646	# 51.1
0 0 1	# 51.2
0.290552 0.00507109 0.999987	# 51.3
0.58101 0.0101405 0.999949	# 51.4
0.653544 0.0114065 0.999935	# 51.5
0.944011 0.0164761 0.999864	# 51.6
1.16214 0.0202832 0.999794	# 51.7
1.45397 0.0253765 0.999678	# 51.8
1.89295 0.0330381 0.999454	# 51.9
1.53532 0.0267963 0.999641	# 51.10
0 0 0.999997	# 51.11
1.45722 0.0254333 0.999677	# 51.12
3.13038 0.0546355 0.998508	# 51.13
4.58713 0.0800606 0.996797	# 51.14
5.05163 0.0881675 0.996116	# 51.15
4.35884 0.0760761 0.997108	# 51.16
3.06134 0.0534304 0.998573	# 51.17
3.07805 0.0537222 0.998557	# 51.18
2.28333 0.0398516 0.999206	# 51.19
1.83373 0.0320046 0.999488	# 51.20
1.46016 0.0254847 0.999675	# 51.21
1.02775 0.0179376 0.999839	# 51.22
0.924596 0.0161372 0.99987	# 51.23
0.413649 0.00721954 0.999974	# 51.24
0 0 0.999999	# 51.25
0.687555 0.0120001 0.999928	# 51.26
1.41203 0.0246445 0.999696	# 51.27
2.54259 0.0443766 0.999016	# 51.28
3.52293 0.0614868 0.99811	# 51.29
3.75184 0.065482 0.997857	# 51.30
3.92112 0.0684365 0.997659	# 51.31
111.551 1.94693 -0.367327	# 51.32
90.1005 1.57255 -0.00175438	# 52.0
9.76161 0.170372 0.985522	# 52.1
0 0 1	# 52.2
0 0 0.999996	# 52.3
0.327423 0.00571461 0.999984	# 52.4
0 0 0.999999	# 52.5
0 0 0.999996	# 52.6
0.246941 0.00430994 0.999991	# 52.7
0.249145 0.00434841 0.999991	# 52.8
0.495716 0.00865188 0.999963	# 52.9
1.06575 0.0186008 0.999827	# 52.10
0.248129 0.00433067 0.999991	# 52.11
0.332983 0.00581165 0.999983	# 52.12
0.414197 0.0072291 0.999974	# 52.13
0.339053 0.0059176 0.999982	# 52.14
0.754202 0.0131633 0.999913	# 52.15
1.07074 0.0186879 0.999825	# 52.16
0.734218 0.0128145 0.999918	# 52.17
2.45019 0.0427639 0.999086	# 52.18
1.02643 0.0179146 0.99984	# 52.19
0.797432 0.0139178 0.999903	# 52.20
0.311583 0.00543815 0.999985	# 52.21
0.953907 0.0166488 0.999861	# 52.22
0 0 0.999999	# 52.23
0 0 1	# 52.24
0.265485 0.00463359 0.999989	# 52.25
0.495159 0.00864216 0.999963	# 52.26
1.10774 0.0193338 0.999813	# 52.27
2.96159 0.0516896 0.998664	# 52.28
6.23141 0.108759 0.994092	# 52.29
9.04677 0.157896 0.98756	# 52.30
8.36482 0.145994 0.989362	# 52.31
80.2706 1.40099 0.168995	# 52.32
90.0988 1.57252 -0.00172414	# 53.0
2.72139 0.0474973 0.998872	# 53.1
0 0 0.999999	# 53.2
1.66168 0.0290018 0.999579	# 53.3
2.46181 0.0429668 0.999077	# 53.4
0.332496 0.00580315 0.999983	# 53.5
0 0 0.999994	# 53.6
0.667843 0.0116561 0.999932	# 53.7
1.86285 0.0325129 0.999472	# 53.8
3.12055 0.0544639 0.998517	# 53.9
4.44426 0.077567 0.996993	# 53.10
5.99141 0.10457 0.994538	# 53.11
7.48621 0.130659 0.991476	# 53.12
8.56053 0.149409 0.988859	# 53.13
9.34999 0.163188 0.986714	# 53.14
8.92598 0.155788 0.98789	# 53.15
5.83684 0.101872 0.994816	# 53.16
0.705676 0.0123164 0.999924	# 53.17
10.9161 0.190521 0.981906	# 53.18
13.3002 0.232133 0.973178	# 53.19
14.2052 0.247927 0.969423	# 53.20
16.183 0.282447 0.960376	# 53.21
15.3194 0.267374 0.964468	# 53.22
14.2813 0.249256 0.969096	# 53.23
14.4116 0.251529 0.968533	# 53.24
10.9511 0.191133 0.98179	# 53.25
0.808278 0.0141071 0.9999	# 53.26
5.76787 0.100668 0.994937	# 53.27
10.6155 0.185275 0.982886	# 53.28
7.90649 0.137994 0.990494	# 53.29
2.10008 0.0366533 0.999328	# 53.30
2.17746 0.0380038 0.999278	# 53.31
84.0837 1.46754 0.103076	# 53.32
90.0971 1.57249 -0.00169491	# 54.0
0.679584 0.011861 0.99993	# 54.1
0 0 0.999999	# 54.2
2.34162 0.040869 0.999165	# 54.3
4.99163 0.0871204 0.996207	# 54.4
0 0 1	# 54.5
0 0 0.999999	# 54.6
1.21163 0.0211469 0.999776	# 54.7
2.48693 0.0434052 0.999058	# 54.8
3.46484 0.0604728 0.998172	# 54.9
4.4537 0.0777317 0.99698	# 54.10
3.79145 0.0661733 0.997811	# 54.11
3.88717 0.0678438 0.997699	# 54.12
3.30348 0.0576567 0.998338	# 54.13
2.77969 0.0485147 0.998823	# 54.14
2.01493 0.0351671 0.999382	# 54.15
1.09612 0.0191309 0.999817	# 54.16
0 0 0.999999	# 54.17
0.93236 0.0162727 0.999868	# 54.18
28.8959 0.504329 0.875499	# 54.19
28.9714 0.505646 0.874862	# 54.20
4.03759 0.0704692 0.997518	# 54.21
4.02193 0.070196 0.997537	# 54.22
3.79116 0.0661682 0.997812	# 54.23
2.8719 0.0501241 0.998744	# 54.24
1.58656 0.0276907 0.999617	# 54.25
0.226209 0.00394809 0.999992	# 54.26
0 0 1	# 54.27
28.9994 0.506136 0.874625	# 54.28
28.9994 0.506136 0.874625	# 54.29
0 0 1	# 54.30
0 0 1	# 54.31
99.007 1.728 -0.156554	# 54.32
90.0955 1.57246 -0.00166666	# 55.0
0 0 1	# 55.1
0 0 1	# 55.2
0 0 1	# 55.3
0.436238 0.0076138 0.999971	# 55.4
0 0 0.999999	# 55.5
0 0 0.999995	# 55.6
0 0 0.999999	# 55.7
0 0 1	# 55.8
0 0 0.999999	# 55.9
0 0 0.999999	# 55.10
0 0 0.999999	# 55.11
0 0 0.999999	# 55.12
0 0 0.999999	# 55.13
0 0 1	# 55.14
0 0 0.999995	# 55.15
0 0 0.999995	# 55.16
0 0 0.999999	# 55.17
0 0 0.999995	# 55.18
0.349463 0.00609927 0.999981	# 55.19
0 0 0.999995	# 55.20
0.436652 0.00762101 0.999971	# 55.21
11.6102 0.202636 0.979539	# 55.22
11.6079 0.202596 0.979547	# 55.23
0.26157 0.00456525 0.99999	# 55.24
0.348883 0.00608916 0.999981	# 55.25
0 0 0.999995	# 55.26
0.262405 0.00457984 0.99999	# 55.27
0 0 0.999995	# 55.28
0 0 0.999999	# 55.29
0 0 0.999999	# 55.30
11.6255 0.202903 0.979486	# 55.31
99.9216 1.74396 -0.172301	# 55.32
90.0939 1.57244 -0.00163934	# 56.0
3.98769 0.0695983 0.997579	# 56.1
0 0 1	# 56.2
2.90419 0.0506876 0.998716	# 56.3
3.24503 0.0566365 0.998397	# 56.4
1.44383 0.0251996 0.999683	# 56.5
1.71341 0.0299047 0.999553	# 56.6
1.89637 0.0330979 0.999452	# 56.7
0 0 0.999995	# 56.8
0 0 0.999995	# 56.9
0 0 0.999995	# 56.10
0.369801 0.00645424 0.999979	# 56.11
0.282076 0.00492315 0.999988	# 56.12
0.280759 0.00490017 0.999988	# 56.13
0 0 0.999998	# 56.14
0 0 0.999999	# 56.15
0.352968 0.00616045 0.999981	# 56.16
0.537439 0.00938007 0.999956	# 56.17
0.990697 0.0172909 0.999851	# 56.18
1.17967 0.0205892 0.999788	# 56.19
11.9863 0.2092 0.978197	# 56.20
11.961 0.208758 0.978289	# 56.21
1.33541 0.0233073 0.999728	# 56.22
2.96148 0.0516876 0.998664	# 56.23
2.96971 0.0518313 0.998657	# 56.24
1.98719 0.0346831 0.999399	# 56.25
0.812889 0.0141876 0.999899	# 56.26
41.2486 0.719924 0.751856	# 56.27
41.2499 0.719946 0.751841	# 56.28
1.17681 0.0205392 0.999789	# 56.29
1.08587 0.018952 0.99982	# 56.30
33.595 0.586344 0.832969	# 56.31
99.3611 1.73418 -0.162655	# 56.32
90.0924 1.57241 -0.0016129	# 57.0
6.17485 0.107771 0.994198	# 57.1
0 0 1	# 57.2
2.60083 0.0453931 0.99897	# 57.3
2.75009 0.0479981 0.998848	# 57.4
0 0 0.999994	# 57.5
1.41176 0.0246398 0.999696	# 57.6
3.8085 0.0664708 0.997792	# 57.7
6.76413 0.118056 0.993039	# 57.8
8.67301 0.151373 0.988565	# 57.9
10.2243 0.178449 0.98412	# 57.10
26.8786 0.46912 0.891966	# 57.11
25.6667 0.447969 0.901329	# 57.12
4.20309 0.0733578 0.997311	# 57.13
1.56198 0.0272618 0.999628	# 57.14
1.4863 0.0259408 0.999664	# 57.15
4.29408 0.0749458 0.997193	# 57.16
6.29444 0.109859 0.993972	# 57.17
6.88301 0.120131 0.992793	# 57.18
8.76091 0.152907 0.988333	# 57.19
6.62952 0.115707 0.993313	# 57.20
5.78928 0.101042 0.9949	# 57.21
6.60283 0.115241 0.993367	# 57.22
7.50089 0.130915 0.991443	# 57.23
8.27394 0.144408 0.989591	# 57.24
26.4704 0.461996 0.895165	# 57.25
26.3102 0.459199 0.896408	# 57.26
6.64326 0.115947 0.993286	# 57.27
5.04736 0.088093 0.996122	# 57.28
2.94858 0.0514624 0.998676	# 57.29
0.504901 0.00881219 0.999961	# 57.30
0.491682 0.00858147 0.999963	# 57.31
152.764 2.66623 -0.889128	# 57.32
90.0909 1.57238 -0.0015873	# 58.0
3.76759 0.0657569 0.997839	# 58.1
0 0 1	# 58.2
3.42579 0.0597913 0.998213	# 58.3
4.64129 0.0810058 0.996721	# 58.4
0.959328 0.0167434 0.99986	# 58.5
1.84218 0.0321521 0.999483	# 58.6
4.42743 0.0772732 0.997016	# 58.7
6.37104 0.111196 0.993824	# 58.8
7.88484 0.137616 0.990546	# 58.9
8.59921 0.150084 0.988758	# 58.10
7.88614 0.137639 0.990543	# 58.11
10.5516 0.18416 0.98309	# 58.12
9.70912 0.169456 0.985677	# 58.13
1.66048 0.0289808 0.99958	# 58.14
1.77168 0.0309217 0.999522	# 58.15
4.07838 0.0711811 0.997468	# 58.16
6.54146 0.11417 0.99349	# 58.17
8.07756 0.14098 0.990079	# 58.18
12.7692 0.222864 0.975268	# 58.19
13.5261 0.236075 0.972264	# 58.20
8.5132 0.148583 0.988982	# 58.21
7.06992 0.123393 0.992397	# 58.22
5.58748 0.0975199 0.995249	# 58.23
4.33434 0.0756485 0.99714	# 58.24
2.96279 0.0517104 0.998663	# 58.25
1.818 0.03173 0.999497	# 58.26
2.02632 0.035366 0.999375	# 58.27
6.29513 0.109871 0.99397	# 58.28
3.96071 0.0691275 0.997612	# 58.29
3.13865 0.0547798 0.9985	# 58.30
2.81299 0.0490959 0.998795	# 58.31
144.043 2.51402 -0.809455	# 58.32
90.0895 1.57236 -0.0015625	# 59.0
4.60598 0.0803895 0.996771	# 59.1
0 0 0.999999	# 59.2
1.0704 0.0186821 0.999825	# 59.3
0.658505 0.0114931 0.999934	# 59.4
1.2312 0.0214886 0.999769	# 59.5
1.39651 0.0243736 0.999703	# 59.6
1.89078 0.0330003 0.999456	# 59.7
1.89497 0.0330734 0.999453	# 59.8
1.81423 0.0316643 0.999499	# 59.9
1.73771 0.0303288 0.99954	# 59.10
0.475663 0.00830189 0.999966	# 59.11
1.07208 0.0187113 0.999825	# 59.12
0.568573 0.00992347 0.999951	# 59.13
0 0 0.999997	# 59.14
0.993642 0.0173423 0.99985	# 59.15
0.659095 0.0115034 0.999934	# 59.16
0.659162 0.0115046 0.999934	# 59.17
0.340189 0.00593742 0.999982	# 59.18
0.332633 0.00580554 0.999983	# 59.19
0 0 0.999999	# 59.20
0 0 0.999999	# 59.21
0 0 0.999997	# 59.22
0 0 0.999996	# 59.23
0.229019 0.00399713 0.999992	# 59.24
0 0 0.999999	# 59.25
0.264433 0.00461522 0.999989	# 59.26
0.529549 0.00924237 0.999957	# 59.27
1.29416 0.0225874 0.999745	# 59.28
2.48909 0.0434429 0.999057	# 59.29
2.92415 0.0510361 0.998698	# 59.30
2.75958 0.0481638 0.99884	# 59.31
71.7157 1.25168 0.313732	# 59.32
90.0881 1.57233 -0.00153846	# 60.0
18.5992 0.324618 0.947773	# 60.1
0 0 0.999999	# 60.2
2.58733 0.0451574 0.998981	# 60.3
4.16969 0.0727749 0.997353	# 60.4
5.19592 0.090686 0.995891	# 60.5
6.02852 0.105218 0.99447	# 60.6
5.71458 0.0997383 0.99503	# 60.7
5.30028 0.0925073 0.995724	# 60.8
4.16162 0.072634 0.997363	# 60.9
3.57837 0.0624543 0.99805	# 60.10
3.87797 0.0676833 0.99771	# 60.11
0.552777 0.00964777 0.999953	# 60.12
0.488079 0.00851858 0.999964	# 60.13
0.269858 0.00470992 0.999989	# 60.14
2.30595 0.0402465 0.99919	# 60.15
3.4912 0.0609329 0.998144	# 60.16
3.24125 0.0565706 0.9984	# 60.17
0.519619 0.00906906 0.999959	# 60.18
1.95356 0.0340961 0.999419	# 60.19
0 0 1	# 60.20
2.41594 0.0421662 0.999111	# 60.21
4.41438 0.0770456 0.997033	# 60.22
6.03145 0.105269 0.994464	# 60.23
7.26083 0.126725 0.991981	# 60.24
8.54809 0.149192 0.988891	# 60.25
9.58085 0.167217 0.986052	# 60.26
3.28422 0.0573205 0.998358	# 60.27
2.1518 0.037556 0.999295	# 60.28
0.69908 0.0122013 0.999926	# 60.29
2.40183 0.0419198 0.999121	# 60.30
2.76014 0.0481736 0.99884	# 60.31
51.4422 0.897836 0.623304	# 60.32
90.0868 1.57231 -0.00151515	# 61.0
5.47756 0.0956015 0.995434	# 61.1
0 0 0.999999	# 61.2
4.31793 0.0753622 0.997162	# 61.3
5.58246 0.0974323 0.995257	# 61.4
1.77686 0.031012 0.999519	# 61.5
0.942645 0.0164523 0.999865	# 61.6
6.62693 0.115662 0.993319	# 61.7
11.7784 0.205572 0.978944	# 61.8
14.5403 0.253776 0.967971	# 61.9
12.6184 0.220233 0.975847	# 61.10
4.85906 0.0848066 0.996406	# 61.11
8.06935 0.140837 0.990099	# 61.12
12.7082 0.221801 0.975503	# 61.13
6.5545 0.114398 0.993464	# 61.14
1.66636 0.0290835 0.999577	# 61.15
5.64619 0.0985446 0.995148	# 61.16
9.51143 0.166006 0.986253	# 61.17
6.21088 0.1084 0.99413	# 61.18
1.92238 0.0335519 0.999437	# 61.19
2.976 0.051941 0.998651	# 61.20
7.76274 0.135485 0.990836	# 61.21
11.7867 0.205717 0.978915	# 61.22
14.2031 0.24789 0.969432	# 61.23
14.8321 0.25887 0.96668	# 61.24
13.4412 0.234593 0.972609	# 61.25
10.1314 0.176827 0.984407	# 61.26
9.89768 0.172747 0.985116	# 61.27
2.93603 0.0512434 0.998687	# 61.28
7.3586 0.128432 0.991764	# 61.29
15.9279 0.277994 0.961608	# 61.30
95.099 1.65979 -0.0888762	# 61.31
137.401 2.3981 -0.73611	# 61.32
90.0855 1.57229 -0.00149254	# 62.0
4.74129 0.0827512 0.996578	# 62.1
0 0 0.999999	# 62.2
0 0 0.999999	# 62.3
0 0 1	# 62.4
0 0 1	# 62.5
0 0 0.999999	# 62.6
0 0 0.999999	# 62.7
0 0 1	# 62.8
0 0 1	# 62.9
0 0 0.999999	# 62.10
0 0 0.999999	# 62.11
0 0 1	# 62.12
0 0 0.999999	# 62.13
0 0 0.999999	# 62.14
0 0 1	# 62.15
0 0 1	# 62.16
0 0 0.999999	# 62.17
0 0 0.999999	# 62.18
0 0 1	# 62.19
0 0 0.999999	# 62.20
0 0 0.999999	# 62.21
0 0 1	# 62.22
0 0 1	# 62.23
0 0 0.999999	# 62.24
0 0 0.999999	# 62.25
0 0 1	# 62.26
0 0 1	# 62.27
0 0 0.999999	# 62.28
0 0 0.999999	# 62.29
0 0 1	# 62.30
0 0 1	# 62.31
104.417 1.82242 -0.248974	# 62.32
90.0843 1.57227 -0.00147059	# 63.0
1.49058 0.0260156 0.999662	# 63.1
0 0 0.999999	# 63.2
0 0 0.999999	# 63.3
0 0 1	# 63.4
0 0 0.999999	# 63.5
0 0 0.999999	# 63.6
0 0 1	# 63.7
0 0 0.999999	# 63.8
0 0 0.999999	# 63.9
0 0 1	# 63.10
0 0 0.999999	# 63.11
0 0 0.999999	# 63.12
0 0 1	# 63.13
0 0 0.999999	# 63.14
0 0 0.999999	# 63.15
0 0 1	# 63.16
0 0 0.999999	# 63.17
0 0 0.999999	# 63.18
0 0 1	# 63.19
0 0 0.999999	# 63.20
0 0 0.999999	# 63.21
0 0 1	# 63.22
0 0 0.999999	# 63.23
0 0 0.999999	# 63.24
0 0 1	# 63.25
0 0 0.999999	# 63.26
0 0 0.999999	# 63.27
0 0 1	# 63.28
0 0 0.999999	# 63.29
0 0 0.999999	# 63.30
0 0 0.999999	# 63.31
101.459 1.77079 -0.19866	# 63.32
90.083 1.57225 -0.00144927	# 64.0
0 0 0.999999	# 64.1
0 0 1	# 64.2
0.733397 0.0128002 0.999918	# 64.3
0.733408 0.0128004 0.999918	# 64.4
1.0596 0.0184935 0.999829	# 64.5
0.570314 0.00995386 0.99995	# 64.6
0.570648 0.00995968 0.99995	# 64.7
0.488927 0.00853338 0.999964	# 64.8
0.40729 0.00710855 0.999975	# 64.9
0 0 0.999996	# 64.10
0 0 0.999999	# 64.11
0 0 0.999999	# 64.12
0 0 0.999996	# 64.13
0.326052 0.00569069 0.999984	# 64.14
0.488779 0.0085308 0.999964	# 64.15
0.570634 0.00995945 0.99995	# 64.16
0.733444 0.012801 0.999918	# 64.17
0.81557 0.0142344 0.999899	# 64.18
0.896286 0.0156431 0.999878	# 64.19
0 0 0.999999	# 64.20
0 0 1	# 64.21
0 0 0.999999	# 64.22
0 0 0.999999	# 64.23
0 0 1	# 64.24
0 0 1	# 64.25
0 0 0.999999	# 64.26
0 0 0.999999	# 64.27
0 0 1	# 64.28
0 0 0.999999	# 64.29
0 0 0.999999	# 64.30
0 0 0.999999	# 64.31
98.2056 1.71401 -0.142726	# 64.32
90.0819 1.57222 -0.00142857	# 65.0
6.57249 0.114712 0.993428	# 65.1
0 0 0.999999	# 65.2
0.734212 0.0128144 0.999918	# 65.3
0.731467 0.0127665 0.999919	# 65.4
1.17002 0.0204206 0.999792	# 65.5
1.67888 0.029302 0.999571	# 65.6
2.40393 0.0419565 0.99912	# 65.7
3.12882 0.0546082 0.998509	# 65.8
4.15245 0.0724738 0.997375	# 65.9
5.27926 0.0921405 0.995758	# 65.10
6.70946 0.117102 0.993151	# 65.11
8.77394 0.153134 0.988298	# 65.12
8.03251 0.140194 0.990189	# 65.13
3.12634 0.0545649 0.998512	# 65.14
5.3832 0.0939545 0.99559	# 65.15
10.7373 0.187402 0.982492	# 65.16
15.1304 0.264076 0.965334	# 65.17
17.7057 0.309023 0.952631	# 65.18
20.0833 0.350519 0.939195	# 65.19
18.7233 0.326784 0.94708	# 65.20
13.9366 0.24324 0.970563	# 65.21
6.86648 0.119843 0.992827	# 65.22
2.07487 0.0362134 0.999344	# 65.23
11.7864 0.205711 0.978916	# 65.24
17.8543 0.311617 0.951839	# 65.25
14.3756 0.250901 0.968689	# 65.26
24.7894 0.432656 0.907855	# 65.27
22.7003 0.396195 0.922536	# 65.28
16.5692 0.289187 0.958476	# 65.29
2.75842 0.0481435 0.998841	# 65.30
2.47655 0.0432239 0.999066	# 65.31
52.3126 0.913028 0.611353	# 65.32
90.0807 1.5722 -0.00140845	# 66.0
4.09709 0.0715076 0.997444	# 66.1
0 0 1	# 66.2
0.308766 0.00538899 0.999985	# 66.3
0.30799 0.00537544 0.999986	# 66.4
0.308414 0.00538284 0.999986	# 66.5
0.409982 0.00715554 0.999974	# 66.6
0.410023 0.00715625 0.999974	# 66.7
0.511974 0.00893563 0.99996	# 66.8
0.409554 0.00714807 0.999974	# 66.9
0.409277 0.00714323 0.999974	# 66.10
0.510945 0.00891767 0.99996	# 66.11
0.408281 0.00712585 0.999975	# 66.12
1.3218 0.0230698 0.999734	# 66.13
2.92524 0.0510551 0.998697	# 66.14
0 0 1	# 66.15
0.597818 0.0104339 0.999946	# 66.16
0.713912 0.0124601 0.999922	# 66.17
0.709623 0.0123853 0.999923	# 66.18
0.707252 0.0123439 0.999924	# 66.19
0.604523 0.0105509 0.999944	# 66.20
0.502999 0.00877899 0.999961	# 66.21
0.301704 0.00526573 0.999986	# 66.22
0 0 0.999998	# 66.23
0.301045 0.00525422 0.999986	# 66.24
0.602193 0.0105103 0.999945	# 66.25
1.10562 0.0192967 0.999814	# 66.26
1.51134 0.0263779 0.999652	# 66.27
2.32209 0.0405281 0.999179	# 66.28
3.04784 0.0531949 0.998585	# 66.29
3.24593 0.0566521 0.998396	# 66.30
3.14624 0.0549122 0.998493	# 66.31
113.578 1.98232 -0.400003	# 66.32
90.0796 1.57219 -0.00138889	# 67.0
0.721828 0.0125983 0.999921	# 67.1
0 0 1	# 67.2
0.794015 0.0138582 0.999904	# 67.3
0.794143 0.0138604 0.999904	# 67.4
0.938797 0.0163851 0.999866	# 67.5
1.51733 0.0264824 0.999649	# 67.6
1.59157 0.0277781 0.999614	# 67.7
1.37865 0.024062 0.999711	# 67.8
0.947151 0.0165309 0.999863	# 67.9
0 0 0.999999	# 67.10
1.59287 0.0278008 0.999614	# 67.11
3.62325 0.0632376 0.998001	# 67.12
8.33707 0.145509 0.989432	# 67.13
11.1947 0.195384 0.980973	# 67.14
6.62003 0.115541 0.993333	# 67.15
4.75993 0.0830764 0.996551	# 67.16
0.821937 0.0143455 0.999897	# 67.17
3.73971 0.0652703 0.997871	# 67.18
7.88727 0.137659 0.99054	# 67.19
11.2335 0.196062 0.980841	# 67.20
11.8942 0.207593 0.97853	# 67.21
8.35134 0.145758 0.989396	# 67.22
9.518 0.166121 0.986234	# 67.23
12.3275 0.215156 0.976943	# 67.24
12.1929 0.212806 0.977442	# 67.25
9.63362 0.168138 0.985898	# 67.26
6.68161 0.116616 0.993208	# 67.27
4.21588 0.073581 0.997294	# 67.28
1.27622 0.0222743 0.999752	# 67.29
0 0 0.999997	# 67.30
0 0 0.999997	# 67.31
28.95 0.505273 0.875042	# 67.32
90.0785 1.57217 -0.00136986	# 68.0
3.26989 0.0570704 0.998372	# 68.1
0 0 0.999999	# 68.2
0 0 0.999992	# 68.3
0.52057 0.00908566 0.999959	# 68.4
0.594873 0.0103825 0.999946	# 68.5
0.817298 0.0142645 0.999898	# 68.6
0.965363 0.0168488 0.999858	# 68.7
1.11338 0.0194322 0.999811	# 68.8
1.26158 0.0220187 0.999758	# 68.9
1.4101 0.0246108 0.999697	# 68.10
1.48515 0.0259208 0.999664	# 68.11
1.41378 0.024675 0.999696	# 68.12
0 0 1	# 68.13
0.446997 0.00780157 0.99997	# 68.14
1.04252 0.0181953 0.999834	# 68.15
1.782 0.0311017 0.999516	# 68.16
2.5216 0.0440102 0.999032	# 68.17
3.33877 0.0582725 0.998303	# 68.18
4.02033 0.0701679 0.997539	# 68.19
4.95416 0.0864664 0.996264	# 68.20
5.52802 0.0964822 0.995349	# 68.21
4.92618 0.0859781 0.996306	# 68.22
6.06638 0.105878 0.9944	# 68.23
6.85375 0.119621 0.992854	# 68.24
6.539 0.114127 0.993495	# 68.25
5.16754 0.0901905 0.995936	# 68.26
3.09804 0.0540709 0.998539	# 68.27
0.975121 0.0170191 0.999855	# 68.28
0 0 0.999998	# 68.29
0 0 1	# 68.30
0 0 1	# 68.31
48.093 0.83938 0.667924	# 68.32
90.0774 1.57215 -0.00135135	# 69.0
1.4379 0.025096 0.999685	# 69.1
0 0 0.999999	# 69.2
0 0 1	# 69.3
0.359557 0.00627546 0.99998	# 69.4
0.431412 0.00752956 0.999972	# 69.5
0.718792 0.0125453 0.999921	# 69.6
0.934255 0.0163058 0.999867	# 69.7
1.14985 0.0200687 0.999799	# 69.8
1.36579 0.0238375 0.999716	# 69.9
1.51114 0.0263744 0.999652	# 69.10
1.72952 0.0301857 0.999544	# 69.11
1.518 0.0264941 0.999649	# 69.12
1.51855 0.0265036 0.999649	# 69.13
1.31144 0.022889 0.999738	# 69.14
1.45143 0.0253322 0.999679	# 69.15
1.24584 0.021744 0.999764	# 69.16
1.24631 0.0217523 0.999763	# 69.17
1.1774 0.0205496 0.999789	# 69.18
0.962124 0.0167922 0.999859	# 69.19
1.03106 0.0179954 0.999838	# 69.20
0.963605 0.0168181 0.999859	# 69.21
0.90458 0.0157879 0.999875	# 69.22
0.968018 0.0168951 0.999857	# 69.23
0.690751 0.0120559 0.999927	# 69.24
0.745785 0.0130164 0.999915	# 69.25
0.675997 0.0117984 0.99993	# 69.26
0.544639 0.00950575 0.999955	# 69.27
0.674349 0.0117696 0.999931	# 69.28
0.544053 0.00949552 0.999955	# 69.29
0.528643 0.00922656 0.999957	# 69.30
0.523123 0.00913023 0.999958	# 69.31
73.5943 1.28446 0.282437	# 69.32
90.0764 1.57213 -0.00133333	# 70.0
4.46357 0.077904 0.996967	# 70.1
0 0 0.999999	# 70.2
0.525804 0.00917701 0.999958	# 70.3
0.328488 0.00573319 0.999984	# 70.4
0.394074 0.00687789 0.999976	# 70.5
0.262697 0.00458493 0.999989	# 70.6
0 0 0.999999	# 70.7
0 0 0.999994	# 70.8
0.65719 0.0114701 0.999934	# 70.9
1.05289 0.0183763 0.999831	# 70.10
1.58163 0.0276047 0.999619	# 70.11
1.38763 0.0242188 0.999707	# 70.12
1.92005 0.0335113 0.999439	# 70.13
1.99791 0.0348701 0.999392	# 70.14
2.20834 0.0385428 0.999257	# 70.15
2.2293 0.0389087 0.999243	# 70.16
2.3765 0.0414778 0.99914	# 70.17
2.27481 0.0397029 0.999212	# 70.18
2.35588 0.0411179 0.999155	# 70.19
2.17921 0.0380345 0.999277	# 70.20
2.06056 0.0359636 0.999353	# 70.21
1.75246 0.0305861 0.999532	# 70.22
1.60065 0.0279366 0.99961	# 70.23
1.25167 0.0218458 0.999761	# 70.24
0.899334 0.0156963 0.999877	# 70.25
0.521056 0.00909415 0.999959	# 70.26
0 0 1	# 70.27
0 0 0.999999	# 70.28
0.229855 0.00401173 0.999992	# 70.29
0 0 0.999997	# 70.30
0 0 0.999997	# 70.31
66.246 1.15621 0.402811	# 70.32
90.0754 1.57211 -0.00131579	# 71.0
3.57113 0.0623281 0.998058	# 71.1
0 0 1	# 71.2
0.269821 0.00470926 0.999989	# 71.3
0.404559 0.00706088 0.999975	# 71.4
0.539331 0.0094131 0.999956	# 71.5
0.741176 0.012936 0.999916	# 71.6
0.875582 0.0152818 0.999883	# 71.7
1.07726 0.0188018 0.999823	# 71.8
1.14449 0.0199751 0.999801	# 71.9
1.34688 0.0235076 0.999724	# 71.10
1.48257 0.0258757 0.999665	# 71.11
1.35082 0.0235763 0.999722	# 71.12
1.28425 0.0224143 0.999749	# 71.13
0.47319 0.00825872 0.999966	# 71.14
1.41875 0.0247619 0.999693	# 71.15
2.76389 0.0482389 0.998837	# 71.16
4.04122 0.0705325 0.997514	# 71.17
5.47469 0.0955514 0.995438	# 71.18
6.43301 0.112277 0.993704	# 71.19
7.23124 0.126209 0.992046	# 71.20
6.9494 0.12129 0.992653	# 71.21
6.91751 0.120733 0.992721	# 71.22
6.08805 0.106257 0.99436	# 71.23
5.00335 0.087325 0.99619	# 71.24
3.4518 0.0602453 0.998186	# 71.25
1.66901 0.0291297 0.999576	# 71.26
0.473044 0.00825617 0.999966	# 71.27
2.16502 0.0377867 0.999286	# 71.28
1.419 0.0247663 0.999693	# 71.29
0.259879 0.00453574 0.99999	# 71.30
0.262976 0.00458979 0.999989	# 71.31
144.851 2.52812 -0.817654	# 71.32
90.0744 1.5721 -0.0012987	# 72.0
7.64037 0.13335 0.991122	# 72.1
0 0 1	# 72.2
0.380699 0.00664445 0.999978	# 72.3
0.456569 0.00796863 0.999968	# 72.4
0.683138 0.011923 0.999929	# 72.5
0.759148 0.0132496 0.999912	# 72.6
1.05939 0.0184898 0.999829	# 72.7
1.05876 0.0184789 0.999829	# 72.8
1.28317 0.0223955 0.999749	# 72.9
1.43219 0.0249964 0.999688	# 72.10
1.6567 0.0289149 0.999582	# 72.11
1.73129 0.0302166 0.999544	# 72.12
2.18308 0.0381019 0.999274	# 72.13
1.50946 0.0263451 0.999653	# 72.14
1.66182 0.0290043 0.999579	# 72.15
1.59156 0.027778 0.999614	# 72.16
1.518 0.0264941 0.999649	# 72.17
1.52447 0.0266071 0.999646	# 72.18
1.61042 0.0281071 0.999605	# 72.19
2.06713 0.0360782 0.999349	# 72.20
0.838499 0.0146346 0.999893	# 72.21
1.06743 0.0186302 0.999826	# 72.22
0.995881 0.0173814 0.999849	# 72.23
1.22497 0.0213797 0.999771	# 72.24
1.39867 0.0244114 0.999702	# 72.25
1.7359 0.0302971 0.999541	# 72.26
2.09853 0.0366263 0.999329	# 72.27
2.77344 0.0484057 0.998829	# 72.28
3.0481 0.0531993 0.998585	# 72.29
2.56635 0.0447912 0.998997	# 72.30
2.38689 0.0416591 0.999132	# 72.31
134.842 2.35343 -0.705153	# 72.32
90.0735 1.57208 -0.00128205	# 73.0
1.40547 0.0245301 0.999699	# 73.1
0 0 0.999999	# 73.2
0 0 0.999996	# 73.3
0 0 1	# 73.4
0 0 0.999999	# 73.5
0 0 0.999996	# 73.6
0 0 1	# 73.7
0 0 0.999996	# 73.8
0 0 0.999999	# 73.9
0 0 1	# 73.10
0 0 1	# 73.11
0.234369 0.00409051 0.999992	# 73.12
0.390698 0.00681897 0.999977	# 73.13
0.390486 0.00681527 0.999977	# 73.14
0.390726 0.00681945 0.999977	# 73.15
0.469156 0.00818831 0.999966	# 73.16
0.625557 0.010918 0.99994	# 73.17
0.547536 0.00955631 0.999954	# 73.18
0.704328 0.0122928 0.999924	# 73.19
0.70481 0.0123013 0.999924	# 73.20
0.62853 0.0109699 0.99994	# 73.21
0.783746 0.013679 0.999906	# 73.22
0.706791 0.0123358 0.999924	# 73.23
0.787031 0.0137363 0.999906	# 73.24
0.709648 0.0123857 0.999923	# 73.25
0.787647 0.013747 0.999906	# 73.26
0.63358 0.0110581 0.999939	# 73.27
0.713019 0.0124445 0.999923	# 73.28
0.633194 0.0110513 0.999939	# 73.29
0.486962 0.00849909 0.999964	# 73.30
0.484574 0.00845742 0.999964	# 73.31
110.828 1.93432 -0.355568	# 73.32
90.0725 1.57206 -0.00126582	# 74.0
2.62542 0.0458223 0.99895	# 74.1
0 0 0.999999	# 74.2
2.22752 0.0388775 0.999244	# 74.3
1.35187 0.0235945 0.999722	# 74.4
2.54396 0.0444005 0.999014	# 74.5
1.18719 0.0207204 0.999785	# 74.6
1.02876 0.0179553 0.999839	# 74.7
0.552075 0.00963552 0.999954	# 74.8
0 0 0.999996	# 74.9
0.238591 0.00416419 0.999991	# 74.10
0.55494 0.00968552 0.999953	# 74.11
0.870722 0.015197 0.999885	# 74.12
1.18752 0.0207262 0.999785	# 74.13
1.26782 0.0221276 0.999755	# 74.14
1.4279 0.0249216 0.999689	# 74.15
1.58891 0.0277317 0.999616	# 74.16
1.51177 0.0263854 0.999652	# 74.17
1.59327 0.0278079 0.999613	# 74.18
1.35731 0.0236895 0.999719	# 74.19
1.27807 0.0223066 0.999751	# 74.20
1.03953 0.0181432 0.999835	# 74.21
0.72181 0.012598 0.999921	# 74.22
0.479884 0.00837556 0.999965	# 74.23
0 0 0.999999	# 74.24
0.319112 0.00556956 0.999984	# 74.25
0.643102 0.0112242 0.999937	# 74.26
0.963343 0.0168135 0.999859	# 74.27
1.52084 0.0265436 0.999648	# 74.28
1.35871 0.0237139 0.999719	# 74.29
0 0 0.999999	# 74.30
0 0 0.999999	# 74.31
101.879 1.77813 -0.205849	# 74.32
90.0716 1.57205 -0.00125	# 75.0
3.6902 0.0644062 0.997927	# 75.1
0 0 0.999999	# 75.2
2.52134 0.0440057 0.999032	# 75.3
2.00444 0.034984 0.999388	# 75.4
4.08546 0.0713047 0.997459	# 75.5
0.664063 0.0115901 0.999933	# 75.6
0 0 0.999996	# 75.7
0 0 0.999999	# 75.8
0 0 0.999996	# 75.9
0.495007 0.0086395 0.999963	# 75.10
0.413723 0.00722084 0.999974	# 75.11
0.581545 0.0101499 0.999948	# 75.12
0.501692 0.00875617 0.999962	# 75.13
0.670066 0.0116949 0.999932	# 75.14
0.670819 0.011708 0.999931	# 75.15
0.669309 0.0116817 0.999932	# 75.16
0.664419 0.0115963 0.999933	# 75.17
0.657883 0.0114822 0.999934	# 75.18
0.568405 0.00992055 0.999951	# 75.19
0.562474 0.00981702 0.999952	# 75.20
0.396063 0.0069126 0.999976	# 75.21
0.315163 0.00550063 0.999985	# 75.22
0 0 0.999996	# 75.23
0 0 1	# 75.24
0 0 0.999996	# 75.25
0.396997 0.00692891 0.999976	# 75.26
0.562437 0.00981637 0.999952	# 75.27
0.812563 0.0141819 0.999899	# 75.28
1.31924 0.023025 0.999735	# 75.29
1.23974 0.0216376 0.999766	# 75.30
1.24063 0.0216531 0.999766	# 75.31
96.3178 1.68106 -0.110043	# 75.32
90.0707 1.57203 -0.00123457	# 76.0
4.73663 0.0826697 0.996585	# 76.1
0 0 0.999999	# 76.2
0 0 1	# 76.3
0.430986 0.00752212 0.999972	# 76.4
0 0 0.999993	# 76.5
0.358898 0.00626396 0.99998	# 76.6
0.360091 0.00628477 0.99998	# 76.7
0.360354 0.00628936 0.99998	# 76.8
0.360642 0.00629439 0.99998	# 76.9
0.431788 0.00753612 0.999972	# 76.10
0.2897 0.00505621 0.999987	# 76.11
0.360924 0.00629931 0.99998	# 76.12
0.360417 0.00629047 0.99998	# 76.13
0.361347 0.0063067 0.99998	# 76.14
0.287578 0.00501918 0.999987	# 76.15
0.290878 0.00507678 0.999987	# 76.16
0.287338 0.00501499 0.999987	# 76.17
0 0 0.999993	# 76.18
0 0 0.999993	# 76.19
0 0 0.999999	# 76.20
0 0 0.999993	# 76.21
0 0 1	# 76.22
0 0 0.999999	# 76.23
0 0 1	# 76.24
0 0 0.999997	# 76.25
0 0 0.999999	# 76.26
0 0 0.999993	# 76.27
0 0 0.999999	# 76.28
0 0 0.999999	# 76.29
0 0 1	# 76.30
0 0 1	# 76.31
89.0155 1.55361 0.0171821	# 76.32
90.0699 1.57202 -0.00121951	# 77.0
1.52755 0.0266608 0.999645	# 77.1
0 0 0.999998	# 77.2
0 0 0.999998	# 77.3
0 0 1	# 77.4
0 0 0.999998	# 77.5
0 0 0.999998	# 77.6
0 0 0.999998	# 77.7
0 0 0.999998	# 77.8
0 0 1	# 77.9
0 0 0.999998	# 77.10
0 0 0.999998	# 77.11
0 0 1	# 77.12
0 0 0.999998	# 77.13
0 0 0.999998	# 77.14
0 0 1	# 77.15
0 0 0.999998	# 77.16
0 0 0.999998	# 77.17
0 0 1	# 77.18
0 0 0.999998	# 77.19
0 0 0.999998	# 77.20
0 0 0.999998	# 77.21
0 0 0.999998	# 77.22
0 0 1	# 77.23
0 0 0.999998	# 77.24
0 0 0.999998	# 77.25
0 0 1	# 77.26
0 0 0.999998	# 77.27
0 0 0.999998	# 77.28
0 0 1	# 77.29
0 0 0.999998	# 77.30
0 0 0.999998	# 77.31
93.9847 1.64034 -0.0694895	# 77.32
90.069 1.572 -0.00120482	# 78.0
4.29417 0.0749474 0.997193	# 78.1
0 0 0.999999	# 78.2
1.32942 0.0232028 0.999731	# 78.3
1.96456 0.0342881 0.999412	# 78.4
2.79914 0.0488542 0.998807	# 78.5
3.77988 0.0659713 0.997825	# 78.6
4.6737 0.0815714 0.996675	# 78.7
0.844041 0.0147313 0.999891	# 78.8
0.931517 0.016258 0.999868	# 78.9
4.11213 0.0717702 0.997426	# 78.10
7.40901 0.129312 0.991651	# 78.11
7.04437 0.122948 0.992451	# 78.12
8.72127 0.152215 0.988438	# 78.13
8.96517 0.156472 0.987783	# 78.14
8.84234 0.154328 0.988115	# 78.15
8.14775 0.142205 0.989906	# 78.16
6.99793 0.122137 0.992551	# 78.17
5.3164 0.0927887 0.995698	# 78.18
3.25969 0.0568924 0.998382	# 78.19
0.874274 0.015259 0.999884	# 78.20
1.70819 0.0298135 0.999556	# 78.21
4.54196 0.0792721 0.99686	# 78.22
5.70148 0.0995096 0.995053	# 78.23
1.87637 0.0327489 0.999464	# 78.24
0 0 0.999997	# 78.25
0 0 1	# 78.26
0 0 0.999999	# 78.27
0 0 1	# 78.28
0 0 1	# 78.29
0 0 1	# 78.30
0 0 1	# 78.31
134.906 2.35455 -0.705946	# 78.32
90.0682 1.57199 -0.00119048	# 79.0
11.5679 0.201897 0.979688	# 79.1
0 0 1	# 79.2
0.461175 0.00804902 0.999968	# 79.3
0.554847 0.00968391 0.999953	# 79.4
0.919485 0.016048 0.999871	# 79.5
1.28533 0.0224332 0.999748	# 79.6
2.00955 0.0350732 0.999385	# 79.7
2.08986 0.036475 0.999335	# 79.8
2.71407 0.0473694 0.998878	# 79.9
2.97447 0.0519143 0.998653	# 79.10
3.23755 0.0565059 0.998404	# 79.11
1.70463 0.0297515 0.999557	# 79.12
1.78868 0.0312183 0.999513	# 79.13
1.51093 0.0263707 0.999652	# 79.14
0.97092 0.0169457 0.999856	# 79.15
0.959671 0.0167494 0.99986	# 79.16
0.773474 0.0134997 0.999909	# 79.17
0.507293 0.00885393 0.999961	# 79.18
0.587902 0.0102608 0.999947	# 79.19
0.583921 0.0101913 0.999948	# 79.20
0.66648 0.0116323 0.999932	# 79.21
0.591349 0.010321 0.999947	# 79.22
0.931194 0.0162524 0.999868	# 79.23
0.944324 0.0164816 0.999864	# 79.24
1.29828 0.0226593 0.999743	# 79.25
1.57206 0.0274376 0.999624	# 79.26
1.77945 0.0310573 0.999518	# 79.27
2.24861 0.0392456 0.99923	# 79.28
2.72596 0.0475771 0.998868	# 79.29
2.51097 0.0438247 0.99904	# 79.30
2.36923 0.0413509 0.999145	# 79.31
128.18 2.23716 -0.618135	# 79.32
# Superblock 0
1	# numero de blocos no superbloco
0	# numero de nos no grafo
0	# numero de arestas no grafo
0	# cor de maior indice
0	# permutacao que resolveu ou nao a floresta
0	# todas as permutacoes
2	# Numero de segmentos em contato
# cpid1, cpid2, distancia original, distancia atual, com e sem subtrair os raios
15 31 16 30 22.6849 0 -1.12418 -23.809 # CONTATO
15 31 16 31 22.2576 0 -1.55144 -23.809 # CONTATO
0	# todas as componentes
# Superblock 1
1	# numero de blocos no superbloco
0	# numero de nos no grafo
0	# numero de arestas no grafo
0	# cor de maior indice
0	# permutacao que resolveu ou nao a floresta
0	# todas as permutacoes
4	# Numero de segmentos em contato
# cpid1, cpid2, distancia original, distancia atual, com e sem subtrair os raios
18 30 19 30 21.0966 0 -3.9777 -25.0743 # CONTATO
18 30 19 31 20.0899 0 -4.98442 -25.0743 # CONTATO
18 31 19 30 21.7879 0 -3.28647 -25.0743 # CONTATO
18 31 19 31 10.6535 0 -14.4208 -25.0743 # CONTATO
0	# todas as componentes
# Superblock 2
1	# numero de blocos no superbloco
0	# numero de nos no grafo
0	# numero de arestas no grafo
0	# cor de maior indice
0	# permutacao que resolveu ou nao a floresta
0	# todas as permutacoes
1	# Numero de segmentos em contato
# cpid1, cpid2, distancia original, distancia atual, com e sem subtrair os raios
22 31 23 31 22.4517 0 -0.266656 -22.7184 # CONTATO
0	# todas as componentes
# Superblock 3
1	# numero de blocos no superbloco
0	# numero de nos no grafo
0	# numero de arestas no grafo
0	# cor de maior indice
0	# permutacao que resolveu ou nao a floresta
0	# todas as permutacoes
18	# Numero de segmentos em contato
# cpid1, cpid2, distancia original, distancia atual, com e sem subtrair os raios
23 20 24 20 21.2748 0 -1.15741 -22.4323 # CONTATO
23 20 24 21 17.2555 0 -5.17678 -22.4323 # CONTATO
23 21 24 21 5.65666 0 -16.7756 -22.4323 # CONTATO
23 21 24 22 2.7952 0 -19.637 -22.4323 # CONTATO
23 22 24 21 21.8777 0 -0.554545 -22.4323 # CONTATO
23 22 24 22 0 0 -22.4323 -22.4323 # CONTATO
23 22 24 23 5.28512 0 -17.1471 -22.4323 # CONTATO
23 23 24 23 6.71323 0 -15.719 -22.4323 # CONTATO
23 23 24 24 10.811 0 -11.6213 -22.4323 # CONTATO
23 24 24 24 10.811 0 -11.6213 -22.4323 # CONTATO
23 24 24 25 9.36463 0 -13.0676 -22.4323 # CONTATO
23 25 24 25 6.29613 0 -16.1361 -22.4323 # CONTATO
23 25 24 26 2.9219 0 -19.5104 -22.4323 # CONTATO
23 26 24 26 0 0 -22.4323 -22.4323 # CONTATO
23 26 24 27 3.03493 0 -19.3973 -22.4323 # CONTATO
23 27 24 27 7.53315 0 -14.8991 -22.4323 # CONTATO
23 27 24 28 15.7301 0 -6.70217 -22.4323 # CONTATO
23 28 24 28 20.7779 0 -1.65433 -22.4323 # CONTATO
0	# todas as componentes
# Superblock 4
2	# numero de blocos no superbloco
0	# numero de nos no grafo
0	# numero de arestas no grafo
0	# cor de maior indice
0	# permutacao que resolveu ou nao a floresta
0	# todas as permutacoes
2	# Numero de segmentos em contato
# cpid1, cpid2, distancia original, distancia atual, com e sem subtrair os raios
24 31 26 31 12.2478 0 -11.7433 -23.9911 # CONTATO
25 31 26 30 24.5354 0 -0.686604 -25.2221 # CONTATO
0	# todas as componentes
# Superblock 5
1	# numero de blocos no superbloco
0	# numero de nos no grafo
0	# numero de arestas no grafo
0	# cor de maior indice
0	# permutacao que resolveu ou nao a floresta
0	# todas as permutacoes
10	# Numero de segmentos em contato
# cpid1, cpid2, distancia original, distancia atual, com e sem subtrair os raios
26 21 27 20 17.1407 0 -8.23605 -25.3767 # CONTATO
26 21 27 21 12.7631 0 -12.6136 -25.3767 # CONTATO
26 22 27 20 24.2208 0 -1.1559 -25.3767 # CONTATO
26 22 27 21 10.0761 0 -15.3006 -25.3767 # CONTATO
26 22 27 22 8.87829 0 -16.4984 -25.3767 # CONTATO
26 23 27 21 19.2343 0 -6.14237 -25.3767 # CONTATO
26 23 27 22 8.87829 0 -16.4984 -25.3767 # CONTATO
26 23 27 23 17.792 0 -7.58466 -25.3767 # CONTATO
26 24 27 22 23.3537 0 -2.02298 -25.3767 # CONTATO
26 24 27 23 19.4919 0 -5.88477 -25.3767 # CONTATO
0	# todas as componentes
# Superblock 6
1	# numero de blocos no superbloco
0	# numero de nos no grafo
0	# numero de arestas no grafo
0	# cor de maior indice
0	# permutacao que resolveu ou nao a floresta
0	# todas as permutacoes
11	# Numero de segmentos em contato
# cpid1, cpid2, distancia original, distancia atual, com e sem subtrair os raios
28 25 29 26 23.278 0 -0.961451 -24.2395 # CONTATO
28 25 29 27 10.5888 0 -13.6507 -24.2395 # CONTATO
28 26 29 27 7.1549 0 -17.0845 -24.2395 # CONTATO
28 26 29 28 0 0 -24.2395 -24.2395 # CONTATO
28 26 29 29 20.5663 0 -3.67318 -24.2395 # CONTATO
28 27 29 28 8.94229 0 -15.2972 -24.2395 # CONTATO
28 27 29 29 11.2516 0 -12.9878 -24.2395 # CONTATO
28 27 30 25 25.5617 0 -0.349753 -25.9115 # CONTATO
28 28 30 25 9.58232 0 -16.3291 -25.9115 # CONTATO
28 28 30 26 0 0 -25.9115 -25.9115 # CONTATO
28 29 30 26 4.06414 0 -21.8473 -25.9115 # CONTATO
0	# todas as componentes
# Superblock 7
1	# numero de blocos no superbloco
0	# numero de nos no grafo
0	# numero de arestas no grafo
0	# cor de maior indice
0	# permutacao que resolveu ou nao a floresta
0	# todas as permutacoes
6	# Numero de segmentos em contato
# cpid1, cpid2, distancia original, distancia atual, com e sem subtrair os raios
29 13 30 10 16.6115 0 -8.40946 -25.021 # CONTATO
29 13 30 11 16.5715 0 -8.4495 -25.021 # CONTATO
29 14 30 10 16.6349 0 -8.38607 -25.021 # CONTATO
29 14 30 11 16.5715 0 -8.4495 -25.021 # CONTATO
29 15 30 11 17.148 0 -7.87299 -25.021 # CONTATO
29 15 30 12 17.148 0 -7.87299 -25.021 # CONTATO
0	# todas as componentes
# Superblock 8
1	# numero de blocos no superbloco
0	# numero de nos no grafo
0	# numero de arestas no grafo
0	# cor de maior indice
0	# permutacao que resolveu ou nao a floresta
0	# todas as permutacoes
16	# Numero de segmentos em contato
# cpid1, cpid2, distancia original, distancia atual, com e sem subtrair os raios
30 17 31 20 19.804 0 -5.0217 -24.8257 # CONTATO
30 17 31 21 11.496 0 -13.3297 -24.8257 # CONTATO
30 18 31 21 6.138 0 -18.6877 -24.8257 # CONTATO
30 18 31 22 0 0 -24.8257 -24.8257 # CONTATO
30 18 31 23 16.2015 0 -8.62419 -24.8257 # CONTATO
30 19 31 22 3.34998 0 -21.4757 -24.8257 # CONTATO
30 19 31 23 3.34998 0 -21.4757 -24.8257 # CONTATO
30 19 31 24 5.46645 0 -19.3592 -24.8257 # CONTATO
30 19 32 16 22.2655 0 -2.21664 -24.4821 # CONTATO
30 19 32 17 20.4196 0 -4.06251 -24.4821 # CONTATO
30 20 31 23 9.32186 0 -15.5038 -24.8257 # CONTATO
30 20 31 24 0 0 -24.8257 -24.8257 # CONTATO
30 20 31 25 2.41099 0 -22.4147 -24.8257 # CONTATO
30 20 32 17 20.4196 0 -4.06251 -24.4821 # CONTATO
30 21 31 25 5.47637 0 -19.3493 -24.8257 # CONTATO
30 21 31 26 15.5139 0 -9.31174 -24.8257 # CONTATO
0	# todas as componentes
# Superblock 9
1	# numero de blocos no superbloco
0	# numero de nos no grafo
0	# numero de arestas no grafo
0	# cor de maior indice
0	# permutacao que resolveu ou nao a floresta
0	# todas as permutacoes
6	# Numero de segmentos em contato
# cpid1, cpid2, distancia original, distancia atual, com e sem subtrair os raios
35 30 37 30 15.2585 0 -9.1149 -24.3734 # CONTATO
35 31 37 30 0 0 -24.3734 -24.3734 # CONTATO
35 31 37 31 1.08682 0 -23.2866 -24.3734 # CONTATO
35 31 38 30 17.0886 0 -10.2493 -27.338 # CONTATO
35 31 38 31 17.1031 0 -10.2348 -27.338 # CONTATO
37 31 38 31 22.2586 0 -3.99158 -26.2502 # CONTATO
0	# todas as componentes
# Superblock 10
1	# numero de blocos no superbloco
0	# numero de nos no grafo
0	# numero de arestas no grafo
0	# cor de maior indice
0	# permutacao que resolveu ou nao a floresta
0	# todas as permutacoes
1	# Numero de segmentos em contato
# cpid1, cpid2, distancia original, distancia atual, com e sem subtrair os raios
36 31 37 27 15.8574 0 -7.82548 -23.6829 # CONTATO
0	# todas as componentes
# Superblock 11
1	# numero de blocos no superbloco
0	# numero de nos no grafo
0	# numero de arestas no grafo
0	# cor de maior indice
0	# permutacao que resolveu ou nao a floresta
0	# todas as permutacoes
21	# Numero de segmentos em contato
# cpid1, cpid2, distancia original, distancia atual, com e sem subtrair os raios
40 23 41 18 20.2596 0 -6.37888 -26.6385 # CONTATO
40 23 41 19 21.443 0 -5.1955 -26.6385 # CONTATO
40 24 41 18 16.2579 0 -10.3806 -26.6385 # CONTATO
40 24 41 19 5.21613 0 -21.4224 -26.6385 # CONTATO
40 25 41 19 0 0 -26.6385 -26.6385 # CONTATO
40 25 41 20 4.19883 0 -22.4397 -26.6385 # CONTATO
40 26 41 19 26.5238 0 -0.114652 -26.6385 # CONTATO
40 26 41 20 7.49129 0 -19.1472 -26.6385 # CONTATO
40 26 41 21 16.8625 0 -9.77596 -26.6385 # CONTATO
40 27 41 20 17.9085 0 -8.72999 -26.6385 # CONTATO
40 27 41 21 16.9979 0 -9.64059 -26.6385 # CONTATO
40 27 41 22 26.0364 0 -0.602075 -26.6385 # CONTATO
40 28 41 21 20.4691 0 -6.1694 -26.6385 # CONTATO
40 28 41 22 18.9967 0 -7.64177 -26.6385 # CONTATO
40 29 41 22 17.6084 0 -9.03007 -26.6385 # CONTATO
40 29 41 23 13.1875 0 -13.451 -26.6385 # CONTATO
40 30 41 23 4.37891 0 -22.2596 -26.6385 # CONTATO
40 30 41 24 3.26441 0 -23.3741 -26.6385 # CONTATO
40 31 41 23 5.60083 0 -21.0377 -26.6385 # CONTATO
40 31 41 24 0 0 -26.6385 -26.6385 # CONTATO
40 31 41 25 23.1112 0 -3.52732 -26.6385 # CONTATO
0	# todas as componentes
# Superblock 12
1	# numero de blocos no superbloco
0	# numero de nos no grafo
0	# numero de arestas no grafo
0	# cor de maior indice
0	# permutacao que resolveu ou nao a floresta
0	# todas as permutacoes
2	# Numero de segmentos em contato
# cpid1, cpid2, distancia original, distancia atual, com e sem subtrair os raios
41 30 43 31 0 0 -24.5091 -24.5091 # CONTATO
41 31 43 31 8.43227 0 -16.0769 -24.5091 # CONTATO
0	# todas as componentes
# Superblock 13
1	# numero de blocos no superbloco
0	# numero de nos no grafo
0	# numero de arestas no grafo
0	# cor de maior indice
0	# permutacao que resolveu ou nao a floresta
0	# todas as permutacoes
1	# Numero de segmentos em contato
# cpid1, cpid2, distancia original, distancia atual, com e sem subtrair os raios
42 31 43 29 17.8437 0 -6.08903 -23.9327 # CONTATO
0	# todas as componentes
# Superblock 14
1	# numero de blocos no superbloco
0	# numero de nos no grafo
0	# numero de arestas no grafo
0	# cor de maior indice
0	# permutacao que resolveu ou nao a floresta
0	# todas as permutacoes
7	# Numero de segmentos em contato
# cpid1, cpid2, distancia original, distancia atual, com e sem subtrair os raios
43 20 44 20 20.6103 0 -2.29513 -22.9054 # CONTATO
43 21 44 20 13.9955 0 -8.90999 -22.9054 # CONTATO
43 21 44 21 1.76743 0 -21.138 -22.9054 # CONTATO
43 22 44 21 1.76743 0 -21.138 -22.9054 # CONTATO
43 22 44 22 3.79747 0 -19.108 -22.9054 # CONTATO
43 23 44 22 3.79747 0 -19.108 -22.9054 # CONTATO
43 23 44 23 14.4531 0 -8.45231 -22.9054 # CONTATO
0	# todas as componentes
# Superblock 15
1	# numero de blocos no superbloco
0	# numero de nos no grafo
0	# numero de arestas no grafo
0	# cor de maior indice
0	# permutacao que resolveu ou nao a floresta
0	# todas as permutacoes
2	# Numero de segmentos em contato
# cpid1, cpid2, distancia original, distancia atual, com e sem subtrair os raios
48 31 49 30 25.9516 0 -0.0379744 -25.9896 # CONTATO
48 31 49 31 16.2238 0 -9.76571 -25.9896 # CONTATO
0	# todas as componentes
# Superblock 16
2	# numero de blocos no superbloco
0	# numero de nos no grafo
0	# numero de arestas no grafo
0	# cor de maior indice
0	# permutacao que resolveu ou nao a floresta
0	# todas as permutacoes
3	# Numero de segmentos em contato
# cpid1, cpid2, distancia original, distancia atual, com e sem subtrair os raios
51 31 53 30 27.5345 0 -0.011775 -27.5463 # CONTATO
51 31 53 31 6.89461 0 -20.6517 -27.5463 # CONTATO
52 31 53 29 28.4442 0 0.078866 -28.3653 # CONTATO
0	# todas as componentes
# Superblock 17
1	# numero de blocos no superbloco
0	# numero de nos no grafo
0	# numero de arestas no grafo
0	# cor de maior indice
0	# permutacao que resolveu ou nao a floresta
0	# todas as permutacoes
13	# Numero de segmentos em contato
# cpid1, cpid2, distancia original, distancia atual, com e sem subtrair os raios
52 11 53 9 26.7349 0 -1.63046 -28.3653 # CONTATO
52 11 53 10 25.1207 0 -3.24469 -28.3653 # CONTATO
52 12 53 9 28.0727 0 -0.29263 -28.3653 # CONTATO
52 12 53 10 14.621 0 -13.7443 -28.3653 # CONTATO
52 12 53 11 15.0685 0 -13.2968 -28.3653 # CONTATO
52 13 53 10 13.9546 0 -14.4108 -28.3653 # CONTATO
52 13 53 11 9.67386 0 -18.6915 -28.3653 # CONTATO
52 13 53 12 22.4236 0 -5.94175 -28.3653 # CONTATO
52 14 53 11 8.48878 0 -19.8766 -28.3653 # CONTATO
52 14 53 12 8.48878 0 -19.8766 -28.3653 # CONTATO
52 15 53 12 10.8371 0 -17.5283 -28.3653 # CONTATO
52 15 53 13 12.7436 0 -15.6217 -28.3653 # CONTATO
52 16 53 13 19.0046 0 -9.36075 -28.3653 # CONTATO
0	# todas as componentes
# Superblock 18
1	# numero de blocos no superbloco
58	# numero de nos no grafo
247	# numero de arestas no grafo
4	# cor de maior indice
24	# permutacao que resolveu ou nao a floresta
24	# todas as permutacoes
103	# Numero de segmentos em contato
# cpid1, cpid2, distancia original, distancia atual, com e sem subtrair os raios
53 20 54 21 8.05353 29.7355 -20.4415 1.24048
53 20 54 22 3.77276 28.8717 -24.7222 0.376666
53 21 54 21 12.6592 31.2985 -15.8358 2.80347
53 21 54 22 0 28.6241 -28.495 0.129106 # CONTATO
53 21 54 23 5.12296 29.0789 -23.372 0.583928
53 21 55 25 13.9417 30.3035 -13.9058 2.45592
53 21 55 26 11.7679 29.3668 -16.0797 1.51928
53 21 57 21 23.946 59.5632 -6.08587 29.5314
53 22 54 22 23.7011 37.1629 -4.79389 8.66791
53 22 54 23 5.81892 29.2096 -22.6761 0.714576
53 22 54 24 5.59286 29.1654 -22.9021 0.670381
53 22 55 25 14.849 30.7314 -12.9985 2.88388
53 22 55 26 10.5188 28.889 -17.3287 1.04144
53 22 55 27 9.76274 28.6224 -18.0848 0.774801
53 22 57 21 19.7549 58.0054 -10.277 27.9735
53 22 57 22 15.4651 56.6881 -14.5668 26.6562
53 22 57 23 29.7113 62.1058 -0.320533 32.074
53 23 54 24 0 28.6241 -28.495 0.129106 # CONTATO
53 23 54 25 6.52964 29.3594 -21.9654 0.864421
53 23 55 27 9.76274 28.6224 -18.0848 0.774801
53 23 55 28 17.9346 32.3354 -9.91296 4.48784
53 23 57 22 15.4651 56.6881 -14.5668 26.6562
53 23 57 23 20.1334 58.1354 -9.89846 28.1035
53 24 54 25 15.8939 32.7407 -12.6011 4.24571
54 22 55 25 23.5232 60.3069 -1.76962 35.0141
54 23 55 25 22.3932 59.8752 -2.89962 34.5823
54 23 55 26 16.3751 57.8941 -8.91777 32.6012
54 23 55 27 16.4446 57.9138 -8.84827 32.6209
54 23 57 22 23.5057 86.42 -3.97146 58.9428
54 24 55 26 16.3241 57.8797 -8.96878 32.5868
54 24 55 27 14.215 57.3206 -11.0778 32.0277
54 24 55 28 13.8962 57.2424 -11.3967 31.9495
54 24 57 22 19.0506 85.316 -8.42657 57.8389
54 24 57 23 19.0506 85.316 -8.42657 57.8389
54 25 55 27 16.5138 57.9335 -8.77907 32.6406
54 25 55 28 13.8962 57.2424 -11.3967 31.9495
54 25 55 29 14.6485 57.4296 -10.6443 32.1368
54 25 57 22 25.845 87.0854 -1.63218 59.6082
54 25 57 23 19.698 85.4629 -7.77911 57.9858
54 25 57 24 25.7795 87.0659 -1.69769 59.5888
54 26 55 28 24.4281 60.6656 -0.864789 35.3727
54 26 55 29 14.8486 57.481 -10.4442 32.1881
54 26 55 30 16.586 57.9541 -8.70689 32.6612
54 26 57 23 26.9417 87.4171 -0.535406 59.94
54 26 57 24 26.8642 87.3933 -0.612974 59.9161
54 27 55 30 17.6823 58.2773 -7.61057 32.9845
54 27 55 31 19.1084 58.7257 -6.18448 33.4329
54 28 55 31 20.8069 59.3002 -4.48594 34.0073
55 24 57 20 24.873 37.1778 -1.95671 10.3481
55 24 57 21 26.087 38.0007 -0.74273 11.171
55 25 57 20 21.859 35.2326 -4.97066 8.40291
55 25 57 21 13.6555 30.822 -13.1742 3.99226
55 26 57 21 8.56229 28.9281 -18.2674 2.09836
55 26 57 22 7.07685 28.5237 -19.7528 1.694
55 27 57 22 4.54121 28.0025 -22.2885 1.17284
55 27 57 23 4.54121 28.0025 -22.2885 1.17284
55 28 57 22 10.2703 29.4788 -16.5594 2.64907
55 28 57 23 5.17508 28.1123 -21.6546 1.28259
55 28 57 24 16.1639 32.0124 -10.6658 5.18268
55 29 56 30 24.5036 60.696 -0.459824 35.7326
55 29 56 31 24.5279 60.7059 -0.435478 35.7425
55 29 57 23 10.0579 29.4055 -16.7718 2.57577
55 29 57 24 11.0099 29.7445 -15.8198 2.91484
55 30 56 30 24.4924 60.6915 -0.471008 35.7281
55 30 56 31 24.4924 60.6915 -0.471008 35.7281
55 30 57 24 21.8763 35.2433 -4.95344 8.41361
56 22 57 18 20.1098 34.1749 -7.03791 7.02719
56 22 57 19 25.9628 37.9155 -1.18489 10.7678
56 23 57 18 13.925 30.9423 -13.2227 3.79459
56 23 57 19 5.29463 28.1345 -21.8531 0.986846
56 24 57 19 0 27.6319 -27.1477 0.484159
56 24 57 20 5.86011 28.2464 -21.2876 1.09873
56 25 57 19 20.4863 34.3978 -6.6614 7.25009
56 25 57 20 7.76352 28.7018 -19.3842 1.55407
56 25 57 21 18.2642 33.1225 -8.8835 5.9748
56 26 57 20 17.2757 32.5879 -9.872 5.44017
56 26 57 21 18.0714 33.0166 -9.07628 5.8689
56 27 57 21 22.2396 35.47 -4.90813 8.32226
56 27 57 22 23.8396 36.4944 -3.30815 9.34674
56 28 57 22 23.5223 36.4944 -3.62539 9.34674
56 28 57 23 21.6546 58.2865 -5.49309 31.1388
56 29 57 23 14.7656 84.4625 -12.3821 57.3148
56 29 57 24 16.4176 84.7669 -10.7301 57.6192
56 30 57 23 14.0733 84.3443 -13.0744 57.1966
56 30 57 24 1.80196 83.1814 -25.3457 56.0337
56 31 57 24 0 83.1619 -27.1477 56.0142
56 31 57 25 4.22901 83.2693 -22.9187 56.1216
57 13 58 14 26.0621 37.9836 -1.46976 10.4517
57 13 58 15 27.5648 39.03 0.0329752 11.4981
57 14 58 14 25.5921 37.6626 -1.93975 10.1308
57 14 58 15 19.3325 33.7234 -8.19936 6.1915
57 14 58 16 19.9368 34.0734 -7.59508 6.54152
57 15 58 15 19.0612 33.5686 -8.47062 6.03674
57 15 58 16 17.3981 32.6529 -10.1337 5.1211
57 15 58 17 17.4405 32.6756 -10.0913 5.14371
57 16 58 16 17.3246 32.6138 -10.2073 5.08195
57 16 58 17 17.3246 32.6138 -10.2073 5.08195
57 16 58 18 19.5083 33.8245 -8.02351 6.29262
57 17 58 17 19.6711 33.9186 -7.8607 6.38678
57 17 58 18 19.6711 33.9186 -7.8607 6.38678
57 17 58 19 25.1445 37.36 -2.38733 9.82811
57 18 58 18 25.7899 37.7973 -1.74195 10.2655
57 18 58 19 25.7855 37.7943 -1.74634 10.2625
1	# todas as componentes
-1	# condicionamento da matriz de ordem
# Superblock 19
1	# numero de blocos no superbloco
0	# numero de nos no grafo
0	# numero de arestas no grafo
0	# cor de maior indice
0	# permutacao que resolveu ou nao a floresta
0	# todas as permutacoes
1	# Numero de segmentos em contato
# cpid1, cpid2, distancia original, distancia atual, com e sem subtrair os raios
57 31 58 31 25.3305 0 -2.20133 -27.5318 # CONTATO
0	# todas as componentes
# Superblock 20
1	# numero de blocos no superbloco
0	# numero de nos no grafo
0	# numero de arestas no grafo
0	# cor de maior indice
0	# permutacao que resolveu ou nao a floresta
0	# todas as permutacoes
2	# Numero de segmentos em contato
# cpid1, cpid2, distancia original, distancia atual, com e sem subtrair os raios
65 31 67 30 0 0 -24.3319 -24.3319 # CONTATO
65 31 67 31 0.809002 0 -23.5228 -24.3319 # CONTATO
0	# todas as componentes
# Superblock 21
1	# numero de blocos no superbloco
0	# numero de nos no grafo
0	# numero de arestas no grafo
0	# cor de maior indice
0	# permutacao que resolveu ou nao a floresta
0	# todas as permutacoes
24	# Numero de segmentos em contato
# cpid1, cpid2, distancia original, distancia atual, com e sem subtrair os raios
67 22 68 23 26.5445 0 -0.141269 -26.6858 # CONTATO
67 23 68 23 17.8451 0 -8.84061 -26.6858 # CONTATO
67 23 68 24 12.4806 0 -14.2051 -26.6858 # CONTATO
67 24 68 23 26.1266 0 -0.559134 -26.6858 # CONTATO
67 24 68 24 7.5976 0 -19.0881 -26.6858 # CONTATO
67 24 68 25 2.58226 0 -24.1035 -26.6858 # CONTATO
67 25 68 24 24.7639 0 -1.92181 -26.6858 # CONTATO
67 25 68 25 2.58226 0 -24.1035 -26.6858 # CONTATO
67 25 68 26 0.166957 0 -26.5188 -26.6858 # CONTATO
67 26 68 25 26.7216 0 0.0358686 -26.6858 # CONTATO
67 26 68 26 0.166957 0 -26.5188 -26.6858 # CONTATO
67 26 68 27 5.72887 0 -20.9569 -26.6858 # CONTATO
67 27 68 27 6.20781 0 -20.4779 -26.6858 # CONTATO
67 27 68 28 15.3094 0 -11.3763 -26.6858 # CONTATO
67 28 68 28 19.6503 0 -7.03545 -26.6858 # CONTATO
68 20 69 20 27.1505 0 -1.36911 -28.5197 # CONTATO
68 21 69 20 24.2412 0 -4.27848 -28.5197 # CONTATO
68 21 69 21 18.7024 0 -9.81726 -28.5197 # CONTATO
68 22 69 21 18.0818 0 -10.4378 -28.5197 # CONTATO
68 22 69 22 16.3988 0 -12.1208 -28.5197 # CONTATO
68 23 69 22 16.3988 0 -12.1208 -28.5197 # CONTATO
68 23 69 23 18.0546 0 -10.465 -28.5197 # CONTATO
68 24 69 23 19.5545 0 -8.9652 -28.5197 # CONTATO
68 24 69 24 24.3922 0 -4.12748 -28.5197 # CONTATO
0	# todas as componentes
# Superblock 22
1	# numero de blocos no superbloco
0	# numero de nos no grafo
0	# numero de arestas no grafo
0	# cor de maior indice
0	# permutacao que resolveu ou nao a floresta
0	# todas as permutacoes
1	# Numero de segmentos em contato
# cpid1, cpid2, distancia original, distancia atual, com e sem subtrair os raios
69 31 70 30 25.7617 0 0.0614996 -25.7002 # CONTATO
0	# todas as componentes
# Superblock 23
1	# numero de blocos no superbloco
0	# numero de nos no grafo
0	# numero de arestas no grafo
0	# cor de maior indice
0	# permutacao que resolveu ou nao a floresta
0	# todas as permutacoes
2	# Numero de segmentos em contato
# cpid1, cpid2, distancia original, distancia atual, com e sem subtrair os raios
71 30 72 31 21.3082 0 -4.979 -26.2873 # CONTATO
72 31 73 31 11.8889 0 -13.5321 -25.4211 # CONTATO
0	# todas as componentes
